nt, t, solve_time
1, 0.01000, 63.58528
2, 0.02000, 42.32500
3, 0.03000, 56.47637
4, 0.04000, 50.40134
5, 0.05000, 38.07473
6, 0.06000, 29.63609
7, 0.07000, 46.24408
8, 0.08000, 38.30038
9, 0.09000, 32.87376
10, 0.10000, 31.34902
11, 0.11000, 29.96227
12, 0.12000, 42.49095
13, 0.13000, 37.86776
14, 0.14000, 33.05992
15, 0.15000, 29.43776
16, 0.16000, 23.75235
17, 0.17000, 35.51170
18, 0.18000, 43.35641
19, 0.19000, 38.15053
20, 0.20000, 44.70428
21, 0.21000, 52.47170
22, 0.22000, 38.57261
23, 0.23000, 38.33185
24, 0.24000, 46.82590
25, 0.25000, 45.28446
26, 0.26000, 32.11336
27, 0.27000, 36.32697
28, 0.28000, 38.05866
29, 0.29000, 24.04251
30, 0.30000, 29.38905
31, 0.31000, 34.26901
32, 0.32000, 45.83103
33, 0.33000, 28.55003
34, 0.34000, 26.46800
35, 0.35000, 33.07120
36, 0.36000, 19.72956
37, 0.37000, 17.89995
38, 0.38000, 21.10923
39, 0.39000, 24.20660
40, 0.40000, 37.40897
41, 0.41000, 40.90977
42, 0.42000, 24.57459
43, 0.43000, 44.46543
44, 0.44000, 30.41913
45, 0.45000, 29.08034
46, 0.46000, 20.16420
47, 0.47000, 21.69255
48, 0.48000, 26.61860
49, 0.49000, 27.54520
50, 0.50000, 28.78331
51, 0.51000, 20.30786
52, 0.52000, 30.01592
53, 0.53000, 21.19165
54, 0.54000, 17.37944
55, 0.55000, 16.17907
56, 0.56000, 15.15454
57, 0.57000, 13.81173
58, 0.58000, 15.32847
59, 0.59000, 20.62470
60, 0.60000, 11.89698
61, 0.61000, 12.67107
62, 0.62000, 13.89129
63, 0.63000, 12.44835
64, 0.64000, 13.96470
65, 0.65000, 15.42149
66, 0.66000, 21.38682
67, 0.67000, 14.65272
68, 0.68000, 27.51584
69, 0.69000, 26.52700
70, 0.70000, 27.03733
71, 0.71000, 31.78486
72, 0.72000, 23.60575
73, 0.73000, 21.61666
74, 0.74000, 18.22409
75, 0.75000, 25.80787
76, 0.76000, 24.06924
77, 0.77000, 32.25551
78, 0.78000, 22.45349
79, 0.79000, 22.56860
80, 0.80000, 32.64808
81, 0.81000, 38.23156
82, 0.82000, 38.38406
83, 0.83000, 35.64013
84, 0.84000, 27.78680
85, 0.85000, 31.59928
86, 0.86000, 28.65960
87, 0.87000, 31.80849
88, 0.88000, 30.91111
89, 0.89000, 28.39669
90, 0.90000, 28.32144
91, 0.91000, 27.54505
92, 0.92000, 20.94579
93, 0.93000, 29.64050
94, 0.94000, 29.17162
95, 0.95000, 28.04280
96, 0.96000, 36.67177
97, 0.97000, 21.40560
98, 0.98000, 19.14327
99, 0.99000, 20.15672
100, 1.00000, 15.76291
101, 1.01000, 22.93659
102, 1.02000, 33.50024
103, 1.03000, 32.80442
104, 1.04000, 24.47202
105, 1.05000, 32.56067
106, 1.06000, 33.38589
107, 1.07000, 22.91724
108, 1.08000, 26.35293
109, 1.09000, 26.94430
110, 1.10000, 31.78523
111, 1.11000, 29.28715
112, 1.12000, 28.21135
113, 1.13000, 29.70689
114, 1.14000, 22.09653
115, 1.15000, 23.03056
116, 1.16000, 32.39429
117, 1.17000, 35.02656
118, 1.18000, 37.36939
119, 1.19000, 25.91922
120, 1.20000, 32.58930
121, 1.21000, 27.91297
122, 1.22000, 29.81816
123, 1.23000, 31.64611
124, 1.24000, 34.30992
125, 1.25000, 41.74957
126, 1.26000, 42.16057
127, 1.27000, 34.58874
128, 1.28000, 40.28965
129, 1.29000, 35.73801
130, 1.30000, 33.95564
131, 1.31000, 40.50815
132, 1.32000, 24.47034
133, 1.33000, 31.80079
134, 1.34000, 29.37499
135, 1.35000, 39.86353
136, 1.36000, 43.20610
137, 1.37000, 31.44012
138, 1.38000, 27.01233
139, 1.39000, 33.57174
140, 1.40000, 40.23059
141, 1.41000, 35.27164
142, 1.42000, 32.35227
143, 1.43000, 41.67866
144, 1.44000, 36.54496
145, 1.45000, 41.76201
146, 1.46000, 32.14513
147, 1.47000, 36.54661
148, 1.48000, 31.51928
149, 1.49000, 51.36017
150, 1.50000, 42.50292
151, 1.51000, 34.81670
152, 1.52000, 38.37620
153, 1.53000, 37.60105
154, 1.54000, 38.54680
155, 1.55000, 33.39617
156, 1.56000, 20.96436
157, 1.57000, 27.34950
158, 1.58000, 23.57130
159, 1.59000, 29.39700
160, 1.60000, 44.86617
161, 1.61000, 32.16676
162, 1.62000, 31.30898
163, 1.63000, 42.86837
164, 1.64000, 47.00854
165, 1.65000, 38.81710
166, 1.66000, 30.00167
167, 1.67000, 40.29109
168, 1.68000, 25.58175
169, 1.69000, 35.80659
170, 1.70000, 30.17451
171, 1.71000, 35.88475
172, 1.72000, 39.53917
173, 1.73000, 43.78755
174, 1.74000, 31.49952
175, 1.75000, 37.62137
176, 1.76000, 34.70625
177, 1.77000, 34.79647
178, 1.78000, 32.56510
179, 1.79000, 36.54828
180, 1.80000, 35.86860
181, 1.81000, 40.19439
182, 1.82000, 35.58076
183, 1.83000, 51.75171
184, 1.84000, 31.66549
185, 1.85000, 39.48915
186, 1.86000, 43.31721
187, 1.87000, 35.59304
188, 1.88000, 44.02556
189, 1.89000, 43.47865
190, 1.90000, 45.16391
191, 1.91000, 34.12064
192, 1.92000, 33.18556
193, 1.93000, 30.95670
194, 1.94000, 47.04922
195, 1.95000, 43.48835
196, 1.96000, 43.55733
197, 1.97000, 42.00254
198, 1.98000, 27.05382
199, 1.99000, 28.94870
200, 2.00000, 35.26478
201, 2.01000, 38.93772
202, 2.02000, 32.88738
203, 2.03000, 39.23893
204, 2.04000, 35.22261
205, 2.05000, 37.98373
206, 2.06000, 34.74747
207, 2.07000, 39.51820
208, 2.08000, 42.13340
209, 2.09000, 27.06810
210, 2.10000, 26.75649
211, 2.11000, 38.00952
212, 2.12000, 30.43777
213, 2.13000, 27.98606
214, 2.14000, 34.02085
215, 2.15000, 37.67855
216, 2.16000, 31.52702
217, 2.17000, 37.06980
218, 2.18000, 32.25799
219, 2.19000, 23.93167
220, 2.20000, 26.40338
221, 2.21000, 25.29901
222, 2.22000, 32.98794
223, 2.23000, 35.87145
224, 2.24000, 25.22260
225, 2.25000, 29.39822
226, 2.26000, 35.93552
227, 2.27000, 35.69138
228, 2.28000, 39.38337
229, 2.29000, 34.87107
230, 2.30000, 31.89519
231, 2.31000, 23.32412
232, 2.32000, 25.11409
233, 2.33000, 25.94978
234, 2.34000, 31.60290
235, 2.35000, 25.28444
236, 2.36000, 20.28279
237, 2.37000, 23.82776
238, 2.38000, 28.60739
239, 2.39000, 29.86192
240, 2.40000, 31.21204
241, 2.41000, 28.58914
242, 2.42000, 28.57565
243, 2.43000, 35.43016
244, 2.44000, 30.42924
245, 2.45000, 32.18046
246, 2.46000, 39.51285
247, 2.47000, 26.77628
248, 2.48000, 37.29088
249, 2.49000, 41.11873
250, 2.50000, 28.59806
251, 2.51000, 31.72591
252, 2.52000, 36.33178
253, 2.53000, 35.82706
254, 2.54000, 31.28597
255, 2.55000, 29.51029
256, 2.56000, 29.35859
257, 2.57000, 29.11704
258, 2.58000, 27.61937
259, 2.59000, 30.57881
260, 2.60000, 29.48147
261, 2.61000, 34.98794
262, 2.62000, 23.18767
263, 2.63000, 30.88361
264, 2.64000, 30.62206
265, 2.65000, 22.97440
266, 2.66000, 21.93882
267, 2.67000, 27.85026
268, 2.68000, 39.26524
269, 2.69000, 32.68837
270, 2.70000, 31.01480
271, 2.71000, 31.70678
272, 2.72000, 30.36783
273, 2.73000, 25.78377
274, 2.74000, 39.32996
275, 2.75000, 35.77477
276, 2.76000, 27.23744
277, 2.77000, 31.29077
278, 2.78000, 25.02847
279, 2.79000, 24.64375
280, 2.80000, 24.09513
281, 2.81000, 23.12070
282, 2.82000, 24.60552
283, 2.83000, 30.39602
284, 2.84000, 30.35759
285, 2.85000, 30.59615
286, 2.86000, 32.59989
287, 2.87000, 32.64111
288, 2.88000, 32.76540
289, 2.89000, 35.46328
290, 2.90000, 28.96764
291, 2.91000, 29.28545
292, 2.92000, 34.92657
293, 2.93000, 31.23597
294, 2.94000, 28.76448
295, 2.95000, 28.30453
296, 2.96000, 27.95293
297, 2.97000, 33.77837
298, 2.98000, 32.49175
299, 2.99000, 33.24582
300, 3.00000, 28.65301
301, 3.01000, 36.36464
302, 3.02000, 35.99819
303, 3.03000, 36.09563
304, 3.04000, 36.96835
305, 3.05000, 34.22421
306, 3.06000, 38.40950
307, 3.07000, 31.53240
308, 3.08000, 22.80720
309, 3.09000, 21.93944
310, 3.10000, 25.37162
311, 3.11000, 25.20312
312, 3.12000, 18.58309
313, 3.13000, 19.41199
314, 3.14000, 24.18963
315, 3.15000, 31.28952
316, 3.16000, 35.51638
317, 3.17000, 27.57676
318, 3.18000, 31.71667
319, 3.19000, 23.48201
320, 3.20000, 28.95079
321, 3.21000, 33.87379
322, 3.22000, 29.96032
323, 3.23000, 24.01937
324, 3.24000, 25.98046
325, 3.25000, 49.55855
326, 3.26000, 29.16055
327, 3.27000, 22.27676
328, 3.28000, 19.52988
329, 3.29000, 37.66826
330, 3.30000, 30.96744
331, 3.31000, 41.57590
332, 3.32000, 44.38340
333, 3.33000, 45.85343
334, 3.34000, 29.64278
335, 3.35000, 29.79020
336, 3.36000, 31.90397
337, 3.37000, 26.57347
338, 3.38000, 32.84855
339, 3.39000, 31.63957
340, 3.40000, 31.29288
341, 3.41000, 29.83292
342, 3.42000, 33.36669
343, 3.43000, 30.23827
344, 3.44000, 33.40978
345, 3.45000, 28.63011
346, 3.46000, 39.24496
347, 3.47000, 31.11666
348, 3.48000, 37.25983
349, 3.49000, 47.86546
350, 3.50000, 23.83654
351, 3.51000, 40.91954
352, 3.52000, 47.96982
353, 3.53000, 33.07940
354, 3.54000, 27.26395
355, 3.55000, 28.14886
356, 3.56000, 27.40754
357, 3.57000, 31.65119
358, 3.58000, 28.78755
359, 3.59000, 26.51381
360, 3.60000, 26.47709
361, 3.61000, 25.62392
362, 3.62000, 26.62383
363, 3.63000, 32.28079
364, 3.64000, 28.38014
365, 3.65000, 29.14863
366, 3.66000, 31.48189
367, 3.67000, 28.14279
368, 3.68000, 25.44093
369, 3.69000, 24.05857
370, 3.70000, 29.58356
371, 3.71000, 31.18339
372, 3.72000, 32.64817
373, 3.73000, 29.24866
374, 3.74000, 22.46806
375, 3.75000, 19.05350
376, 3.76000, 21.63339
377, 3.77000, 30.42120
378, 3.78000, 31.23720
379, 3.79000, 25.96385
380, 3.80000, 29.28362
381, 3.81000, 24.58808
382, 3.82000, 28.21776
383, 3.83000, 27.84319
384, 3.84000, 27.87110
385, 3.85000, 27.62219
386, 3.86000, 25.28653
387, 3.87000, 29.72608
388, 3.88000, 31.06010
389, 3.89000, 38.68454
390, 3.90000, 30.21174
391, 3.91000, 25.26036
392, 3.92000, 28.70300
393, 3.93000, 21.54822
394, 3.94000, 24.98611
395, 3.95000, 27.57480
396, 3.96000, 33.70677
397, 3.97000, 35.36155
398, 3.98000, 26.65448
399, 3.99000, 22.92937
400, 4.00000, 26.17217
401, 4.01000, 23.59693
402, 4.02000, 25.51183
403, 4.03000, 26.48653
404, 4.04000, 25.43085
405, 4.05000, 30.55330
406, 4.06000, 21.23004
407, 4.07000, 23.79214
408, 4.08000, 23.65560
409, 4.09000, 16.70562
410, 4.10000, 24.52366
411, 4.11000, 33.23140
412, 4.12000, 28.18648
413, 4.13000, 25.63529
414, 4.14000, 31.41252
415, 4.15000, 25.82858
416, 4.16000, 32.73924
417, 4.17000, 35.07016
418, 4.18000, 24.83208
419, 4.19000, 29.08124
420, 4.20000, 36.19496
421, 4.21000, 37.04368
422, 4.22000, 29.95255
423, 4.23000, 20.65646
424, 4.24000, 20.70633
425, 4.25000, 25.93398
426, 4.26000, 25.04169
427, 4.27000, 24.46856
428, 4.28000, 30.99039
429, 4.29000, 28.68567
430, 4.30000, 32.72760
431, 4.31000, 36.90560
432, 4.32000, 21.43170
433, 4.33000, 18.60609
434, 4.34000, 24.99146
435, 4.35000, 33.08281
436, 4.36000, 30.95973
437, 4.37000, 33.73659
438, 4.38000, 28.06327
439, 4.39000, 32.72307
440, 4.40000, 35.10248
441, 4.41000, 23.74141
442, 4.42000, 18.52579
443, 4.43000, 19.97162
444, 4.44000, 26.43450
445, 4.45000, 33.17474
446, 4.46000, 29.28566
447, 4.47000, 34.69094
448, 4.48000, 27.84680
449, 4.49000, 24.13614
450, 4.50000, 29.50118
451, 4.51000, 35.81811
452, 4.52000, 29.50022
453, 4.53000, 33.73745
454, 4.54000, 27.58746
455, 4.55000, 26.13773
456, 4.56000, 30.42355
457, 4.57000, 17.72746
458, 4.58000, 18.94348
459, 4.59000, 18.22276
460, 4.60000, 28.02161
461, 4.61000, 27.50397
462, 4.62000, 27.76047
463, 4.63000, 33.89828
464, 4.64000, 32.03048
465, 4.65000, 27.81823
466, 4.66000, 27.75870
467, 4.67000, 29.39970
468, 4.68000, 36.98127
469, 4.69000, 27.77256
470, 4.70000, 30.69043
471, 4.71000, 24.03275
472, 4.72000, 23.49077
473, 4.73000, 23.46681
474, 4.74000, 19.23172
475, 4.75000, 22.56718
476, 4.76000, 22.15007
477, 4.77000, 18.87398
478, 4.78000, 24.68083
479, 4.79000, 28.27235
480, 4.80000, 35.09707
481, 4.81000, 33.25897
482, 4.82000, 32.19523
483, 4.83000, 36.17080
484, 4.84000, 37.68937
485, 4.85000, 37.29239
486, 4.86000, 29.42888
487, 4.87000, 34.05278
488, 4.88000, 34.82758
489, 4.89000, 20.76143
490, 4.90000, 25.99283
491, 4.91000, 28.33722
492, 4.92000, 26.29495
493, 4.93000, 19.81268
494, 4.94000, 39.36626
495, 4.95000, 33.03273
496, 4.96000, 28.57852
497, 4.97000, 30.56629
498, 4.98000, 28.47641
499, 4.99000, 31.29033
500, 5.00000, 25.97197
501, 5.01000, 29.80976
502, 5.02000, 30.74849
503, 5.03000, 34.93769
504, 5.04000, 28.45031
505, 5.05000, 28.43766
506, 5.06000, 18.99195
507, 5.07000, 19.55254
508, 5.08000, 27.96562
509, 5.09000, 25.85796
510, 5.10000, 25.68065
511, 5.11000, 34.78092
512, 5.12000, 30.69516
513, 5.13000, 34.54771
514, 5.14000, 23.64025
515, 5.15000, 27.69395
516, 5.16000, 23.98554
517, 5.17000, 27.38777
518, 5.18000, 27.38030
519, 5.19000, 31.61939
520, 5.20000, 34.42518
521, 5.21000, 29.35141
522, 5.22000, 26.86813
523, 5.23000, 23.95115
524, 5.24000, 22.80838
525, 5.25000, 29.43620
526, 5.26000, 32.38005
527, 5.27000, 32.74962
528, 5.28000, 35.02393
529, 5.29000, 30.87779
530, 5.30000, 36.91361
531, 5.31000, 37.49578
532, 5.32000, 25.71362
533, 5.33000, 25.28342
534, 5.34000, 22.62273
535, 5.35000, 27.73728
536, 5.36000, 28.63294
537, 5.37000, 29.80883
538, 5.38000, 32.92206
539, 5.39000, 22.47329
540, 5.40000, 30.53278
541, 5.41000, 28.26609
542, 5.42000, 20.29857
543, 5.43000, 21.30361
544, 5.44000, 23.82603
545, 5.45000, 21.54229
546, 5.46000, 22.46496
547, 5.47000, 22.71138
548, 5.48000, 22.68215
549, 5.49000, 23.43166
550, 5.50000, 23.91283
551, 5.51000, 30.52971
552, 5.52000, 26.73548
553, 5.53000, 23.42906
554, 5.54000, 21.01742
555, 5.55000, 17.43520
556, 5.56000, 24.46791
557, 5.57000, 24.64906
558, 5.58000, 24.80169
559, 5.59000, 30.03522
560, 5.60000, 35.39045
561, 5.61000, 27.62942
562, 5.62000, 25.35502
563, 5.63000, 28.91668
564, 5.64000, 33.31971
565, 5.65000, 31.31636
566, 5.66000, 29.07339
567, 5.67000, 24.89936
568, 5.68000, 31.89077
569, 5.69000, 38.01837
570, 5.70000, 37.43872
571, 5.71000, 26.97417
572, 5.72000, 27.30613
573, 5.73000, 24.73389
574, 5.74000, 25.78352
575, 5.75000, 22.10143
576, 5.76000, 23.00489
577, 5.77000, 27.49308
578, 5.78000, 32.52378
579, 5.79000, 31.09664
580, 5.80000, 30.94315
581, 5.81000, 33.63574
582, 5.82000, 26.65319
583, 5.83000, 27.69717
584, 5.84000, 28.22431
585, 5.85000, 28.88389
586, 5.86000, 31.10756
587, 5.87000, 29.49114
588, 5.88000, 28.14665
589, 5.89000, 29.26662
590, 5.90000, 26.35099
591, 5.91000, 24.60370
592, 5.92000, 28.57344
593, 5.93000, 34.85672
594, 5.94000, 32.13065
595, 5.95000, 21.73049
596, 5.96000, 25.00636
597, 5.97000, 26.88500
598, 5.98000, 35.22290
599, 5.99000, 32.48993
600, 6.00000, 34.79417
601, 6.01000, 29.93621
602, 6.02000, 31.60463
603, 6.03000, 28.19130
604, 6.04000, 30.10953
605, 6.05000, 28.94030
606, 6.06000, 23.00906
607, 6.07000, 24.29258
608, 6.08000, 29.14512
609, 6.09000, 34.63202
610, 6.10000, 26.02693
611, 6.11000, 23.28153
612, 6.12000, 27.63155
613, 6.13000, 28.79997
614, 6.14000, 29.05091
615, 6.15000, 28.16780
616, 6.16000, 22.21873
617, 6.17000, 18.39485
618, 6.18000, 31.30599
619, 6.19000, 26.58047
620, 6.20000, 28.27468
621, 6.21000, 28.35282
622, 6.22000, 18.52277
623, 6.23000, 20.63718
624, 6.24000, 23.97940
625, 6.25000, 27.27918
626, 6.26000, 35.16843
627, 6.27000, 28.23898
628, 6.28000, 27.25116
629, 6.29000, 23.20258
630, 6.30000, 36.71597
631, 6.31000, 27.59820
632, 6.32000, 24.20788
633, 6.33000, 25.67043
634, 6.34000, 30.21469
635, 6.35000, 34.56955
636, 6.36000, 26.36647
637, 6.37000, 34.53363
638, 6.38000, 23.52953
639, 6.39000, 17.21749
640, 6.40000, 22.75571
641, 6.41000, 21.62379
642, 6.42000, 28.38580
643, 6.43000, 25.67432
644, 6.44000, 32.48007
645, 6.45000, 35.05652
646, 6.46000, 25.24626
647, 6.47000, 32.70536
648, 6.48000, 34.88277
649, 6.49000, 24.74741
650, 6.50000, 34.41958
651, 6.51000, 37.27917
652, 6.52000, 35.42685
653, 6.53000, 30.21241
654, 6.54000, 26.25256
655, 6.55000, 22.18285
656, 6.56000, 23.02769
657, 6.57000, 22.96883
658, 6.58000, 24.60863
659, 6.59000, 29.43563
660, 6.60000, 36.13670
661, 6.61000, 26.08917
662, 6.62000, 30.57972
663, 6.63000, 30.16754
664, 6.64000, 25.31689
665, 6.65000, 32.84170
666, 6.66000, 33.03354
667, 6.67000, 37.08204
668, 6.68000, 32.64395
669, 6.69000, 31.00872
670, 6.70000, 18.59668
671, 6.71000, 16.15852
672, 6.72000, 20.05396
673, 6.73000, 17.29888
674, 6.74000, 27.42686
675, 6.75000, 35.19160
676, 6.76000, 36.86080
677, 6.77000, 25.26049
678, 6.78000, 28.35339
679, 6.79000, 31.62090
680, 6.80000, 34.40563
681, 6.81000, 27.83043
682, 6.82000, 27.53124
683, 6.83000, 32.32868
684, 6.84000, 19.82320
685, 6.85000, 25.62377
686, 6.86000, 22.07332
687, 6.87000, 18.74443
688, 6.88000, 21.40637
689, 6.89000, 26.13596
690, 6.90000, 20.43267
691, 6.91000, 27.77479
692, 6.92000, 31.88762
693, 6.93000, 38.67610
694, 6.94000, 32.80871
695, 6.95000, 34.30972
696, 6.96000, 31.93502
697, 6.97000, 26.50517
698, 6.98000, 27.16081
699, 6.99000, 25.40937
700, 7.00000, 32.00760
701, 7.01000, 38.49709
702, 7.02000, 35.82906
703, 7.03000, 25.23386
704, 7.04000, 28.08135
705, 7.05000, 22.75228
706, 7.06000, 21.85063
707, 7.07000, 22.81593
708, 7.08000, 32.64128
709, 7.09000, 29.79251
710, 7.10000, 30.90134
711, 7.11000, 36.00911
712, 7.12000, 36.37999
713, 7.13000, 29.09833
714, 7.14000, 24.67577
715, 7.15000, 35.66989
716, 7.16000, 29.16144
717, 7.17000, 28.79010
718, 7.18000, 29.86944
719, 7.19000, 27.19026
720, 7.20000, 20.61156
721, 7.21000, 22.56624
722, 7.22000, 22.63284
723, 7.23000, 27.48759
724, 7.24000, 32.43239
725, 7.25000, 28.01226
726, 7.26000, 37.39532
727, 7.27000, 30.02372
728, 7.28000, 26.05751
729, 7.29000, 23.79535
730, 7.30000, 26.72403
731, 7.31000, 28.01913
732, 7.32000, 29.89366
733, 7.33000, 30.16811
734, 7.34000, 35.90231
735, 7.35000, 38.29843
736, 7.36000, 26.19850
737, 7.37000, 27.91316
738, 7.38000, 24.59411
739, 7.39000, 25.55991
740, 7.40000, 28.43054
741, 7.41000, 29.67978
742, 7.42000, 37.14337
743, 7.43000, 29.59020
744, 7.44000, 22.56586
745, 7.45000, 32.47524
746, 7.46000, 32.54833
747, 7.47000, 38.78407
748, 7.48000, 33.10648
749, 7.49000, 23.74271
750, 7.50000, 30.38520
751, 7.51000, 29.65983
752, 7.52000, 23.92161
753, 7.53000, 28.04912
754, 7.54000, 20.49496
755, 7.55000, 30.05955
756, 7.56000, 37.30125
757, 7.57000, 24.92339
758, 7.58000, 25.29125
759, 7.59000, 26.82898
760, 7.60000, 24.75204
761, 7.61000, 23.16258
762, 7.62000, 21.08337
763, 7.63000, 20.69543
764, 7.64000, 26.59321
765, 7.65000, 26.18929
766, 7.66000, 31.86033
767, 7.67000, 33.08113
768, 7.68000, 30.96941
769, 7.69000, 23.89826
770, 7.70000, 19.60826
771, 7.71000, 25.96357
772, 7.72000, 22.48379
773, 7.73000, 25.33169
774, 7.74000, 32.43394
775, 7.75000, 26.48910
776, 7.76000, 28.03234
777, 7.77000, 22.51163
778, 7.78000, 36.10565
779, 7.79000, 36.71445
780, 7.80000, 34.27870
781, 7.81000, 34.19428
782, 7.82000, 29.49693
783, 7.83000, 23.15907
784, 7.84000, 26.34377
785, 7.85000, 27.62003
786, 7.86000, 40.84254
787, 7.87000, 24.82868
788, 7.88000, 31.53306
789, 7.89000, 36.39824
790, 7.90000, 33.87656
791, 7.91000, 32.44315
792, 7.92000, 34.49781
793, 7.93000, 35.87943
794, 7.94000, 30.22255
795, 7.95000, 25.01107
796, 7.96000, 26.48812
797, 7.97000, 36.54707
798, 7.98000, 31.78504
799, 7.99000, 37.36982
800, 8.00000, 35.78385
801, 8.01000, 29.85818
802, 8.02000, 22.80183
803, 8.03000, 24.45638
804, 8.04000, 25.77707
805, 8.05000, 22.40266
806, 8.06000, 31.20605
807, 8.07000, 33.00084
808, 8.08000, 36.46521
809, 8.09000, 23.65212
810, 8.10000, 29.54879
811, 8.11000, 34.39551
812, 8.12000, 31.24380
813, 8.13000, 33.34637
814, 8.14000, 33.36786
815, 8.15000, 28.71235
816, 8.16000, 22.27977
817, 8.17000, 20.60595
818, 8.18000, 14.96850
819, 8.19000, 27.14742
820, 8.20000, 28.47320
821, 8.21000, 28.24165
822, 8.22000, 28.00649
823, 8.23000, 29.72866
824, 8.24000, 31.78234
825, 8.25000, 32.36191
826, 8.26000, 21.82336
827, 8.27000, 27.25325
828, 8.28000, 30.07882
829, 8.29000, 26.49384
830, 8.30000, 29.09427
831, 8.31000, 25.71577
832, 8.32000, 37.60986
833, 8.33000, 36.26732
834, 8.34000, 31.34147
835, 8.35000, 21.93944
836, 8.36000, 16.45715
837, 8.37000, 15.61297
838, 8.38000, 20.51666
839, 8.39000, 26.47453
840, 8.40000, 31.51797
841, 8.41000, 28.26408
842, 8.42000, 26.84426
843, 8.43000, 27.66598
844, 8.44000, 28.84171
845, 8.45000, 29.67146
846, 8.46000, 38.66938
847, 8.47000, 29.44488
848, 8.48000, 26.34530
849, 8.49000, 34.29612
850, 8.50000, 32.50967
851, 8.51000, 24.57176
852, 8.52000, 23.89290
853, 8.53000, 21.87606
854, 8.54000, 24.41807
855, 8.55000, 31.88219
856, 8.56000, 25.71932
857, 8.57000, 31.09654
858, 8.58000, 29.61237
859, 8.59000, 32.21836
860, 8.60000, 25.27136
861, 8.61000, 25.56419
862, 8.62000, 35.76135
863, 8.63000, 26.50304
864, 8.64000, 25.53761
865, 8.65000, 29.71872
866, 8.66000, 27.78895
867, 8.67000, 22.85188
868, 8.68000, 20.71574
869, 8.69000, 27.82683
870, 8.70000, 29.18335
871, 8.71000, 25.98788
872, 8.72000, 31.63830
873, 8.73000, 36.61659
874, 8.74000, 30.74389
875, 8.75000, 32.69273
876, 8.76000, 24.95980
877, 8.77000, 36.70447
878, 8.78000, 34.49408
879, 8.79000, 29.56799
880, 8.80000, 28.56878
881, 8.81000, 35.21156
882, 8.82000, 25.76186
883, 8.83000, 16.68782
884, 8.84000, 20.01731
885, 8.85000, 19.95474
886, 8.86000, 19.41845
887, 8.87000, 23.10925
888, 8.88000, 39.54856
889, 8.89000, 30.89338
890, 8.90000, 28.81683
891, 8.91000, 30.58152
892, 8.92000, 42.96702
893, 8.93000, 34.93212
894, 8.94000, 26.96157
895, 8.95000, 20.67516
896, 8.96000, 19.45787
897, 8.97000, 32.88785
898, 8.98000, 35.12452
899, 8.99000, 26.04605
900, 9.00000, 28.70490
901, 9.01000, 26.76383
902, 9.02000, 21.86193
903, 9.03000, 16.57855
904, 9.04000, 13.23255
905, 9.05000, 21.44588
906, 9.06000, 21.16980
907, 9.07000, 18.92591
908, 9.08000, 26.31418
909, 9.09000, 34.08858
910, 9.10000, 25.13838
911, 9.11000, 23.72189
912, 9.12000, 22.26160
913, 9.13000, 26.37796
914, 9.14000, 31.33453
915, 9.15000, 29.39448
916, 9.16000, 24.02103
917, 9.17000, 20.65186
918, 9.18000, 17.98084
919, 9.19000, 14.60594
920, 9.20000, 20.14753
921, 9.21000, 25.80926
922, 9.22000, 31.14936
923, 9.23000, 30.09749
924, 9.24000, 36.65458
925, 9.25000, 24.85864
926, 9.26000, 30.38961
927, 9.27000, 26.72723
928, 9.28000, 35.31593
929, 9.29000, 32.50541
930, 9.30000, 27.10744
931, 9.31000, 25.93627
932, 9.32000, 31.64044
933, 9.33000, 22.66289
934, 9.34000, 24.17157
935, 9.35000, 23.48860
936, 9.36000, 31.20863
937, 9.37000, 27.42536
938, 9.38000, 30.92065
939, 9.39000, 30.04376
940, 9.40000, 19.71523
941, 9.41000, 21.25319
942, 9.42000, 20.98303
943, 9.43000, 28.88939
944, 9.44000, 36.83344
945, 9.45000, 32.94419
946, 9.46000, 31.27624
947, 9.47000, 31.31349
948, 9.48000, 24.70697
949, 9.49000, 19.30405
950, 9.50000, 21.77356
951, 9.51000, 24.75111
952, 9.52000, 32.18480
953, 9.53000, 37.50880
954, 9.54000, 37.46297
955, 9.55000, 30.44385
956, 9.56000, 33.29484
957, 9.57000, 35.36042
958, 9.58000, 40.42324
959, 9.59000, 23.48488
960, 9.60000, 23.72675
961, 9.61000, 27.19127
962, 9.62000, 25.18714
963, 9.63000, 32.29968
964, 9.64000, 40.93858
965, 9.65000, 30.51072
966, 9.66000, 21.12426
967, 9.67000, 24.19156
968, 9.68000, 26.98158
969, 9.69000, 25.86593
970, 9.70000, 25.93572
971, 9.71000, 31.20614
972, 9.72000, 35.16523
973, 9.73000, 36.72702
974, 9.74000, 38.25550
975, 9.75000, 30.99054
976, 9.76000, 29.57467
977, 9.77000, 31.52956
978, 9.78000, 26.81628
979, 9.79000, 34.19094
980, 9.80000, 28.07615
981, 9.81000, 31.27504
982, 9.82000, 28.48348
983, 9.83000, 25.04576
984, 9.84000, 15.29710
985, 9.85000, 20.38468
986, 9.86000, 24.76726
987, 9.87000, 31.22398
988, 9.88000, 32.64861
989, 9.89000, 28.34270
990, 9.90000, 28.04603
991, 9.91000, 31.55009
992, 9.92000, 31.42202
993, 9.93000, 24.99108
994, 9.94000, 25.70138
995, 9.95000, 24.89904
996, 9.96000, 23.07556
997, 9.97000, 31.46110
998, 9.98000, 27.61601
999, 9.99000, 22.56316
1000, 10.00000, 24.87274
1001, 10.01000, 23.86032
1002, 10.02000, 27.07419
1003, 10.03000, 31.78979
1004, 10.04000, 30.41957
1005, 10.05000, 28.80021
1006, 10.06000, 28.27378
1007, 10.07000, 29.54924
1008, 10.08000, 29.79958
1009, 10.09000, 33.86893
1010, 10.10000, 30.29688
1011, 10.11000, 28.04443
1012, 10.12000, 36.85343
1013, 10.13000, 31.08259
1014, 10.14000, 26.70471
1015, 10.15000, 23.13456
1016, 10.16000, 31.61036
1017, 10.17000, 25.63368
1018, 10.18000, 22.83860
1019, 10.19000, 29.08460
1020, 10.20000, 27.55370
1021, 10.21000, 25.29244
1022, 10.22000, 28.23003
1023, 10.23000, 30.87470
1024, 10.24000, 36.61529
1025, 10.25000, 26.13752
1026, 10.26000, 25.82420
1027, 10.27000, 28.61704
1028, 10.28000, 28.19581
1029, 10.29000, 27.05084
1030, 10.30000, 35.28152
1031, 10.31000, 33.95065
1032, 10.32000, 24.93311
1033, 10.33000, 23.65313
1034, 10.34000, 19.64514
1035, 10.35000, 22.71178
1036, 10.36000, 29.16695
1037, 10.37000, 29.35962
1038, 10.38000, 32.13622
1039, 10.39000, 35.19393
1040, 10.40000, 29.73868
1041, 10.41000, 34.10021
1042, 10.42000, 35.18554
1043, 10.43000, 28.84138
1044, 10.44000, 27.63332
1045, 10.45000, 35.86626
1046, 10.46000, 31.33472
1047, 10.47000, 35.36059
1048, 10.48000, 27.69821
1049, 10.49000, 26.19201
1050, 10.50000, 27.17216
1051, 10.51000, 25.36367
1052, 10.52000, 20.86069
1053, 10.53000, 21.09534
1054, 10.54000, 18.24758
1055, 10.55000, 23.50893
1056, 10.56000, 33.80700
1057, 10.57000, 35.47489
1058, 10.58000, 29.27187
1059, 10.59000, 28.11299
1060, 10.60000, 22.41708
1061, 10.61000, 23.91325
1062, 10.62000, 27.12390
1063, 10.63000, 32.85577
1064, 10.64000, 24.26334
1065, 10.65000, 25.04704
1066, 10.66000, 21.67686
1067, 10.67000, 21.94001
1068, 10.68000, 20.38825
1069, 10.69000, 27.15398
1070, 10.70000, 27.85649
1071, 10.71000, 20.94810
1072, 10.72000, 21.68597
1073, 10.73000, 24.40606
1074, 10.74000, 27.13648
1075, 10.75000, 27.36934
1076, 10.76000, 34.55559
1077, 10.77000, 27.13562
1078, 10.78000, 23.21950
1079, 10.79000, 21.77510
1080, 10.80000, 27.49488
1081, 10.81000, 20.27034
1082, 10.82000, 25.21021
1083, 10.83000, 24.46826
1084, 10.84000, 28.33413
1085, 10.85000, 34.98534
1086, 10.86000, 38.53710
1087, 10.87000, 27.69219
1088, 10.88000, 23.50195
1089, 10.89000, 19.83608
1090, 10.90000, 23.90983
1091, 10.91000, 26.02300
1092, 10.92000, 31.19384
1093, 10.93000, 26.29261
1094, 10.94000, 19.76660
1095, 10.95000, 26.64851
1096, 10.96000, 36.62424
1097, 10.97000, 24.41838
1098, 10.98000, 21.47690
1099, 10.99000, 22.56808
1100, 11.00000, 22.78519
1101, 11.01000, 23.19960
1102, 11.02000, 28.14921
1103, 11.03000, 25.60684
1104, 11.04000, 28.39967
1105, 11.05000, 31.57810
1106, 11.06000, 27.84298
1107, 11.07000, 32.00509
1108, 11.08000, 32.74618
1109, 11.09000, 27.92638
1110, 11.10000, 21.55453
1111, 11.11000, 17.34718
1112, 11.12000, 30.86001
1113, 11.13000, 30.63119
1114, 11.14000, 28.51701
1115, 11.15000, 20.51102
1116, 11.16000, 16.47811
1117, 11.17000, 20.35554
1118, 11.18000, 25.77135
1119, 11.19000, 33.58532
1120, 11.20000, 27.40358
1121, 11.21000, 26.24275
1122, 11.22000, 26.43869
1123, 11.23000, 32.53901
1124, 11.24000, 21.82429
1125, 11.25000, 32.07506
1126, 11.26000, 32.95713
1127, 11.27000, 31.70137
1128, 11.28000, 24.94691
1129, 11.29000, 26.02895
1130, 11.30000, 28.81473
1131, 11.31000, 27.62940
1132, 11.32000, 27.74089
1133, 11.33000, 25.17187
1134, 11.34000, 22.48166
1135, 11.35000, 34.57671
1136, 11.36000, 30.42522
1137, 11.37000, 27.02359
1138, 11.38000, 27.61714
1139, 11.39000, 20.85144
1140, 11.40000, 20.07464
1141, 11.41000, 20.52297
1142, 11.42000, 24.45035
1143, 11.43000, 31.15196
1144, 11.44000, 30.34357
1145, 11.45000, 19.96000
1146, 11.46000, 20.31071
1147, 11.47000, 19.66875
1148, 11.48000, 19.39056
1149, 11.49000, 23.63907
1150, 11.50000, 33.82352
1151, 11.51000, 34.98464
1152, 11.52000, 28.14794
1153, 11.53000, 20.11530
1154, 11.54000, 33.21121
1155, 11.55000, 28.83017
1156, 11.56000, 25.22234
1157, 11.57000, 31.35416
1158, 11.58000, 29.88372
1159, 11.59000, 24.41976
1160, 11.60000, 21.45897
1161, 11.61000, 22.32020
1162, 11.62000, 24.04159
1163, 11.63000, 32.28324
1164, 11.64000, 29.22601
1165, 11.65000, 32.24815
1166, 11.66000, 29.27692
1167, 11.67000, 32.49986
1168, 11.68000, 29.11073
1169, 11.69000, 32.98211
1170, 11.70000, 27.97649
1171, 11.71000, 34.07007
1172, 11.72000, 31.84133
1173, 11.73000, 34.11528
1174, 11.74000, 32.49836
1175, 11.75000, 32.18992
1176, 11.76000, 29.76228
1177, 11.77000, 23.33711
1178, 11.78000, 20.98208
1179, 11.79000, 20.99963
1180, 11.80000, 23.37329
1181, 11.81000, 21.96314
1182, 11.82000, 24.28215
1183, 11.83000, 30.01748
1184, 11.84000, 32.81185
1185, 11.85000, 26.78313
1186, 11.86000, 22.76809
1187, 11.87000, 31.58783
1188, 11.88000, 29.61339
1189, 11.89000, 24.79213
1190, 11.90000, 28.28517
1191, 11.91000, 30.47725
1192, 11.92000, 27.06720
1193, 11.93000, 27.81783
1194, 11.94000, 29.13275
1195, 11.95000, 27.19003
1196, 11.96000, 27.92880
1197, 11.97000, 26.99672
1198, 11.98000, 24.55790
1199, 11.99000, 26.85416
1200, 12.00000, 29.61170
1201, 12.01000, 30.67810
1202, 12.02000, 33.78600
1203, 12.03000, 34.09135
1204, 12.04000, 30.50138
1205, 12.05000, 38.51832
1206, 12.06000, 28.63395
1207, 12.07000, 25.06337
1208, 12.08000, 29.72949
1209, 12.09000, 30.49321
1210, 12.10000, 25.84881
1211, 12.11000, 31.41306
1212, 12.12000, 19.61555
1213, 12.13000, 28.10518
1214, 12.14000, 21.58380
1215, 12.15000, 20.63370
1216, 12.16000, 31.05506
1217, 12.17000, 29.55740
1218, 12.18000, 31.11958
1219, 12.19000, 24.48528
1220, 12.20000, 34.57389
1221, 12.21000, 29.97194
1222, 12.22000, 29.72710
1223, 12.23000, 22.88705
1224, 12.24000, 22.74322
1225, 12.25000, 29.27541
1226, 12.26000, 34.10287
1227, 12.27000, 33.78966
1228, 12.28000, 25.10848
1229, 12.29000, 27.82219
1230, 12.30000, 21.47430
1231, 12.31000, 23.30780
1232, 12.32000, 22.76737
1233, 12.33000, 33.97902
1234, 12.34000, 33.03547
1235, 12.35000, 30.30796
1236, 12.36000, 31.14320
1237, 12.37000, 26.43369
1238, 12.38000, 26.54475
1239, 12.39000, 24.73564
1240, 12.40000, 31.41126
1241, 12.41000, 34.19136
1242, 12.42000, 28.81329
1243, 12.43000, 27.74221
1244, 12.44000, 25.79304
1245, 12.45000, 25.33384
1246, 12.46000, 25.25161
1247, 12.47000, 21.62436
1248, 12.48000, 18.92813
1249, 12.49000, 26.98259
1250, 12.50000, 32.67178
1251, 12.51000, 31.71323
1252, 12.52000, 29.81766
1253, 12.53000, 31.48241
1254, 12.54000, 25.20586
1255, 12.55000, 30.24613
1256, 12.56000, 30.97624
1257, 12.57000, 30.42842
1258, 12.58000, 30.35255
1259, 12.59000, 29.65759
1260, 12.60000, 27.31587
1261, 12.61000, 30.83552
1262, 12.62000, 26.05434
1263, 12.63000, 25.78057
1264, 12.64000, 27.40052
1265, 12.65000, 22.98814
1266, 12.66000, 24.65757
1267, 12.67000, 32.09448
1268, 12.68000, 26.23717
1269, 12.69000, 25.68225
1270, 12.70000, 21.16074
1271, 12.71000, 22.04159
1272, 12.72000, 24.10758
1273, 12.73000, 24.81386
1274, 12.74000, 34.16704
1275, 12.75000, 33.42827
1276, 12.76000, 24.91983
1277, 12.77000, 20.44761
1278, 12.78000, 20.14624
1279, 12.79000, 19.48205
1280, 12.80000, 26.40664
1281, 12.81000, 21.50622
1282, 12.82000, 27.38928
1283, 12.83000, 27.08009
1284, 12.84000, 24.44475
1285, 12.85000, 22.37106
1286, 12.86000, 20.55596
1287, 12.87000, 27.31929
1288, 12.88000, 29.60488
1289, 12.89000, 28.01665
1290, 12.90000, 24.79643
1291, 12.91000, 28.80281
1292, 12.92000, 29.26209
1293, 12.93000, 33.04917
1294, 12.94000, 28.47715
1295, 12.95000, 27.66718
1296, 12.96000, 22.05371
1297, 12.97000, 23.49911
1298, 12.98000, 23.31651
1299, 12.99000, 29.37657
1300, 13.00000, 25.44236
1301, 13.01000, 29.20919
1302, 13.02000, 30.28286
1303, 13.03000, 28.37427
1304, 13.04000, 32.26156
1305, 13.05000, 29.29599
1306, 13.06000, 29.05400
1307, 13.07000, 30.18121
1308, 13.08000, 28.72078
1309, 13.09000, 34.29011
1310, 13.10000, 27.24326
1311, 13.11000, 24.59286
1312, 13.12000, 25.63058
1313, 13.13000, 32.43639
1314, 13.14000, 38.35197
1315, 13.15000, 29.17201
1316, 13.16000, 27.17720
1317, 13.17000, 35.86841
1318, 13.18000, 28.75477
1319, 13.19000, 31.57112
1320, 13.20000, 27.68900
1321, 13.21000, 32.82711
1322, 13.22000, 27.68077
1323, 13.23000, 32.19116
1324, 13.24000, 31.65812
1325, 13.25000, 35.74650
1326, 13.26000, 36.88713
1327, 13.27000, 20.10274
1328, 13.28000, 19.69753
1329, 13.29000, 18.70974
1330, 13.30000, 17.00651
1331, 13.31000, 22.96443
1332, 13.32000, 28.56110
1333, 13.33000, 22.94109
1334, 13.34000, 21.16067
1335, 13.35000, 31.14265
1336, 13.36000, 33.19715
1337, 13.37000, 32.46423
1338, 13.38000, 27.40999
1339, 13.39000, 28.77727
1340, 13.40000, 29.02345
1341, 13.41000, 21.66995
1342, 13.42000, 28.73858
1343, 13.43000, 20.39589
1344, 13.44000, 19.43312
1345, 13.45000, 17.65443
1346, 13.46000, 24.19386
1347, 13.47000, 30.67874
1348, 13.48000, 28.43530
1349, 13.49000, 33.49276
1350, 13.50000, 33.38307
1351, 13.51000, 29.71196
1352, 13.52000, 34.18483
1353, 13.53000, 27.78120
1354, 13.54000, 21.38005
1355, 13.55000, 29.25945
1356, 13.56000, 30.96027
1357, 13.57000, 30.27022
1358, 13.58000, 31.37069
1359, 13.59000, 30.20335
1360, 13.60000, 18.89258
1361, 13.61000, 16.13564
1362, 13.62000, 19.20125
1363, 13.63000, 21.03867
1364, 13.64000, 25.66743
1365, 13.65000, 32.10468
1366, 13.66000, 28.06637
1367, 13.67000, 32.33347
1368, 13.68000, 32.24132
1369, 13.69000, 36.58563
1370, 13.70000, 25.63939
1371, 13.71000, 27.33909
1372, 13.72000, 26.18479
1373, 13.73000, 30.67489
1374, 13.74000, 28.16091
1375, 13.75000, 23.31552
1376, 13.76000, 20.48351
1377, 13.77000, 24.29753
1378, 13.78000, 26.29488
1379, 13.79000, 23.97774
1380, 13.80000, 27.05578
1381, 13.81000, 31.78158
1382, 13.82000, 32.16826
1383, 13.83000, 22.10664
1384, 13.84000, 22.99374
1385, 13.85000, 27.73316
1386, 13.86000, 27.32497
1387, 13.87000, 28.45945
1388, 13.88000, 21.24832
1389, 13.89000, 24.38330
1390, 13.90000, 26.52431
1391, 13.91000, 29.73502
1392, 13.92000, 33.41782
1393, 13.93000, 25.41257
1394, 13.94000, 19.91019
1395, 13.95000, 19.33812
1396, 13.96000, 21.04445
1397, 13.97000, 24.71396
1398, 13.98000, 34.55472
1399, 13.99000, 24.21756
1400, 14.00000, 20.47439
1401, 14.01000, 26.73336
1402, 14.02000, 28.39522
1403, 14.03000, 27.23895
1404, 14.04000, 31.39773
1405, 14.05000, 36.10710
1406, 14.06000, 30.81272
1407, 14.07000, 35.06778
1408, 14.08000, 29.71161
1409, 14.09000, 21.77094
1410, 14.10000, 38.32844
1411, 14.11000, 26.83102
1412, 14.12000, 25.15295
1413, 14.13000, 29.88003
1414, 14.14000, 30.36244
1415, 14.15000, 25.41406
1416, 14.16000, 30.76354
1417, 14.17000, 31.98226
1418, 14.18000, 26.42637
1419, 14.19000, 29.07317
1420, 14.20000, 28.30901
1421, 14.21000, 25.51572
1422, 14.22000, 20.80335
1423, 14.23000, 27.98541
1424, 14.24000, 26.51947
1425, 14.25000, 23.67896
1426, 14.26000, 16.77923
1427, 14.27000, 24.85376
1428, 14.28000, 22.68727
1429, 14.29000, 21.54998
1430, 14.30000, 39.24811
1431, 14.31000, 39.58604
1432, 14.32000, 36.48357
1433, 14.33000, 33.74773
1434, 14.34000, 27.84721
1435, 14.35000, 26.47070
1436, 14.36000, 26.27513
1437, 14.37000, 25.16273
1438, 14.38000, 22.62830
1439, 14.39000, 26.02508
1440, 14.40000, 27.06322
1441, 14.41000, 25.55063
1442, 14.42000, 25.34731
1443, 14.43000, 20.83456
1444, 14.44000, 14.94743
1445, 14.45000, 18.97965
1446, 14.46000, 27.17071
1447, 14.47000, 30.49183
1448, 14.48000, 27.33336
1449, 14.49000, 32.37278
1450, 14.50000, 27.75556
1451, 14.51000, 24.95848
1452, 14.52000, 31.73465
1453, 14.53000, 34.72196
1454, 14.54000, 29.84344
1455, 14.55000, 29.66042
1456, 14.56000, 35.02850
1457, 14.57000, 30.40702
1458, 14.58000, 25.49851
1459, 14.59000, 20.05601
1460, 14.60000, 21.97810
1461, 14.61000, 24.34188
1462, 14.62000, 22.66538
1463, 14.63000, 25.74680
1464, 14.64000, 21.15243
1465, 14.65000, 27.00640
1466, 14.66000, 31.41682
1467, 14.67000, 29.77324
1468, 14.68000, 36.02401
1469, 14.69000, 34.15967
1470, 14.70000, 26.19754
1471, 14.71000, 26.20634
1472, 14.72000, 23.30609
1473, 14.73000, 23.38968
1474, 14.74000, 23.15916
1475, 14.75000, 22.12190
1476, 14.76000, 20.05217
1477, 14.77000, 20.90083
1478, 14.78000, 25.33147
1479, 14.79000, 25.90315
1480, 14.80000, 30.66892
1481, 14.81000, 26.79122
1482, 14.82000, 36.89553
1483, 14.83000, 26.04491
1484, 14.84000, 28.60579
1485, 14.85000, 27.24823
1486, 14.86000, 28.93312
1487, 14.87000, 30.44125
1488, 14.88000, 26.67943
1489, 14.89000, 26.00850
1490, 14.90000, 31.45809
1491, 14.91000, 22.70393
1492, 14.92000, 24.97862
1493, 14.93000, 22.94594
1494, 14.94000, 21.16706
1495, 14.95000, 22.72336
1496, 14.96000, 31.55631
1497, 14.97000, 27.67333
1498, 14.98000, 30.04272
1499, 14.99000, 27.79515
1500, 15.00000, 28.26852
1501, 15.01000, 27.87726
1502, 15.02000, 28.23198
1503, 15.03000, 19.68413
1504, 15.04000, 19.09431
1505, 15.05000, 23.60829
1506, 15.06000, 29.68905
1507, 15.07000, 26.38175
1508, 15.08000, 25.15195
1509, 15.09000, 24.34822
1510, 15.10000, 22.84132
1511, 15.11000, 24.44933
1512, 15.12000, 28.83476
1513, 15.13000, 35.09524
1514, 15.14000, 33.32230
1515, 15.15000, 32.67188
1516, 15.16000, 26.59483
1517, 15.17000, 26.07661
1518, 15.18000, 33.04779
1519, 15.19000, 21.42435
1520, 15.20000, 27.16561
1521, 15.21000, 23.92758
1522, 15.22000, 23.01592
1523, 15.23000, 23.24203
1524, 15.24000, 20.84571
1525, 15.25000, 23.46591
1526, 15.26000, 26.95489
1527, 15.27000, 27.43240
1528, 15.28000, 19.48096
1529, 15.29000, 23.92178
1530, 15.30000, 31.28744
1531, 15.31000, 27.23518
1532, 15.32000, 27.02039
1533, 15.33000, 29.24418
1534, 15.34000, 26.67973
1535, 15.35000, 31.00558
1536, 15.36000, 35.48646
1537, 15.37000, 29.59470
1538, 15.38000, 28.55694
1539, 15.39000, 29.93627
1540, 15.40000, 29.76865
1541, 15.41000, 30.37138
1542, 15.42000, 26.13496
1543, 15.43000, 21.73874
1544, 15.44000, 31.84445
1545, 15.45000, 34.47575
1546, 15.46000, 34.98690
1547, 15.47000, 30.67976
1548, 15.48000, 23.56801
1549, 15.49000, 24.74010
1550, 15.50000, 29.98493
1551, 15.51000, 31.01215
1552, 15.52000, 22.12180
1553, 15.53000, 24.16429
1554, 15.54000, 25.93632
1555, 15.55000, 28.65266
1556, 15.56000, 27.99602
1557, 15.57000, 20.38957
1558, 15.58000, 27.51583
1559, 15.59000, 20.87905
1560, 15.60000, 16.85234
1561, 15.61000, 18.02687
1562, 15.62000, 23.70410
1563, 15.63000, 28.49223
1564, 15.64000, 31.83810
1565, 15.65000, 32.21231
1566, 15.66000, 25.38740
1567, 15.67000, 23.72759
1568, 15.68000, 24.87334
1569, 15.69000, 33.49808
1570, 15.70000, 31.38094
1571, 15.71000, 26.44850
1572, 15.72000, 28.69533
1573, 15.73000, 19.26754
1574, 15.74000, 27.05923
1575, 15.75000, 21.51316
1576, 15.76000, 24.57674
1577, 15.77000, 29.61637
1578, 15.78000, 26.56407
1579, 15.79000, 23.35241
1580, 15.80000, 23.28432
1581, 15.81000, 25.62075
1582, 15.82000, 28.13472
1583, 15.83000, 29.05300
1584, 15.84000, 34.20282
1585, 15.85000, 26.19975
1586, 15.86000, 28.66537
1587, 15.87000, 27.65447
1588, 15.88000, 26.10510
1589, 15.89000, 22.55964
1590, 15.90000, 24.31457
1591, 15.91000, 22.07082
1592, 15.92000, 22.83355
1593, 15.93000, 18.18515
1594, 15.94000, 18.38572
1595, 15.95000, 23.09697
1596, 15.96000, 26.16968
1597, 15.97000, 34.63539
1598, 15.98000, 32.72027
1599, 15.99000, 27.54455
1600, 16.00000, 26.83643
1601, 16.01000, 25.48993
1602, 16.02000, 25.24293
1603, 16.03000, 22.55128
1604, 16.04000, 26.42687
1605, 16.05000, 24.20224
1606, 16.06000, 21.08519
1607, 16.07000, 26.28950
1608, 16.08000, 17.29631
1609, 16.09000, 20.22262
1610, 16.10000, 20.93899
1611, 16.11000, 20.09929
1612, 16.12000, 23.59425
1613, 16.13000, 27.95844
1614, 16.14000, 23.19719
1615, 16.15000, 23.29923
1616, 16.16000, 29.12481
1617, 16.17000, 25.46990
1618, 16.18000, 24.33871
1619, 16.19000, 26.38151
1620, 16.20000, 28.58662
1621, 16.21000, 31.49311
1622, 16.22000, 30.02589
1623, 16.23000, 25.64955
1624, 16.24000, 20.41847
1625, 16.25000, 27.72592
1626, 16.26000, 23.39475
1627, 16.27000, 29.93794
1628, 16.28000, 30.60871
1629, 16.29000, 27.10717
1630, 16.30000, 27.99898
1631, 16.31000, 23.32271
1632, 16.32000, 28.02416
1633, 16.33000, 31.56794
1634, 16.34000, 26.98679
1635, 16.35000, 24.97059
1636, 16.36000, 30.67131
1637, 16.37000, 31.24732
1638, 16.38000, 26.51569
1639, 16.39000, 24.61434
1640, 16.40000, 22.47818
1641, 16.41000, 21.40718
1642, 16.42000, 25.22572
1643, 16.43000, 37.66541
1644, 16.44000, 29.85447
1645, 16.45000, 27.02130
1646, 16.46000, 29.83065
1647, 16.47000, 36.76413
1648, 16.48000, 33.69671
1649, 16.49000, 27.55722
1650, 16.50000, 22.82406
1651, 16.51000, 24.10925
1652, 16.52000, 26.43810
1653, 16.53000, 24.32635
1654, 16.54000, 30.67848
1655, 16.55000, 23.93494
1656, 16.56000, 21.95347
1657, 16.57000, 30.40092
1658, 16.58000, 24.54634
1659, 16.59000, 23.45346
1660, 16.60000, 28.49876
1661, 16.61000, 28.75896
1662, 16.62000, 35.45630
1663, 16.63000, 28.22689
1664, 16.64000, 29.37202
1665, 16.65000, 27.67838
1666, 16.66000, 29.06408
1667, 16.67000, 33.95103
1668, 16.68000, 24.28987
1669, 16.69000, 20.34848
1670, 16.70000, 25.77945
1671, 16.71000, 27.12984
1672, 16.72000, 19.53628
1673, 16.73000, 23.56562
1674, 16.74000, 20.82878
1675, 16.75000, 20.52597
1676, 16.76000, 31.71896
1677, 16.77000, 23.83582
1678, 16.78000, 24.46210
1679, 16.79000, 30.17206
1680, 16.80000, 27.20873
1681, 16.81000, 30.32361
1682, 16.82000, 25.84677
1683, 16.83000, 21.44425
1684, 16.84000, 24.76238
1685, 16.85000, 25.06808
1686, 16.86000, 21.65778
1687, 16.87000, 21.05539
1688, 16.88000, 17.80585
1689, 16.89000, 16.17780
1690, 16.90000, 19.58646
1691, 16.91000, 21.43455
1692, 16.92000, 26.75467
1693, 16.93000, 20.13101
1694, 16.94000, 32.41176
1695, 16.95000, 24.61867
1696, 16.96000, 21.04851
1697, 16.97000, 18.94672
1698, 16.98000, 19.09651
1699, 16.99000, 27.93078
1700, 17.00000, 27.34434
1701, 17.01000, 27.27755
1702, 17.02000, 30.57970
1703, 17.03000, 24.28394
1704, 17.04000, 21.40922
1705, 17.05000, 23.15384
1706, 17.06000, 19.13998
1707, 17.07000, 25.59451
1708, 17.08000, 22.10299
1709, 17.09000, 27.46313
1710, 17.10000, 25.96947
1711, 17.11000, 29.42895
1712, 17.12000, 23.10717
1713, 17.13000, 20.65916
1714, 17.14000, 25.48578
1715, 17.15000, 29.08446
1716, 17.16000, 21.59126
1717, 17.17000, 22.70526
1718, 17.18000, 21.72860
1719, 17.19000, 20.54750
1720, 17.20000, 22.20315
1721, 17.21000, 23.23827
1722, 17.22000, 23.96896
1723, 17.23000, 20.25038
1724, 17.24000, 18.58274
1725, 17.25000, 17.89045
1726, 17.26000, 23.54044
1727, 17.27000, 23.51225
1728, 17.28000, 23.47872
1729, 17.29000, 23.63675
1730, 17.30000, 22.01817
1731, 17.31000, 24.82633
1732, 17.32000, 23.17650
1733, 17.33000, 20.36341
1734, 17.34000, 20.02540
1735, 17.35000, 25.87916
1736, 17.36000, 24.40505
1737, 17.37000, 21.49797
1738, 17.38000, 20.31664
1739, 17.39000, 21.32533
1740, 17.40000, 20.20197
1741, 17.41000, 23.38994
1742, 17.42000, 20.76494
1743, 17.43000, 21.09636
1744, 17.44000, 21.17598
1745, 17.45000, 20.30081
1746, 17.46000, 17.78899
1747, 17.47000, 26.51404
1748, 17.48000, 21.57624
1749, 17.49000, 20.91800
1750, 17.50000, 19.11700
1751, 17.51000, 29.84506
1752, 17.52000, 19.29735
1753, 17.53000, 22.47452
1754, 17.54000, 20.46084
1755, 17.55000, 21.02062
1756, 17.56000, 21.81060
1757, 17.57000, 22.95375
1758, 17.58000, 21.87319
1759, 17.59000, 24.49360
1760, 17.60000, 21.53084
1761, 17.61000, 21.70727
1762, 17.62000, 20.22723
1763, 17.63000, 17.98206
1764, 17.64000, 20.56176
1765, 17.65000, 16.32291
1766, 17.66000, 21.11221
1767, 17.67000, 22.28719
1768, 17.68000, 26.77247
1769, 17.69000, 23.96413
1770, 17.70000, 15.86368
1771, 17.71000, 17.82833
1772, 17.72000, 16.81194
1773, 17.73000, 18.23997
1774, 17.74000, 19.04981
1775, 17.75000, 20.69486
1776, 17.76000, 21.48858
1777, 17.77000, 21.24921
1778, 17.78000, 17.90487
1779, 17.79000, 18.70161
1780, 17.80000, 14.99353
1781, 17.81000, 18.22651
1782, 17.82000, 16.25623
1783, 17.83000, 18.09946
1784, 17.84000, 19.65814
1785, 17.85000, 19.24701
1786, 17.86000, 23.82886
1787, 17.87000, 17.32790
1788, 17.88000, 20.07684
1789, 17.89000, 20.67987
1790, 17.90000, 18.15050
1791, 17.91000, 15.95912
1792, 17.92000, 17.13144
1793, 17.93000, 15.39010
1794, 17.94000, 21.00160
1795, 17.95000, 19.87579
1796, 17.96000, 19.18933
1797, 17.97000, 22.32865
1798, 17.98000, 18.91476
1799, 17.99000, 19.36562
1800, 18.00000, 20.99102
1801, 18.01000, 20.24483
1802, 18.02000, 18.54881
1803, 18.03000, 16.21891
1804, 18.04000, 26.73549
1805, 18.05000, 20.12621
1806, 18.06000, 18.80518
1807, 18.07000, 22.19072
1808, 18.08000, 23.74847
1809, 18.09000, 23.31031
1810, 18.10000, 21.26691
1811, 18.11000, 21.10610
1812, 18.12000, 20.87300
1813, 18.13000, 17.02742
1814, 18.14000, 19.12019
1815, 18.15000, 17.39971
1816, 18.16000, 19.43859
1817, 18.17000, 23.26419
1818, 18.18000, 21.11874
1819, 18.19000, 20.31809
1820, 18.20000, 18.12150
1821, 18.21000, 13.34330
1822, 18.22000, 17.25669
1823, 18.23000, 15.54303
1824, 18.24000, 23.17838
1825, 18.25000, 20.28185
1826, 18.26000, 23.86969
1827, 18.27000, 22.68255
1828, 18.28000, 20.30846
1829, 18.29000, 17.54534
1830, 18.30000, 21.24226
1831, 18.31000, 20.01857
1832, 18.32000, 18.62918
1833, 18.33000, 18.53429
1834, 18.34000, 21.12298
1835, 18.35000, 14.99822
1836, 18.36000, 13.70902
1837, 18.37000, 17.64574
1838, 18.38000, 16.29122
1839, 18.39000, 15.73127
1840, 18.40000, 22.78009
1841, 18.41000, 23.35674
1842, 18.42000, 18.76905
1843, 18.43000, 21.87242
1844, 18.44000, 20.68404
1845, 18.45000, 18.77688
1846, 18.46000, 15.64330
1847, 18.47000, 14.94389
1848, 18.48000, 19.38659
1849, 18.49000, 17.64197
1850, 18.50000, 15.86740
1851, 18.51000, 15.15630
1852, 18.52000, 16.51021
1853, 18.53000, 12.10712
1854, 18.54000, 14.33600
1855, 18.55000, 15.95374
1856, 18.56000, 15.24996
1857, 18.57000, 15.69065
1858, 18.58000, 16.85644
1859, 18.59000, 16.97137
1860, 18.60000, 19.64922
1861, 18.61000, 16.21275
1862, 18.62000, 16.91481
1863, 18.63000, 18.92424
1864, 18.64000, 15.26074
1865, 18.65000, 17.01253
1866, 18.66000, 15.37650
1867, 18.67000, 19.54725
1868, 18.68000, 18.30361
1869, 18.69000, 11.34089
1870, 18.70000, 13.20737
1871, 18.71000, 13.87300
1872, 18.72000, 10.61180
1873, 18.73000, 14.85193
1874, 18.74000, 14.52771
1875, 18.75000, 13.13854
1876, 18.76000, 15.49044
1877, 18.77000, 14.03122
1878, 18.78000, 14.14400
1879, 18.79000, 15.13904
1880, 18.80000, 13.32376
1881, 18.81000, 15.58051
1882, 18.82000, 15.47414
1883, 18.83000, 16.15212
1884, 18.84000, 14.10769
1885, 18.85000, 10.59996
1886, 18.86000, 13.81230
1887, 18.87000, 11.23175
1888, 18.88000, 11.19214
1889, 18.89000, 12.25193
1890, 18.90000, 12.30292
1891, 18.91000, 14.83391
1892, 18.92000, 13.63897
1893, 18.93000, 14.01548
1894, 18.94000, 15.57935
1895, 18.95000, 16.65327
1896, 18.96000, 13.23816
1897, 18.97000, 13.90841
1898, 18.98000, 16.00914
1899, 18.99000, 14.06729
1900, 19.00000, 17.36973
1901, 19.01000, 9.38221
1902, 19.02000, 10.65616
1903, 19.03000, 10.81732
1904, 19.04000, 10.17697
1905, 19.05000, 11.51764
1906, 19.06000, 11.80243
1907, 19.07000, 11.62783
1908, 19.08000, 11.76235
1909, 19.09000, 15.13889
1910, 19.10000, 13.67171
1911, 19.11000, 14.90881
1912, 19.12000, 15.95229
1913, 19.13000, 11.60541
1914, 19.14000, 11.83343
1915, 19.15000, 11.70948
1916, 19.16000, 12.84767
1917, 19.17000, 13.17323
1918, 19.18000, 10.46173
1919, 19.19000, 9.58794
1920, 19.20000, 9.70138
1921, 19.21000, 10.94484
1922, 19.22000, 9.24705
1923, 19.23000, 13.32774
1924, 19.24000, 14.69284
1925, 19.25000, 14.81366
1926, 19.26000, 12.39508
1927, 19.27000, 12.94606
1928, 19.28000, 13.74814
1929, 19.29000, 11.46721
1930, 19.30000, 12.69167
1931, 19.31000, 12.75805
1932, 19.32000, 15.91477
1933, 19.33000, 10.78350
1934, 19.34000, 9.07476
1935, 19.35000, 8.30528
1936, 19.36000, 8.57023
1937, 19.37000, 8.59223
1938, 19.38000, 13.07711
1939, 19.39000, 11.32162
1940, 19.40000, 11.01427
1941, 19.41000, 10.13560
1942, 19.42000, 11.45174
1943, 19.43000, 11.60379
1944, 19.44000, 11.29469
1945, 19.45000, 11.02461
1946, 19.46000, 12.54059
1947, 19.47000, 12.61341
1948, 19.48000, 11.32370
1949, 19.49000, 9.50065
1950, 19.50000, 10.14251
1951, 19.51000, 8.43154
1952, 19.52000, 8.82839
1953, 19.53000, 8.40760
1954, 19.54000, 8.72566
1955, 19.55000, 9.26601
1956, 19.56000, 11.09720
1957, 19.57000, 9.77467
1958, 19.58000, 10.73950
1959, 19.59000, 10.30194
1960, 19.60000, 9.55646
1961, 19.61000, 9.56539
1962, 19.62000, 8.39954
1963, 19.63000, 9.10914
1964, 19.64000, 8.09757
1965, 19.65000, 8.33382
1966, 19.66000, 8.18492
1967, 19.67000, 7.09220
1968, 19.68000, 6.77873
1969, 19.69000, 6.06420
1970, 19.70000, 6.47144
1971, 19.71000, 7.46463
1972, 19.72000, 7.14312
1973, 19.73000, 7.13571
1974, 19.74000, 6.71436
1975, 19.75000, 6.77111
1976, 19.76000, 6.99843
1977, 19.77000, 7.28091
1978, 19.78000, 7.02447
1979, 19.79000, 7.02498
1980, 19.80000, 6.35211
1981, 19.81000, 7.36489
1982, 19.82000, 7.37983
1983, 19.83000, 6.99015
1984, 19.84000, 5.06391
1985, 19.85000, 4.97636
1986, 19.86000, 5.12990
1987, 19.87000, 4.74338
1988, 19.88000, 5.14647
1989, 19.89000, 6.16936
1990, 19.90000, 6.02482
1991, 19.91000, 6.25558
1992, 19.92000, 5.85327
1993, 19.93000, 6.15476
1994, 19.94000, 6.12365
1995, 19.95000, 6.23298
1996, 19.96000, 6.17828
1997, 19.97000, 6.50614
1998, 19.98000, 6.40867
1999, 19.99000, 6.47073
2000, 20.00000, 5.43715
2001, 20.01000, 6.26205
