nt, t, solve_time
1, 0.01000, 65.30865
2, 0.02000, 63.88692
3, 0.03000, 52.05778
4, 0.04000, 64.78327
5, 0.05000, 38.65133
6, 0.06000, 27.78113
7, 0.07000, 16.27189
8, 0.08000, 39.14047
9, 0.09000, 36.85563
10, 0.10000, 44.29920
11, 0.11000, 23.84764
12, 0.12000, 33.62185
13, 0.13000, 34.53721
14, 0.14000, 30.35527
15, 0.15000, 36.09158
16, 0.16000, 17.86505
17, 0.17000, 20.41602
18, 0.18000, 38.46973
19, 0.19000, 42.60917
20, 0.20000, 17.17510
21, 0.21000, 35.79402
22, 0.22000, 27.44979
23, 0.23000, 26.77876
24, 0.24000, 25.32124
25, 0.25000, 31.29471
26, 0.26000, 33.10764
27, 0.27000, 31.45890
28, 0.28000, 31.27391
29, 0.29000, 35.55930
30, 0.30000, 26.41660
31, 0.31000, 29.74574
32, 0.32000, 26.32605
33, 0.33000, 42.54195
34, 0.34000, 37.19013
35, 0.35000, 18.95995
36, 0.36000, 19.20971
37, 0.37000, 17.61315
38, 0.38000, 28.37692
39, 0.39000, 16.17293
40, 0.40000, 18.98821
41, 0.41000, 33.04870
42, 0.42000, 31.66884
43, 0.43000, 16.42498
44, 0.44000, 30.56725
45, 0.45000, 25.12411
46, 0.46000, 18.59620
47, 0.47000, 22.98036
48, 0.48000, 25.59168
49, 0.49000, 27.01827
50, 0.50000, 21.08531
51, 0.51000, 14.47158
52, 0.52000, 16.88161
53, 0.53000, 25.52908
54, 0.54000, 22.48464
55, 0.55000, 21.60750
56, 0.56000, 24.02265
57, 0.57000, 29.99848
58, 0.58000, 15.73773
59, 0.59000, 23.97514
60, 0.60000, 28.12178
61, 0.61000, 23.74014
62, 0.62000, 22.06239
63, 0.63000, 11.43473
64, 0.64000, 12.54800
65, 0.65000, 22.27244
66, 0.66000, 22.32150
67, 0.67000, 26.87823
68, 0.68000, 21.25226
69, 0.69000, 18.46101
70, 0.70000, 18.43954
71, 0.71000, 21.64842
72, 0.72000, 23.23899
73, 0.73000, 17.92476
74, 0.74000, 15.08106
75, 0.75000, 25.68758
76, 0.76000, 19.00160
77, 0.77000, 17.42693
78, 0.78000, 14.72510
79, 0.79000, 15.04260
80, 0.80000, 20.18488
81, 0.81000, 18.79217
82, 0.82000, 24.34270
83, 0.83000, 19.12357
84, 0.84000, 24.39895
85, 0.85000, 15.00669
86, 0.86000, 19.52590
87, 0.87000, 27.04472
88, 0.88000, 21.66556
89, 0.89000, 18.42617
90, 0.90000, 20.79816
91, 0.91000, 16.20089
92, 0.92000, 15.28151
93, 0.93000, 26.98858
94, 0.94000, 21.92122
95, 0.95000, 15.99625
96, 0.96000, 16.10551
97, 0.97000, 19.50000
98, 0.98000, 22.01703
99, 0.99000, 14.48984
100, 1.00000, 14.04609
101, 1.01000, 17.19563
102, 1.02000, 21.37190
103, 1.03000, 20.76888
104, 1.04000, 19.11224
105, 1.05000, 22.12154
106, 1.06000, 18.78715
107, 1.07000, 11.12170
108, 1.08000, 11.53015
109, 1.09000, 16.34027
110, 1.10000, 15.60005
111, 1.11000, 18.75308
112, 1.12000, 11.23750
113, 1.13000, 16.78028
114, 1.14000, 10.00350
115, 1.15000, 12.00927
116, 1.16000, 25.76519
117, 1.17000, 25.01052
118, 1.18000, 18.78515
119, 1.19000, 19.55119
120, 1.20000, 22.38972
121, 1.21000, 21.18027
122, 1.22000, 25.90209
123, 1.23000, 18.49051
124, 1.24000, 17.64557
125, 1.25000, 19.19250
126, 1.26000, 21.71980
127, 1.27000, 26.07417
128, 1.28000, 25.46139
129, 1.29000, 26.46013
130, 1.30000, 18.99660
131, 1.31000, 24.10652
132, 1.32000, 25.00962
133, 1.33000, 23.28136
134, 1.34000, 22.96260
135, 1.35000, 23.89713
136, 1.36000, 18.20923
137, 1.37000, 17.98799
138, 1.38000, 33.41757
139, 1.39000, 30.73559
140, 1.40000, 32.87649
141, 1.41000, 29.58530
142, 1.42000, 20.52333
143, 1.43000, 29.29316
144, 1.44000, 25.36833
145, 1.45000, 29.56646
146, 1.46000, 31.68686
147, 1.47000, 23.67388
148, 1.48000, 30.87335
149, 1.49000, 28.64837
150, 1.50000, 27.63944
151, 1.51000, 30.47696
152, 1.52000, 35.76175
153, 1.53000, 29.11774
154, 1.54000, 32.31727
155, 1.55000, 26.21853
156, 1.56000, 26.87971
157, 1.57000, 23.80348
158, 1.58000, 21.04231
159, 1.59000, 16.34031
160, 1.60000, 25.32992
161, 1.61000, 20.06088
162, 1.62000, 26.89866
163, 1.63000, 24.41576
164, 1.64000, 29.17454
165, 1.65000, 35.80641
166, 1.66000, 28.05731
167, 1.67000, 22.82869
168, 1.68000, 25.98286
169, 1.69000, 40.80556
170, 1.70000, 28.57544
171, 1.71000, 23.58144
172, 1.72000, 28.22099
173, 1.73000, 30.64948
174, 1.74000, 27.41508
175, 1.75000, 31.14659
176, 1.76000, 33.77913
177, 1.77000, 29.42102
178, 1.78000, 26.91473
179, 1.79000, 19.26744
180, 1.80000, 26.01904
181, 1.81000, 29.93511
182, 1.82000, 34.32976
183, 1.83000, 26.48817
184, 1.84000, 30.51169
185, 1.85000, 23.47266
186, 1.86000, 30.76647
187, 1.87000, 23.17187
188, 1.88000, 28.27155
189, 1.89000, 20.08712
190, 1.90000, 18.82710
191, 1.91000, 24.64831
192, 1.92000, 19.33764
193, 1.93000, 29.40628
194, 1.94000, 22.91086
195, 1.95000, 22.12390
196, 1.96000, 23.91097
197, 1.97000, 28.82321
198, 1.98000, 23.72473
199, 1.99000, 23.77817
200, 2.00000, 27.43838
201, 2.01000, 26.03713
202, 2.02000, 20.86086
203, 2.03000, 22.50281
204, 2.04000, 19.77027
205, 2.05000, 20.83290
206, 2.06000, 28.34936
207, 2.07000, 21.55901
208, 2.08000, 19.85957
209, 2.09000, 24.73298
210, 2.10000, 24.47187
211, 2.11000, 17.68260
212, 2.12000, 21.32833
213, 2.13000, 17.02122
214, 2.14000, 19.28669
215, 2.15000, 21.81347
216, 2.16000, 23.33686
217, 2.17000, 32.32069
218, 2.18000, 27.59571
219, 2.19000, 25.97487
220, 2.20000, 18.86073
221, 2.21000, 28.92396
222, 2.22000, 22.16228
223, 2.23000, 24.09363
224, 2.24000, 26.18408
225, 2.25000, 24.74089
226, 2.26000, 28.29687
227, 2.27000, 23.08994
228, 2.28000, 21.92416
229, 2.29000, 19.60191
230, 2.30000, 16.87312
231, 2.31000, 22.37137
232, 2.32000, 23.83334
233, 2.33000, 22.14622
234, 2.34000, 29.98977
235, 2.35000, 27.70048
236, 2.36000, 26.90008
237, 2.37000, 25.36786
238, 2.38000, 24.76476
239, 2.39000, 23.00483
240, 2.40000, 19.38046
241, 2.41000, 24.96324
242, 2.42000, 25.35918
243, 2.43000, 20.90248
244, 2.44000, 25.63227
245, 2.45000, 30.31050
246, 2.46000, 33.44680
247, 2.47000, 21.80091
248, 2.48000, 36.48205
249, 2.49000, 38.96685
250, 2.50000, 20.85538
251, 2.51000, 29.36251
252, 2.52000, 22.12509
253, 2.53000, 33.96482
254, 2.54000, 21.61245
255, 2.55000, 25.72829
256, 2.56000, 24.04951
257, 2.57000, 42.90252
258, 2.58000, 29.54101
259, 2.59000, 29.37601
260, 2.60000, 21.16907
261, 2.61000, 31.61001
262, 2.62000, 17.77450
263, 2.63000, 14.73260
264, 2.64000, 28.99010
265, 2.65000, 36.11702
266, 2.66000, 22.59597
267, 2.67000, 30.26526
268, 2.68000, 24.66830
269, 2.69000, 38.34219
270, 2.70000, 37.35855
271, 2.71000, 28.00169
272, 2.72000, 28.05086
273, 2.73000, 26.58518
274, 2.74000, 27.91968
275, 2.75000, 31.78661
276, 2.76000, 31.54015
277, 2.77000, 35.85882
278, 2.78000, 33.28722
279, 2.79000, 40.46721
280, 2.80000, 26.95204
281, 2.81000, 25.45762
282, 2.82000, 29.87644
283, 2.83000, 27.97659
284, 2.84000, 28.44866
285, 2.85000, 30.20220
286, 2.86000, 21.14512
287, 2.87000, 25.58783
288, 2.88000, 24.49873
289, 2.89000, 19.55116
290, 2.90000, 20.58463
291, 2.91000, 28.05811
292, 2.92000, 25.16162
293, 2.93000, 28.66074
294, 2.94000, 28.24379
295, 2.95000, 26.28248
296, 2.96000, 27.99051
297, 2.97000, 21.89376
298, 2.98000, 23.97139
299, 2.99000, 24.13078
300, 3.00000, 25.93137
301, 3.01000, 28.19096
302, 3.02000, 26.76947
303, 3.03000, 29.33142
304, 3.04000, 25.36967
305, 3.05000, 24.02972
306, 3.06000, 24.42326
307, 3.07000, 23.16291
308, 3.08000, 23.87637
309, 3.09000, 26.03774
310, 3.10000, 33.89917
311, 3.11000, 24.90576
312, 3.12000, 17.08645
313, 3.13000, 18.81294
314, 3.14000, 21.26709
315, 3.15000, 28.97850
316, 3.16000, 22.94870
317, 3.17000, 22.00747
318, 3.18000, 28.28119
319, 3.19000, 24.93545
320, 3.20000, 23.84600
321, 3.21000, 31.63088
322, 3.22000, 21.85045
323, 3.23000, 26.33023
324, 3.24000, 24.47472
325, 3.25000, 26.66350
326, 3.26000, 27.62749
327, 3.27000, 27.70236
328, 3.28000, 29.43366
329, 3.29000, 27.09092
330, 3.30000, 19.17529
331, 3.31000, 24.38440
332, 3.32000, 22.88900
333, 3.33000, 26.70613
334, 3.34000, 21.23769
335, 3.35000, 23.01529
336, 3.36000, 30.61543
337, 3.37000, 33.24517
338, 3.38000, 28.30581
339, 3.39000, 25.52906
340, 3.40000, 21.96838
341, 3.41000, 16.19414
342, 3.42000, 23.21401
343, 3.43000, 23.88108
344, 3.44000, 29.02450
345, 3.45000, 28.48752
346, 3.46000, 25.53163
347, 3.47000, 26.53807
348, 3.48000, 20.32773
349, 3.49000, 17.73487
350, 3.50000, 23.11467
351, 3.51000, 28.05811
352, 3.52000, 19.53677
353, 3.53000, 26.91362
354, 3.54000, 20.82211
355, 3.55000, 21.19904
356, 3.56000, 24.53973
357, 3.57000, 22.02545
358, 3.58000, 19.38369
359, 3.59000, 17.93449
360, 3.60000, 19.34428
361, 3.61000, 23.62437
362, 3.62000, 28.37590
363, 3.63000, 27.72655
364, 3.64000, 28.55386
365, 3.65000, 24.20147
366, 3.66000, 25.39699
367, 3.67000, 27.69186
368, 3.68000, 23.30681
369, 3.69000, 24.92220
370, 3.70000, 26.03162
371, 3.71000, 27.76788
372, 3.72000, 26.40525
373, 3.73000, 28.69033
374, 3.74000, 27.54122
375, 3.75000, 23.61918
376, 3.76000, 23.96821
377, 3.77000, 27.52868
378, 3.78000, 26.37164
379, 3.79000, 22.26450
380, 3.80000, 22.57463
381, 3.81000, 26.27683
382, 3.82000, 22.69958
383, 3.83000, 28.98917
384, 3.84000, 29.81196
385, 3.85000, 27.30374
386, 3.86000, 18.41862
387, 3.87000, 16.30264
388, 3.88000, 17.30110
389, 3.89000, 16.34789
390, 3.90000, 21.29919
391, 3.91000, 22.86173
392, 3.92000, 26.32667
393, 3.93000, 24.19975
394, 3.94000, 24.19491
395, 3.95000, 26.23771
396, 3.96000, 24.40132
397, 3.97000, 24.99951
398, 3.98000, 30.48584
399, 3.99000, 24.93011
400, 4.00000, 23.22608
401, 4.01000, 19.60566
402, 4.02000, 40.29279
403, 4.03000, 23.76734
404, 4.04000, 28.61366
405, 4.05000, 26.96839
406, 4.06000, 27.76899
407, 4.07000, 25.40264
408, 4.08000, 21.79266
409, 4.09000, 21.51364
410, 4.10000, 25.46432
411, 4.11000, 20.17041
412, 4.12000, 33.73180
413, 4.13000, 30.64291
414, 4.14000, 37.01374
415, 4.15000, 36.58900
416, 4.16000, 32.02452
417, 4.17000, 22.16579
418, 4.18000, 25.21280
419, 4.19000, 24.41099
420, 4.20000, 26.30368
421, 4.21000, 24.64091
422, 4.22000, 15.46695
423, 4.23000, 18.04385
424, 4.24000, 21.29218
425, 4.25000, 26.34690
426, 4.26000, 30.61689
427, 4.27000, 22.10841
428, 4.28000, 24.81254
429, 4.29000, 25.18570
430, 4.30000, 28.94944
431, 4.31000, 37.27879
432, 4.32000, 30.64132
433, 4.33000, 27.43009
434, 4.34000, 24.74756
435, 4.35000, 31.47822
436, 4.36000, 38.94642
437, 4.37000, 27.08139
438, 4.38000, 34.13279
439, 4.39000, 34.31296
440, 4.40000, 28.27587
441, 4.41000, 29.31767
442, 4.42000, 37.18446
443, 4.43000, 34.50597
444, 4.44000, 22.25367
445, 4.45000, 23.90014
446, 4.46000, 22.69041
447, 4.47000, 24.47738
448, 4.48000, 23.32395
449, 4.49000, 23.60874
450, 4.50000, 24.74393
451, 4.51000, 27.50488
452, 4.52000, 24.53870
453, 4.53000, 29.21803
454, 4.54000, 29.67934
455, 4.55000, 28.53843
456, 4.56000, 25.72964
457, 4.57000, 27.44764
458, 4.58000, 14.75101
459, 4.59000, 17.06830
460, 4.60000, 24.91529
461, 4.61000, 23.43894
462, 4.62000, 21.37834
463, 4.63000, 23.85852
464, 4.64000, 19.04665
465, 4.65000, 17.75760
466, 4.66000, 21.33645
467, 4.67000, 24.73557
468, 4.68000, 26.65658
469, 4.69000, 21.52820
470, 4.70000, 20.88891
471, 4.71000, 26.57043
472, 4.72000, 20.05240
473, 4.73000, 25.44553
474, 4.74000, 21.97204
475, 4.75000, 18.18056
476, 4.76000, 21.10309
477, 4.77000, 21.38295
478, 4.78000, 25.29965
479, 4.79000, 23.94177
480, 4.80000, 23.34209
481, 4.81000, 23.93765
482, 4.82000, 22.55939
483, 4.83000, 25.57270
484, 4.84000, 21.75679
485, 4.85000, 25.33679
486, 4.86000, 26.42904
487, 4.87000, 22.22161
488, 4.88000, 25.64177
489, 4.89000, 26.66534
490, 4.90000, 27.71050
491, 4.91000, 27.30182
492, 4.92000, 26.94013
493, 4.93000, 27.29595
494, 4.94000, 18.41975
495, 4.95000, 28.50051
496, 4.96000, 26.10335
497, 4.97000, 26.66570
498, 4.98000, 29.94468
499, 4.99000, 23.08136
500, 5.00000, 17.60798
501, 5.01000, 18.88179
502, 5.02000, 20.41828
503, 5.03000, 24.82749
504, 5.04000, 32.85487
505, 5.05000, 30.67354
506, 5.06000, 26.96095
507, 5.07000, 23.43710
508, 5.08000, 23.17799
509, 5.09000, 16.49530
510, 5.10000, 17.90836
511, 5.11000, 22.77726
512, 5.12000, 25.75469
513, 5.13000, 31.27298
514, 5.14000, 27.47381
515, 5.15000, 25.47840
516, 5.16000, 24.42654
517, 5.17000, 19.35689
518, 5.18000, 24.93997
519, 5.19000, 22.17509
520, 5.20000, 20.16817
521, 5.21000, 20.28820
522, 5.22000, 18.90074
523, 5.23000, 15.93575
524, 5.24000, 19.52893
525, 5.25000, 27.05864
526, 5.26000, 24.40757
527, 5.27000, 31.52897
528, 5.28000, 30.31035
529, 5.29000, 22.98840
530, 5.30000, 22.47404
531, 5.31000, 24.41627
532, 5.32000, 29.56391
533, 5.33000, 25.73437
534, 5.34000, 23.79046
535, 5.35000, 19.36543
536, 5.36000, 25.27731
537, 5.37000, 21.75805
538, 5.38000, 20.79070
539, 5.39000, 14.80219
540, 5.40000, 19.98879
541, 5.41000, 25.03824
542, 5.42000, 25.96786
543, 5.43000, 24.90643
544, 5.44000, 26.19504
545, 5.45000, 27.83373
546, 5.46000, 26.27074
547, 5.47000, 23.15356
548, 5.48000, 29.75300
549, 5.49000, 21.75429
550, 5.50000, 23.95865
551, 5.51000, 21.62426
552, 5.52000, 24.97290
553, 5.53000, 19.73424
554, 5.54000, 19.68929
555, 5.55000, 23.88745
556, 5.56000, 27.59051
557, 5.57000, 21.77945
558, 5.58000, 25.10420
559, 5.59000, 22.36679
560, 5.60000, 25.60426
561, 5.61000, 19.00390
562, 5.62000, 19.22227
563, 5.63000, 20.00983
564, 5.64000, 25.58592
565, 5.65000, 25.04604
566, 5.66000, 23.83914
567, 5.67000, 20.66938
568, 5.68000, 16.34495
569, 5.69000, 20.36585
570, 5.70000, 21.33172
571, 5.71000, 19.94238
572, 5.72000, 19.13047
573, 5.73000, 19.01003
574, 5.74000, 17.54454
575, 5.75000, 15.94134
576, 5.76000, 26.44193
577, 5.77000, 25.63655
578, 5.78000, 30.15984
579, 5.79000, 20.07962
580, 5.80000, 22.35878
581, 5.81000, 18.34206
582, 5.82000, 17.43856
583, 5.83000, 18.48403
584, 5.84000, 22.02195
585, 5.85000, 21.13299
586, 5.86000, 20.87922
587, 5.87000, 27.57431
588, 5.88000, 21.39730
589, 5.89000, 22.61429
590, 5.90000, 24.62162
591, 5.91000, 22.50040
592, 5.92000, 22.06385
593, 5.93000, 20.51789
594, 5.94000, 27.36297
595, 5.95000, 27.88364
596, 5.96000, 29.37818
597, 5.97000, 18.44746
598, 5.98000, 16.64251
599, 5.99000, 18.57136
600, 6.00000, 24.03105
601, 6.01000, 20.85929
602, 6.02000, 26.18506
603, 6.03000, 22.60456
604, 6.04000, 23.24983
605, 6.05000, 24.04147
606, 6.06000, 33.29991
607, 6.07000, 35.44816
608, 6.08000, 25.25226
609, 6.09000, 27.57823
610, 6.10000, 20.91639
611, 6.11000, 16.91753
612, 6.12000, 18.30364
613, 6.13000, 24.84225
614, 6.14000, 27.98406
615, 6.15000, 22.31478
616, 6.16000, 18.52820
617, 6.17000, 15.48237
618, 6.18000, 20.50990
619, 6.19000, 24.30824
620, 6.20000, 26.07472
621, 6.21000, 25.54810
622, 6.22000, 30.73165
623, 6.23000, 27.47322
624, 6.24000, 22.80065
625, 6.25000, 19.80835
626, 6.26000, 16.72704
627, 6.27000, 20.39712
628, 6.28000, 22.18897
629, 6.29000, 24.76753
630, 6.30000, 24.70563
631, 6.31000, 25.96187
632, 6.32000, 21.43854
633, 6.33000, 17.20852
634, 6.34000, 17.56530
635, 6.35000, 19.52221
636, 6.36000, 15.90744
637, 6.37000, 17.64369
638, 6.38000, 19.12285
639, 6.39000, 20.53081
640, 6.40000, 22.99375
641, 6.41000, 29.56524
642, 6.42000, 29.04070
643, 6.43000, 29.57546
644, 6.44000, 24.22452
645, 6.45000, 22.19184
646, 6.46000, 19.58390
647, 6.47000, 21.21555
648, 6.48000, 22.10903
649, 6.49000, 19.86045
650, 6.50000, 20.77432
651, 6.51000, 24.16777
652, 6.52000, 23.33383
653, 6.53000, 18.63756
654, 6.54000, 18.08696
655, 6.55000, 27.87655
656, 6.56000, 30.66673
657, 6.57000, 25.00023
658, 6.58000, 27.30374
659, 6.59000, 18.67806
660, 6.60000, 25.93150
661, 6.61000, 25.92228
662, 6.62000, 23.83055
663, 6.63000, 20.84257
664, 6.64000, 18.59980
665, 6.65000, 19.74660
666, 6.66000, 17.24395
667, 6.67000, 18.34460
668, 6.68000, 24.71481
669, 6.69000, 27.06190
670, 6.70000, 24.67397
671, 6.71000, 24.68465
672, 6.72000, 25.38850
673, 6.73000, 22.51981
674, 6.74000, 23.92678
675, 6.75000, 15.48766
676, 6.76000, 22.74831
677, 6.77000, 21.05203
678, 6.78000, 17.06879
679, 6.79000, 15.43613
680, 6.80000, 20.09648
681, 6.81000, 20.13241
682, 6.82000, 24.53192
683, 6.83000, 26.47622
684, 6.84000, 26.33248
685, 6.85000, 23.35951
686, 6.86000, 18.42306
687, 6.87000, 27.78722
688, 6.88000, 23.00633
689, 6.89000, 20.09684
690, 6.90000, 21.48765
691, 6.91000, 23.79021
692, 6.92000, 25.88596
693, 6.93000, 21.35034
694, 6.94000, 21.80967
695, 6.95000, 26.97001
696, 6.96000, 24.81796
697, 6.97000, 26.84404
698, 6.98000, 21.91193
699, 6.99000, 19.48276
700, 7.00000, 22.67390
701, 7.01000, 26.56642
702, 7.02000, 24.50307
703, 7.03000, 27.86802
704, 7.04000, 26.63623
705, 7.05000, 25.06976
706, 7.06000, 26.81277
707, 7.07000, 23.25723
708, 7.08000, 23.00655
709, 7.09000, 23.11551
710, 7.10000, 23.42788
711, 7.11000, 26.90035
712, 7.12000, 24.06615
713, 7.13000, 23.94929
714, 7.14000, 25.57856
715, 7.15000, 21.63146
716, 7.16000, 19.58962
717, 7.17000, 22.74167
718, 7.18000, 28.13119
719, 7.19000, 32.81554
720, 7.20000, 21.47354
721, 7.21000, 21.72200
722, 7.22000, 23.89607
723, 7.23000, 24.19174
724, 7.24000, 21.03671
725, 7.25000, 30.88422
726, 7.26000, 27.17073
727, 7.27000, 27.80010
728, 7.28000, 28.69123
729, 7.29000, 23.57631
730, 7.30000, 25.69092
731, 7.31000, 23.20731
732, 7.32000, 24.88929
733, 7.33000, 20.74461
734, 7.34000, 20.99426
735, 7.35000, 30.68396
736, 7.36000, 22.85804
737, 7.37000, 23.52770
738, 7.38000, 20.79651
739, 7.39000, 22.13950
740, 7.40000, 23.99695
741, 7.41000, 19.31414
742, 7.42000, 27.27001
743, 7.43000, 25.27929
744, 7.44000, 25.15396
745, 7.45000, 23.14900
746, 7.46000, 20.96197
747, 7.47000, 19.54037
748, 7.48000, 19.04380
749, 7.49000, 20.11703
750, 7.50000, 19.14077
751, 7.51000, 18.24668
752, 7.52000, 27.48562
753, 7.53000, 24.15276
754, 7.54000, 25.49350
755, 7.55000, 24.76848
756, 7.56000, 26.60591
757, 7.57000, 30.69736
758, 7.58000, 24.59466
759, 7.59000, 26.11916
760, 7.60000, 33.66805
761, 7.61000, 31.20842
762, 7.62000, 34.54693
763, 7.63000, 25.06557
764, 7.64000, 17.55426
765, 7.65000, 18.00283
766, 7.66000, 22.35000
767, 7.67000, 21.78072
768, 7.68000, 16.94219
769, 7.69000, 23.91977
770, 7.70000, 27.78084
771, 7.71000, 26.89116
772, 7.72000, 27.36804
773, 7.73000, 27.67909
774, 7.74000, 20.09861
775, 7.75000, 16.63746
776, 7.76000, 17.99414
777, 7.77000, 16.30753
778, 7.78000, 18.80922
779, 7.79000, 20.77862
780, 7.80000, 20.14890
781, 7.81000, 25.65964
782, 7.82000, 18.91191
783, 7.83000, 14.69345
784, 7.84000, 16.12105
785, 7.85000, 27.09684
786, 7.86000, 25.07132
787, 7.87000, 22.42462
788, 7.88000, 23.35176
789, 7.89000, 20.49900
790, 7.90000, 17.89622
791, 7.91000, 20.49272
792, 7.92000, 28.07550
793, 7.93000, 26.53315
794, 7.94000, 23.42225
795, 7.95000, 24.96890
796, 7.96000, 22.47532
797, 7.97000, 21.61530
798, 7.98000, 25.57686
799, 7.99000, 27.31876
800, 8.00000, 23.33238
801, 8.01000, 24.58351
802, 8.02000, 16.91158
803, 8.03000, 21.03065
804, 8.04000, 23.91848
805, 8.05000, 23.97999
806, 8.06000, 23.57973
807, 8.07000, 31.40665
808, 8.08000, 28.43753
809, 8.09000, 28.79326
810, 8.10000, 24.76800
811, 8.11000, 25.21529
812, 8.12000, 24.96007
813, 8.13000, 18.11008
814, 8.14000, 20.16046
815, 8.15000, 25.22103
816, 8.16000, 29.70117
817, 8.17000, 25.99348
818, 8.18000, 24.47297
819, 8.19000, 25.10814
820, 8.20000, 31.16175
821, 8.21000, 26.89695
822, 8.22000, 28.48827
823, 8.23000, 20.79955
824, 8.24000, 21.34239
825, 8.25000, 21.11688
826, 8.26000, 24.24586
827, 8.27000, 28.62076
828, 8.28000, 33.02573
829, 8.29000, 21.85476
830, 8.30000, 24.82946
831, 8.31000, 26.71989
832, 8.32000, 21.39246
833, 8.33000, 20.81694
834, 8.34000, 21.41100
835, 8.35000, 23.53782
836, 8.36000, 25.33358
837, 8.37000, 27.47818
838, 8.38000, 23.90210
839, 8.39000, 24.49010
840, 8.40000, 25.65641
841, 8.41000, 17.46913
842, 8.42000, 23.18747
843, 8.43000, 25.68474
844, 8.44000, 23.07548
845, 8.45000, 25.06733
846, 8.46000, 30.45728
847, 8.47000, 23.01288
848, 8.48000, 22.72501
849, 8.49000, 20.84792
850, 8.50000, 21.22194
851, 8.51000, 21.43324
852, 8.52000, 18.29527
853, 8.53000, 22.01275
854, 8.54000, 23.70260
855, 8.55000, 29.13338
856, 8.56000, 25.46273
857, 8.57000, 24.43618
858, 8.58000, 23.45765
859, 8.59000, 21.89028
860, 8.60000, 22.84534
861, 8.61000, 26.36139
862, 8.62000, 24.12598
863, 8.63000, 27.60498
864, 8.64000, 23.72453
865, 8.65000, 26.75632
866, 8.66000, 24.72492
867, 8.67000, 24.45932
868, 8.68000, 23.22805
869, 8.69000, 17.04761
870, 8.70000, 14.46894
871, 8.71000, 25.09956
872, 8.72000, 23.39696
873, 8.73000, 29.83156
874, 8.74000, 20.72376
875, 8.75000, 22.48068
876, 8.76000, 19.64364
877, 8.77000, 20.98853
878, 8.78000, 22.57105
879, 8.79000, 19.92136
880, 8.80000, 22.07163
881, 8.81000, 21.08820
882, 8.82000, 26.11596
883, 8.83000, 22.85985
884, 8.84000, 26.28615
885, 8.85000, 28.93471
886, 8.86000, 31.29847
887, 8.87000, 23.41434
888, 8.88000, 23.81075
889, 8.89000, 19.28609
890, 8.90000, 21.27397
891, 8.91000, 19.38021
892, 8.92000, 17.97596
893, 8.93000, 20.72215
894, 8.94000, 19.60026
895, 8.95000, 25.94091
896, 8.96000, 26.91511
897, 8.97000, 29.82429
898, 8.98000, 29.62329
899, 8.99000, 25.13132
900, 9.00000, 22.68122
901, 9.01000, 15.73970
902, 9.02000, 15.07415
903, 9.03000, 18.59125
904, 9.04000, 23.78596
905, 9.05000, 28.60718
906, 9.06000, 22.48166
907, 9.07000, 19.83763
908, 9.08000, 17.47862
909, 9.09000, 16.61144
910, 9.10000, 18.11511
911, 9.11000, 26.74218
912, 9.12000, 27.37829
913, 9.13000, 26.34308
914, 9.14000, 18.70690
915, 9.15000, 20.68496
916, 9.16000, 24.61970
917, 9.17000, 25.92579
918, 9.18000, 28.77403
919, 9.19000, 30.21131
920, 9.20000, 24.83392
921, 9.21000, 22.89480
922, 9.22000, 21.49723
923, 9.23000, 22.65144
924, 9.24000, 24.49761
925, 9.25000, 23.88167
926, 9.26000, 25.61236
927, 9.27000, 25.11891
928, 9.28000, 27.61740
929, 9.29000, 25.42547
930, 9.30000, 17.99101
931, 9.31000, 24.33242
932, 9.32000, 25.61654
933, 9.33000, 28.31752
934, 9.34000, 25.20988
935, 9.35000, 21.22309
936, 9.36000, 20.66172
937, 9.37000, 20.35338
938, 9.38000, 27.60509
939, 9.39000, 26.39688
940, 9.40000, 25.88316
941, 9.41000, 27.86659
942, 9.42000, 25.31383
943, 9.43000, 23.98136
944, 9.44000, 24.43731
945, 9.45000, 17.34654
946, 9.46000, 18.64145
947, 9.47000, 14.56743
948, 9.48000, 18.64513
949, 9.49000, 26.96152
950, 9.50000, 21.38638
951, 9.51000, 20.63636
952, 9.52000, 22.01409
953, 9.53000, 26.00892
954, 9.54000, 29.10331
955, 9.55000, 25.24996
956, 9.56000, 28.59608
957, 9.57000, 27.82110
958, 9.58000, 26.43918
959, 9.59000, 20.90204
960, 9.60000, 23.09201
961, 9.61000, 23.00157
962, 9.62000, 25.05729
963, 9.63000, 26.16560
964, 9.64000, 29.20451
965, 9.65000, 21.11721
966, 9.66000, 21.11258
967, 9.67000, 24.33281
968, 9.68000, 20.38943
969, 9.69000, 25.21158
970, 9.70000, 27.11046
971, 9.71000, 21.73310
972, 9.72000, 25.80960
973, 9.73000, 26.09813
974, 9.74000, 24.10660
975, 9.75000, 27.58662
976, 9.76000, 24.05124
977, 9.77000, 25.84735
978, 9.78000, 27.27093
979, 9.79000, 26.60333
980, 9.80000, 21.64346
981, 9.81000, 19.66529
982, 9.82000, 25.80619
983, 9.83000, 26.36919
984, 9.84000, 26.14366
985, 9.85000, 25.22992
986, 9.86000, 21.72901
987, 9.87000, 22.92103
988, 9.88000, 20.95641
989, 9.89000, 23.23500
990, 9.90000, 29.56683
991, 9.91000, 24.60489
992, 9.92000, 21.02204
993, 9.93000, 24.09935
994, 9.94000, 21.37156
995, 9.95000, 20.29537
996, 9.96000, 22.72589
997, 9.97000, 26.03054
998, 9.98000, 22.40238
999, 9.99000, 23.04735
1000, 10.00000, 19.98585
1001, 10.01000, 22.08776
1002, 10.02000, 23.30683
1003, 10.03000, 19.43036
1004, 10.04000, 23.68843
1005, 10.05000, 22.47780
1006, 10.06000, 28.36818
1007, 10.07000, 27.10091
1008, 10.08000, 25.21682
1009, 10.09000, 21.90756
1010, 10.10000, 23.23629
1011, 10.11000, 22.52109
1012, 10.12000, 31.04544
1013, 10.13000, 26.69978
1014, 10.14000, 24.18194
1015, 10.15000, 17.39016
1016, 10.16000, 17.87048
1017, 10.17000, 17.98408
1018, 10.18000, 27.20275
1019, 10.19000, 25.01923
1020, 10.20000, 23.77417
1021, 10.21000, 29.05706
1022, 10.22000, 20.30092
1023, 10.23000, 18.88651
1024, 10.24000, 19.42934
1025, 10.25000, 23.95373
1026, 10.26000, 23.92276
1027, 10.27000, 21.86566
1028, 10.28000, 24.39855
1029, 10.29000, 19.90029
1030, 10.30000, 17.45519
1031, 10.31000, 20.77989
1032, 10.32000, 22.07368
1033, 10.33000, 23.73622
1034, 10.34000, 26.45035
1035, 10.35000, 31.11596
1036, 10.36000, 24.46738
1037, 10.37000, 23.95617
1038, 10.38000, 27.50861
1039, 10.39000, 28.39316
1040, 10.40000, 29.58976
1041, 10.41000, 20.34157
1042, 10.42000, 22.76513
1043, 10.43000, 24.10007
1044, 10.44000, 21.25020
1045, 10.45000, 24.63670
1046, 10.46000, 25.23626
1047, 10.47000, 18.34870
1048, 10.48000, 21.38055
1049, 10.49000, 20.36073
1050, 10.50000, 16.58796
1051, 10.51000, 17.98122
1052, 10.52000, 20.38197
1053, 10.53000, 20.64360
1054, 10.54000, 25.35880
1055, 10.55000, 23.06284
1056, 10.56000, 26.10178
1057, 10.57000, 23.31549
1058, 10.58000, 21.69224
1059, 10.59000, 16.70694
1060, 10.60000, 17.39968
1061, 10.61000, 19.98705
1062, 10.62000, 21.24813
1063, 10.63000, 18.18001
1064, 10.64000, 18.41083
1065, 10.65000, 16.08830
1066, 10.66000, 19.08099
1067, 10.67000, 19.89616
1068, 10.68000, 23.19208
1069, 10.69000, 30.45427
1070, 10.70000, 28.56234
1071, 10.71000, 21.26135
1072, 10.72000, 22.01390
1073, 10.73000, 24.68829
1074, 10.74000, 21.71672
1075, 10.75000, 22.75514
1076, 10.76000, 21.37073
1077, 10.77000, 24.92126
1078, 10.78000, 21.24130
1079, 10.79000, 23.42863
1080, 10.80000, 20.33935
1081, 10.81000, 25.48830
1082, 10.82000, 20.48093
1083, 10.83000, 22.79029
1084, 10.84000, 27.25854
1085, 10.85000, 23.33950
1086, 10.86000, 21.33044
1087, 10.87000, 25.58734
1088, 10.88000, 20.62821
1089, 10.89000, 21.42314
1090, 10.90000, 18.85923
1091, 10.91000, 28.67876
1092, 10.92000, 33.77792
1093, 10.93000, 22.52929
1094, 10.94000, 17.24092
1095, 10.95000, 25.93224
1096, 10.96000, 17.68089
1097, 10.97000, 18.27592
1098, 10.98000, 17.60693
1099, 10.99000, 20.54358
1100, 11.00000, 20.98581
1101, 11.01000, 29.95859
1102, 11.02000, 27.19964
1103, 11.03000, 26.19122
1104, 11.04000, 29.40901
1105, 11.05000, 24.05145
1106, 11.06000, 29.89420
1107, 11.07000, 29.45480
1108, 11.08000, 27.22574
1109, 11.09000, 22.54760
1110, 11.10000, 19.80920
1111, 11.11000, 24.24557
1112, 11.12000, 19.31315
1113, 11.13000, 24.56331
1114, 11.14000, 25.67903
1115, 11.15000, 25.65950
1116, 11.16000, 27.78393
1117, 11.17000, 24.93345
1118, 11.18000, 25.29998
1119, 11.19000, 25.28614
1120, 11.20000, 21.34659
1121, 11.21000, 24.43409
1122, 11.22000, 18.40859
1123, 11.23000, 27.58105
1124, 11.24000, 28.44149
1125, 11.25000, 22.70560
1126, 11.26000, 19.05659
1127, 11.27000, 18.29415
1128, 11.28000, 16.85426
1129, 11.29000, 21.23263
1130, 11.30000, 21.45252
1131, 11.31000, 17.83557
1132, 11.32000, 18.48322
1133, 11.33000, 25.73710
1134, 11.34000, 22.46840
1135, 11.35000, 19.63294
1136, 11.36000, 19.26528
1137, 11.37000, 22.44885
1138, 11.38000, 27.99731
1139, 11.39000, 27.05918
1140, 11.40000, 27.13249
1141, 11.41000, 17.22445
1142, 11.42000, 15.88098
1143, 11.43000, 18.62920
1144, 11.44000, 17.07603
1145, 11.45000, 19.90381
1146, 11.46000, 20.52001
1147, 11.47000, 22.80200
1148, 11.48000, 26.33144
1149, 11.49000, 26.65392
1150, 11.50000, 25.51441
1151, 11.51000, 22.48276
1152, 11.52000, 29.24350
1153, 11.53000, 29.41230
1154, 11.54000, 26.80106
1155, 11.55000, 24.39581
1156, 11.56000, 21.36363
1157, 11.57000, 22.36093
1158, 11.58000, 24.77242
1159, 11.59000, 25.90405
1160, 11.60000, 25.29184
1161, 11.61000, 23.49608
1162, 11.62000, 24.80896
1163, 11.63000, 32.10497
1164, 11.64000, 28.03631
1165, 11.65000, 28.41262
1166, 11.66000, 28.72733
1167, 11.67000, 30.26019
1168, 11.68000, 26.18883
1169, 11.69000, 22.91309
1170, 11.70000, 21.05956
1171, 11.71000, 21.87075
1172, 11.72000, 25.82576
1173, 11.73000, 21.97962
1174, 11.74000, 28.87805
1175, 11.75000, 33.15592
1176, 11.76000, 27.48145
1177, 11.77000, 25.19388
1178, 11.78000, 26.24303
1179, 11.79000, 30.19887
1180, 11.80000, 25.29889
1181, 11.81000, 28.22144
1182, 11.82000, 23.48604
1183, 11.83000, 31.01362
1184, 11.84000, 23.38424
1185, 11.85000, 22.74732
1186, 11.86000, 22.51409
1187, 11.87000, 22.73663
1188, 11.88000, 21.66784
1189, 11.89000, 22.85499
1190, 11.90000, 20.89850
1191, 11.91000, 17.48981
1192, 11.92000, 22.86179
1193, 11.93000, 19.36307
1194, 11.94000, 17.08153
1195, 11.95000, 14.92446
1196, 11.96000, 17.28489
1197, 11.97000, 20.39383
1198, 11.98000, 19.59714
1199, 11.99000, 26.83192
1200, 12.00000, 23.44557
1201, 12.01000, 26.57474
1202, 12.02000, 23.94240
1203, 12.03000, 24.48726
1204, 12.04000, 22.48789
1205, 12.05000, 23.32776
1206, 12.06000, 21.21856
1207, 12.07000, 22.11322
1208, 12.08000, 26.50579
1209, 12.09000, 27.05441
1210, 12.10000, 22.28009
1211, 12.11000, 27.28625
1212, 12.12000, 25.37573
1213, 12.13000, 20.34942
1214, 12.14000, 18.26864
1215, 12.15000, 19.89158
1216, 12.16000, 23.32922
1217, 12.17000, 20.57439
1218, 12.18000, 20.03697
1219, 12.19000, 25.94362
1220, 12.20000, 27.45575
1221, 12.21000, 23.53474
1222, 12.22000, 30.02910
1223, 12.23000, 18.78222
1224, 12.24000, 20.62212
1225, 12.25000, 20.96929
1226, 12.26000, 25.11419
1227, 12.27000, 21.49757
1228, 12.28000, 27.41373
1229, 12.29000, 30.52384
1230, 12.30000, 21.63168
1231, 12.31000, 22.21840
1232, 12.32000, 27.35745
1233, 12.33000, 20.68325
1234, 12.34000, 21.23452
1235, 12.35000, 20.57678
1236, 12.36000, 24.88875
1237, 12.37000, 18.02908
1238, 12.38000, 18.62091
1239, 12.39000, 19.82478
1240, 12.40000, 31.28772
1241, 12.41000, 24.49633
1242, 12.42000, 18.23202
1243, 12.43000, 16.62693
1244, 12.44000, 17.87257
1245, 12.45000, 16.60739
1246, 12.46000, 22.16511
1247, 12.47000, 25.51696
1248, 12.48000, 22.80635
1249, 12.49000, 20.24244
1250, 12.50000, 20.56170
1251, 12.51000, 21.77170
1252, 12.52000, 20.55570
1253, 12.53000, 24.82822
1254, 12.54000, 25.63875
1255, 12.55000, 21.58997
1256, 12.56000, 22.82561
1257, 12.57000, 21.55297
1258, 12.58000, 19.53703
1259, 12.59000, 23.35369
1260, 12.60000, 28.14549
1261, 12.61000, 26.59774
1262, 12.62000, 22.08102
1263, 12.63000, 34.80151
1264, 12.64000, 22.87759
1265, 12.65000, 21.94219
1266, 12.66000, 23.61856
1267, 12.67000, 19.66595
1268, 12.68000, 22.19912
1269, 12.69000, 15.35093
1270, 12.70000, 19.45079
1271, 12.71000, 24.48129
1272, 12.72000, 21.85961
1273, 12.73000, 19.85104
1274, 12.74000, 21.61727
1275, 12.75000, 27.62220
1276, 12.76000, 27.29262
1277, 12.77000, 26.76728
1278, 12.78000, 23.54698
1279, 12.79000, 21.79520
1280, 12.80000, 22.80261
1281, 12.81000, 22.80696
1282, 12.82000, 19.24190
1283, 12.83000, 14.07294
1284, 12.84000, 21.34741
1285, 12.85000, 28.05823
1286, 12.86000, 25.02828
1287, 12.87000, 22.71515
1288, 12.88000, 24.35260
1289, 12.89000, 29.40257
1290, 12.90000, 21.97763
1291, 12.91000, 18.68264
1292, 12.92000, 24.70910
1293, 12.93000, 22.45958
1294, 12.94000, 22.78621
1295, 12.95000, 25.31586
1296, 12.96000, 23.96921
1297, 12.97000, 20.86198
1298, 12.98000, 22.64079
1299, 12.99000, 21.05585
1300, 13.00000, 26.51615
1301, 13.01000, 21.29818
1302, 13.02000, 19.56630
1303, 13.03000, 25.18993
1304, 13.04000, 24.67701
1305, 13.05000, 18.59899
1306, 13.06000, 20.47840
1307, 13.07000, 21.49747
1308, 13.08000, 22.72264
1309, 13.09000, 28.02309
1310, 13.10000, 24.93610
1311, 13.11000, 23.89445
1312, 13.12000, 23.02133
1313, 13.13000, 20.66039
1314, 13.14000, 19.65007
1315, 13.15000, 23.86143
1316, 13.16000, 20.87717
1317, 13.17000, 22.14261
1318, 13.18000, 23.19673
1319, 13.19000, 22.76684
1320, 13.20000, 23.24389
1321, 13.21000, 21.04559
1322, 13.22000, 22.78024
1323, 13.23000, 31.28958
1324, 13.24000, 22.09145
1325, 13.25000, 23.83106
1326, 13.26000, 26.12822
1327, 13.27000, 27.06448
1328, 13.28000, 30.64777
1329, 13.29000, 22.01876
1330, 13.30000, 27.42567
1331, 13.31000, 25.05446
1332, 13.32000, 24.46780
1333, 13.33000, 25.48094
1334, 13.34000, 26.35745
1335, 13.35000, 26.19085
1336, 13.36000, 26.88808
1337, 13.37000, 18.92130
1338, 13.38000, 21.38970
1339, 13.39000, 18.62610
1340, 13.40000, 19.52506
1341, 13.41000, 19.52149
1342, 13.42000, 20.28468
1343, 13.43000, 22.46680
1344, 13.44000, 23.49607
1345, 13.45000, 20.97426
1346, 13.46000, 22.75978
1347, 13.47000, 26.79060
1348, 13.48000, 21.45580
1349, 13.49000, 27.19669
1350, 13.50000, 15.64839
1351, 13.51000, 16.90909
1352, 13.52000, 22.66336
1353, 13.53000, 22.46791
1354, 13.54000, 23.24374
1355, 13.55000, 22.95099
1356, 13.56000, 22.18285
1357, 13.57000, 21.62658
1358, 13.58000, 26.14408
1359, 13.59000, 24.44794
1360, 13.60000, 24.94320
1361, 13.61000, 27.36100
1362, 13.62000, 26.58191
1363, 13.63000, 23.80435
1364, 13.64000, 26.53829
1365, 13.65000, 26.53528
1366, 13.66000, 24.97224
1367, 13.67000, 26.61957
1368, 13.68000, 24.93423
1369, 13.69000, 27.59148
1370, 13.70000, 21.05437
1371, 13.71000, 18.17642
1372, 13.72000, 19.71204
1373, 13.73000, 19.00955
1374, 13.74000, 24.01601
1375, 13.75000, 21.35841
1376, 13.76000, 20.07185
1377, 13.77000, 16.80035
1378, 13.78000, 17.80403
1379, 13.79000, 18.13805
1380, 13.80000, 22.57002
1381, 13.81000, 24.52324
1382, 13.82000, 21.47959
1383, 13.83000, 22.06737
1384, 13.84000, 23.23247
1385, 13.85000, 25.13688
1386, 13.86000, 27.39020
1387, 13.87000, 18.18909
1388, 13.88000, 21.77946
1389, 13.89000, 29.10664
1390, 13.90000, 31.46054
1391, 13.91000, 27.60862
1392, 13.92000, 28.41694
1393, 13.93000, 25.85670
1394, 13.94000, 25.06222
1395, 13.95000, 25.26649
1396, 13.96000, 27.57010
1397, 13.97000, 22.40382
1398, 13.98000, 22.67691
1399, 13.99000, 25.75401
1400, 14.00000, 19.96259
1401, 14.01000, 25.67537
1402, 14.02000, 24.72097
1403, 14.03000, 26.17116
1404, 14.04000, 19.86113
1405, 14.05000, 23.39993
1406, 14.06000, 23.61627
1407, 14.07000, 22.48305
1408, 14.08000, 20.42295
1409, 14.09000, 28.43625
1410, 14.10000, 21.52811
1411, 14.11000, 18.41931
1412, 14.12000, 24.08142
1413, 14.13000, 21.21746
1414, 14.14000, 21.77485
1415, 14.15000, 18.19262
1416, 14.16000, 21.69508
1417, 14.17000, 23.86837
1418, 14.18000, 19.02645
1419, 14.19000, 24.74558
1420, 14.20000, 25.37684
1421, 14.21000, 21.26375
1422, 14.22000, 22.86145
1423, 14.23000, 23.17678
1424, 14.24000, 25.82739
1425, 14.25000, 27.91220
1426, 14.26000, 27.70270
1427, 14.27000, 21.38314
1428, 14.28000, 19.01133
1429, 14.29000, 21.84564
1430, 14.30000, 17.78049
1431, 14.31000, 17.92275
1432, 14.32000, 20.92159
1433, 14.33000, 28.10346
1434, 14.34000, 25.51303
1435, 14.35000, 22.19120
1436, 14.36000, 21.82793
1437, 14.37000, 26.26020
1438, 14.38000, 20.15741
1439, 14.39000, 25.76625
1440, 14.40000, 26.85159
1441, 14.41000, 27.99602
1442, 14.42000, 23.30211
1443, 14.43000, 23.27815
1444, 14.44000, 27.99352
1445, 14.45000, 27.17068
1446, 14.46000, 24.47348
1447, 14.47000, 22.68271
1448, 14.48000, 29.82839
1449, 14.49000, 28.98575
1450, 14.50000, 21.32987
1451, 14.51000, 27.12293
1452, 14.52000, 23.41066
1453, 14.53000, 22.29085
1454, 14.54000, 23.91769
1455, 14.55000, 29.25855
1456, 14.56000, 30.49996
1457, 14.57000, 29.02344
1458, 14.58000, 25.30377
1459, 14.59000, 22.38125
1460, 14.60000, 21.04742
1461, 14.61000, 21.31254
1462, 14.62000, 25.29999
1463, 14.63000, 31.25615
1464, 14.64000, 23.66638
1465, 14.65000, 22.91513
1466, 14.66000, 20.45761
1467, 14.67000, 22.19505
1468, 14.68000, 24.70178
1469, 14.69000, 23.83159
1470, 14.70000, 22.03125
1471, 14.71000, 28.00155
1472, 14.72000, 19.21503
1473, 14.73000, 22.41868
1474, 14.74000, 24.55489
1475, 14.75000, 27.10262
1476, 14.76000, 19.39939
1477, 14.77000, 23.45727
1478, 14.78000, 18.53115
1479, 14.79000, 16.62827
1480, 14.80000, 18.84824
1481, 14.81000, 29.23460
1482, 14.82000, 29.16383
1483, 14.83000, 21.68800
1484, 14.84000, 26.17672
1485, 14.85000, 27.61615
1486, 14.86000, 30.05155
1487, 14.87000, 20.43335
1488, 14.88000, 21.85965
1489, 14.89000, 21.73346
1490, 14.90000, 21.59398
1491, 14.91000, 20.44066
1492, 14.92000, 19.62718
1493, 14.93000, 19.89581
1494, 14.94000, 17.20162
1495, 14.95000, 18.15623
1496, 14.96000, 20.67107
1497, 14.97000, 16.74253
1498, 14.98000, 23.03701
1499, 14.99000, 28.00964
1500, 15.00000, 31.40182
1501, 15.01000, 25.74044
1502, 15.02000, 23.58738
1503, 15.03000, 25.78321
1504, 15.04000, 27.70635
1505, 15.05000, 29.78980
1506, 15.06000, 29.46806
1507, 15.07000, 26.86071
1508, 15.08000, 25.19190
1509, 15.09000, 22.43631
1510, 15.10000, 22.46450
1511, 15.11000, 19.77197
1512, 15.12000, 18.82527
1513, 15.13000, 18.03780
1514, 15.14000, 16.32935
1515, 15.15000, 22.76956
1516, 15.16000, 25.14905
1517, 15.17000, 26.20507
1518, 15.18000, 24.60884
1519, 15.19000, 25.61041
1520, 15.20000, 22.15421
1521, 15.21000, 21.57284
1522, 15.22000, 17.84519
1523, 15.23000, 19.01935
1524, 15.24000, 22.19694
1525, 15.25000, 21.85007
1526, 15.26000, 22.35585
1527, 15.27000, 26.04338
1528, 15.28000, 21.85969
1529, 15.29000, 26.94866
1530, 15.30000, 25.01665
1531, 15.31000, 26.36123
1532, 15.32000, 25.62179
1533, 15.33000, 30.07870
1534, 15.34000, 29.68224
1535, 15.35000, 28.13125
1536, 15.36000, 27.04730
1537, 15.37000, 21.82245
1538, 15.38000, 26.22639
1539, 15.39000, 27.66446
1540, 15.40000, 25.79303
1541, 15.41000, 27.61694
1542, 15.42000, 22.98145
1543, 15.43000, 19.64474
1544, 15.44000, 33.31367
1545, 15.45000, 29.00661
1546, 15.46000, 27.32875
1547, 15.47000, 24.89819
1548, 15.48000, 30.49169
1549, 15.49000, 25.03020
1550, 15.50000, 26.64417
1551, 15.51000, 20.69411
1552, 15.52000, 24.55209
1553, 15.53000, 22.87841
1554, 15.54000, 24.50387
1555, 15.55000, 27.21320
1556, 15.56000, 25.60231
1557, 15.57000, 26.77016
1558, 15.58000, 22.95737
1559, 15.59000, 25.11971
1560, 15.60000, 17.85111
1561, 15.61000, 19.98701
1562, 15.62000, 20.75720
1563, 15.63000, 23.03558
1564, 15.64000, 26.52470
1565, 15.65000, 25.21525
1566, 15.66000, 26.46121
1567, 15.67000, 26.03084
1568, 15.68000, 26.49244
1569, 15.69000, 27.28410
1570, 15.70000, 24.34366
1571, 15.71000, 21.07417
1572, 15.72000, 18.05500
1573, 15.73000, 21.69958
1574, 15.74000, 29.11293
1575, 15.75000, 23.19262
1576, 15.76000, 20.19732
1577, 15.77000, 18.57620
1578, 15.78000, 19.86182
1579, 15.79000, 23.64604
1580, 15.80000, 22.57503
1581, 15.81000, 25.40751
1582, 15.82000, 22.58461
1583, 15.83000, 21.49019
1584, 15.84000, 23.74528
1585, 15.85000, 30.05907
1586, 15.86000, 26.26924
1587, 15.87000, 26.75674
1588, 15.88000, 23.58223
1589, 15.89000, 27.58772
1590, 15.90000, 25.18429
1591, 15.91000, 18.98660
1592, 15.92000, 22.26526
1593, 15.93000, 24.77739
1594, 15.94000, 21.44566
1595, 15.95000, 24.63197
1596, 15.96000, 18.99190
1597, 15.97000, 22.07139
1598, 15.98000, 23.10708
1599, 15.99000, 18.97493
1600, 16.00000, 16.79874
1601, 16.01000, 20.66542
1602, 16.02000, 19.00042
1603, 16.03000, 28.13931
1604, 16.04000, 22.11986
1605, 16.05000, 23.04164
1606, 16.06000, 26.26331
1607, 16.07000, 18.58731
1608, 16.08000, 23.67190
1609, 16.09000, 21.39524
1610, 16.10000, 18.39381
1611, 16.11000, 22.94810
1612, 16.12000, 25.70555
1613, 16.13000, 25.10190
1614, 16.14000, 27.59434
1615, 16.15000, 24.33115
1616, 16.16000, 25.89811
1617, 16.17000, 26.71901
1618, 16.18000, 23.15435
1619, 16.19000, 15.79072
1620, 16.20000, 22.55843
1621, 16.21000, 28.46749
1622, 16.22000, 24.07349
1623, 16.23000, 33.29980
1624, 16.24000, 30.17752
1625, 16.25000, 23.63029
1626, 16.26000, 23.21126
1627, 16.27000, 24.52160
1628, 16.28000, 22.16113
1629, 16.29000, 24.34863
1630, 16.30000, 21.88525
1631, 16.31000, 24.63530
1632, 16.32000, 26.00648
1633, 16.33000, 22.76364
1634, 16.34000, 20.53447
1635, 16.35000, 18.90098
1636, 16.36000, 19.62512
1637, 16.37000, 20.38318
1638, 16.38000, 16.69139
1639, 16.39000, 17.57019
1640, 16.40000, 25.16306
1641, 16.41000, 26.23340
1642, 16.42000, 22.84792
1643, 16.43000, 19.84920
1644, 16.44000, 24.49973
1645, 16.45000, 29.18536
1646, 16.46000, 19.23205
1647, 16.47000, 30.79429
1648, 16.48000, 24.16321
1649, 16.49000, 22.85322
1650, 16.50000, 24.34159
1651, 16.51000, 22.59106
1652, 16.52000, 22.47248
1653, 16.53000, 16.59511
1654, 16.54000, 16.44337
1655, 16.55000, 21.21281
1656, 16.56000, 24.30802
1657, 16.57000, 21.32836
1658, 16.58000, 25.10064
1659, 16.59000, 23.24123
1660, 16.60000, 23.18484
1661, 16.61000, 25.08624
1662, 16.62000, 20.55333
1663, 16.63000, 19.92573
1664, 16.64000, 20.68114
1665, 16.65000, 18.69757
1666, 16.66000, 28.75568
1667, 16.67000, 23.91696
1668, 16.68000, 26.41951
1669, 16.69000, 22.81827
1670, 16.70000, 23.32659
1671, 16.71000, 20.51376
1672, 16.72000, 23.41863
1673, 16.73000, 21.98630
1674, 16.74000, 20.07581
1675, 16.75000, 23.04745
1676, 16.76000, 22.39939
1677, 16.77000, 18.62589
1678, 16.78000, 19.75823
1679, 16.79000, 22.39415
1680, 16.80000, 22.12537
1681, 16.81000, 25.66299
1682, 16.82000, 26.27020
1683, 16.83000, 25.26256
1684, 16.84000, 17.99309
1685, 16.85000, 14.77431
1686, 16.86000, 15.10985
1687, 16.87000, 22.08439
1688, 16.88000, 19.03740
1689, 16.89000, 18.55311
1690, 16.90000, 16.60364
1691, 16.91000, 16.21020
1692, 16.92000, 19.13746
1693, 16.93000, 19.78824
1694, 16.94000, 25.79890
1695, 16.95000, 22.93241
1696, 16.96000, 19.51842
1697, 16.97000, 18.73335
1698, 16.98000, 25.85122
1699, 16.99000, 22.16442
1700, 17.00000, 24.71024
1701, 17.01000, 22.60251
1702, 17.02000, 21.92583
1703, 17.03000, 21.33360
1704, 17.04000, 17.81345
1705, 17.05000, 17.17973
1706, 17.06000, 15.07195
1707, 17.07000, 20.20121
1708, 17.08000, 20.40694
1709, 17.09000, 23.60132
1710, 17.10000, 19.18591
1711, 17.11000, 24.31582
1712, 17.12000, 26.77269
1713, 17.13000, 18.06892
1714, 17.14000, 15.90808
1715, 17.15000, 16.81411
1716, 17.16000, 21.94954
1717, 17.17000, 21.56700
1718, 17.18000, 23.37498
1719, 17.19000, 20.93196
1720, 17.20000, 23.46181
1721, 17.21000, 23.59955
1722, 17.22000, 18.46161
1723, 17.23000, 16.61347
1724, 17.24000, 16.25067
1725, 17.25000, 15.94112
1726, 17.26000, 18.65281
1727, 17.27000, 27.23047
1728, 17.28000, 21.72895
1729, 17.29000, 21.15298
1730, 17.30000, 21.56496
1731, 17.31000, 23.09899
1732, 17.32000, 23.44632
1733, 17.33000, 23.75586
1734, 17.34000, 23.17884
1735, 17.35000, 22.94221
1736, 17.36000, 22.78746
1737, 17.37000, 30.90031
1738, 17.38000, 19.64841
1739, 17.39000, 27.19328
1740, 17.40000, 23.82961
1741, 17.41000, 24.78692
1742, 17.42000, 24.93077
1743, 17.43000, 25.87223
1744, 17.44000, 25.09655
1745, 17.45000, 18.23360
1746, 17.46000, 16.41266
1747, 17.47000, 22.39251
1748, 17.48000, 20.88370
1749, 17.49000, 22.73236
1750, 17.50000, 17.35557
1751, 17.51000, 17.83002
1752, 17.52000, 22.94674
1753, 17.53000, 15.80693
1754, 17.54000, 20.02090
1755, 17.55000, 21.56040
1756, 17.56000, 22.42901
1757, 17.57000, 19.76254
1758, 17.58000, 18.67376
1759, 17.59000, 20.15355
1760, 17.60000, 19.46703
1761, 17.61000, 21.40232
1762, 17.62000, 20.64269
1763, 17.63000, 23.67716
1764, 17.64000, 21.93938
1765, 17.65000, 24.53167
1766, 17.66000, 23.97636
1767, 17.67000, 24.28341
1768, 17.68000, 20.27478
1769, 17.69000, 15.65331
1770, 17.70000, 15.38650
1771, 17.71000, 16.09261
1772, 17.72000, 24.25266
1773, 17.73000, 26.48140
1774, 17.74000, 26.74018
1775, 17.75000, 24.83932
1776, 17.76000, 20.59867
1777, 17.77000, 24.80041
1778, 17.78000, 20.52292
1779, 17.79000, 25.82727
1780, 17.80000, 21.31267
1781, 17.81000, 24.55894
1782, 17.82000, 20.59522
1783, 17.83000, 23.18755
1784, 17.84000, 27.11019
1785, 17.85000, 25.51861
1786, 17.86000, 20.26777
1787, 17.87000, 25.35609
1788, 17.88000, 24.34073
1789, 17.89000, 23.52411
1790, 17.90000, 23.59697
1791, 17.91000, 23.07073
1792, 17.92000, 18.87336
1793, 17.93000, 18.66206
1794, 17.94000, 18.37485
1795, 17.95000, 22.03169
1796, 17.96000, 24.15925
1797, 17.97000, 22.29726
1798, 17.98000, 24.38470
1799, 17.99000, 23.94884
1800, 18.00000, 22.84565
1801, 18.01000, 25.56506
1802, 18.02000, 27.58491
1803, 18.03000, 20.19798
1804, 18.04000, 17.50602
1805, 18.05000, 20.04924
1806, 18.06000, 19.96571
1807, 18.07000, 17.55132
1808, 18.08000, 18.62061
1809, 18.09000, 17.71882
1810, 18.10000, 19.13055
1811, 18.11000, 26.69856
1812, 18.12000, 26.07471
1813, 18.13000, 28.44079
1814, 18.14000, 23.68931
1815, 18.15000, 27.42980
1816, 18.16000, 26.52396
1817, 18.17000, 24.15620
1818, 18.18000, 20.94076
1819, 18.19000, 21.68634
1820, 18.20000, 25.47710
1821, 18.21000, 26.85256
1822, 18.22000, 25.55613
1823, 18.23000, 24.75852
1824, 18.24000, 22.51606
1825, 18.25000, 19.16236
1826, 18.26000, 20.67451
1827, 18.27000, 20.77253
1828, 18.28000, 21.17661
1829, 18.29000, 19.64256
1830, 18.30000, 20.98853
1831, 18.31000, 25.10302
1832, 18.32000, 21.00298
1833, 18.33000, 26.98168
1834, 18.34000, 25.27769
1835, 18.35000, 22.39469
1836, 18.36000, 23.01828
1837, 18.37000, 26.04939
1838, 18.38000, 17.62677
1839, 18.39000, 15.59858
1840, 18.40000, 18.17200
1841, 18.41000, 18.74714
1842, 18.42000, 20.36773
1843, 18.43000, 25.12686
1844, 18.44000, 20.31854
1845, 18.45000, 20.32179
1846, 18.46000, 25.75077
1847, 18.47000, 20.22413
1848, 18.48000, 23.18357
1849, 18.49000, 26.43323
1850, 18.50000, 21.26680
1851, 18.51000, 25.92985
1852, 18.52000, 25.56780
1853, 18.53000, 20.21916
1854, 18.54000, 24.78252
1855, 18.55000, 23.76190
1856, 18.56000, 25.59638
1857, 18.57000, 19.81140
1858, 18.58000, 20.42010
1859, 18.59000, 19.43735
1860, 18.60000, 16.03931
1861, 18.61000, 15.24253
1862, 18.62000, 15.27076
1863, 18.63000, 20.71888
1864, 18.64000, 25.35423
1865, 18.65000, 24.08473
1866, 18.66000, 21.23078
1867, 18.67000, 24.03272
1868, 18.68000, 22.16883
1869, 18.69000, 18.80901
1870, 18.70000, 23.94120
1871, 18.71000, 23.55887
1872, 18.72000, 25.67203
1873, 18.73000, 22.96971
1874, 18.74000, 19.51650
1875, 18.75000, 22.63903
1876, 18.76000, 22.72002
1877, 18.77000, 22.79454
1878, 18.78000, 16.58255
1879, 18.79000, 18.28239
1880, 18.80000, 19.53509
1881, 18.81000, 21.59414
1882, 18.82000, 20.40058
1883, 18.83000, 20.04776
1884, 18.84000, 16.71675
1885, 18.85000, 19.17798
1886, 18.86000, 20.35090
1887, 18.87000, 26.15033
1888, 18.88000, 29.76697
1889, 18.89000, 20.69988
1890, 18.90000, 19.84643
1891, 18.91000, 23.44887
1892, 18.92000, 25.14879
1893, 18.93000, 27.12079
1894, 18.94000, 18.13612
1895, 18.95000, 17.13618
1896, 18.96000, 22.19467
1897, 18.97000, 27.99857
1898, 18.98000, 26.45409
1899, 18.99000, 22.94429
1900, 19.00000, 20.89612
1901, 19.01000, 21.60160
1902, 19.02000, 23.60879
1903, 19.03000, 23.52535
1904, 19.04000, 19.84222
1905, 19.05000, 18.36196
1906, 19.06000, 19.03895
1907, 19.07000, 22.72252
1908, 19.08000, 23.23874
1909, 19.09000, 29.38933
1910, 19.10000, 26.08106
1911, 19.11000, 19.98165
1912, 19.12000, 19.38364
1913, 19.13000, 19.73376
1914, 19.14000, 18.22195
1915, 19.15000, 24.91268
1916, 19.16000, 24.20860
1917, 19.17000, 22.04465
1918, 19.18000, 17.59171
1919, 19.19000, 25.86788
1920, 19.20000, 22.55136
1921, 19.21000, 20.82041
1922, 19.22000, 17.69488
1923, 19.23000, 17.36568
1924, 19.24000, 18.05532
1925, 19.25000, 26.42722
1926, 19.26000, 28.72025
1927, 19.27000, 24.19884
1928, 19.28000, 26.04039
1929, 19.29000, 22.45552
1930, 19.30000, 27.59817
1931, 19.31000, 23.52625
1932, 19.32000, 18.50504
1933, 19.33000, 20.94708
1934, 19.34000, 24.28829
1935, 19.35000, 28.46866
1936, 19.36000, 24.46352
1937, 19.37000, 22.31308
1938, 19.38000, 24.64604
1939, 19.39000, 23.92582
1940, 19.40000, 16.34781
1941, 19.41000, 20.22149
1942, 19.42000, 21.28487
1943, 19.43000, 22.18431
1944, 19.44000, 20.37212
1945, 19.45000, 21.29586
1946, 19.46000, 21.04204
1947, 19.47000, 20.72130
1948, 19.48000, 24.59038
1949, 19.49000, 19.30587
1950, 19.50000, 22.95360
1951, 19.51000, 24.71179
1952, 19.52000, 24.32180
1953, 19.53000, 23.56577
1954, 19.54000, 20.86576
1955, 19.55000, 20.58307
1956, 19.56000, 28.80592
1957, 19.57000, 24.39020
1958, 19.58000, 24.89173
1959, 19.59000, 25.55764
1960, 19.60000, 25.93465
1961, 19.61000, 29.03299
1962, 19.62000, 26.18754
1963, 19.63000, 26.77076
1964, 19.64000, 20.54327
1965, 19.65000, 24.06548
1966, 19.66000, 20.20101
1967, 19.67000, 23.86554
1968, 19.68000, 21.74935
1969, 19.69000, 24.47997
1970, 19.70000, 26.24698
1971, 19.71000, 23.42490
1972, 19.72000, 21.69095
1973, 19.73000, 27.17480
1974, 19.74000, 25.20147
1975, 19.75000, 23.21424
1976, 19.76000, 24.73752
1977, 19.77000, 21.88838
1978, 19.78000, 21.93435
1979, 19.79000, 21.36126
1980, 19.80000, 20.71058
1981, 19.81000, 28.10739
1982, 19.82000, 22.52003
1983, 19.83000, 21.77267
1984, 19.84000, 27.14935
1985, 19.85000, 24.46477
1986, 19.86000, 23.78516
1987, 19.87000, 24.85132
1988, 19.88000, 27.80160
1989, 19.89000, 26.38258
1990, 19.90000, 21.45542
1991, 19.91000, 23.32165
1992, 19.92000, 22.05024
1993, 19.93000, 22.43230
1994, 19.94000, 26.73602
1995, 19.95000, 21.20361
1996, 19.96000, 19.95346
1997, 19.97000, 20.49981
1998, 19.98000, 19.06137
1999, 19.99000, 23.87275
2000, 20.00000, 27.14203
2001, 20.01000, 22.71167
