nt, t, solve_time
1, 0.01000, 68.23485
2, 0.02000, 57.25610
3, 0.03000, 48.99645
4, 0.04000, 69.73025
5, 0.05000, 48.61753
6, 0.06000, 78.18459
7, 0.07000, 39.07314
8, 0.08000, 39.09058
9, 0.09000, 53.89064
10, 0.10000, 39.26621
11, 0.11000, 42.36928
12, 0.12000, 45.71449
13, 0.13000, 26.93063
14, 0.14000, 24.71592
15, 0.15000, 40.75973
16, 0.16000, 55.77817
17, 0.17000, 43.74691
18, 0.18000, 34.83151
19, 0.19000, 31.44179
20, 0.20000, 21.15154
21, 0.21000, 44.95117
22, 0.22000, 22.00229
23, 0.23000, 33.60880
24, 0.24000, 44.95412
25, 0.25000, 35.91898
26, 0.26000, 44.56149
27, 0.27000, 45.12564
28, 0.28000, 38.33849
29, 0.29000, 39.36780
30, 0.30000, 58.20398
31, 0.31000, 57.79631
32, 0.32000, 36.31991
33, 0.33000, 43.31194
34, 0.34000, 33.37460
35, 0.35000, 47.78358
36, 0.36000, 33.12840
37, 0.37000, 39.92351
38, 0.38000, 28.58548
39, 0.39000, 41.76240
40, 0.40000, 38.20600
41, 0.41000, 40.68342
42, 0.42000, 43.46564
43, 0.43000, 49.19519
44, 0.44000, 19.80048
45, 0.45000, 29.74430
46, 0.46000, 23.02855
47, 0.47000, 25.76267
48, 0.48000, 39.31042
49, 0.49000, 33.29017
50, 0.50000, 30.77557
51, 0.51000, 24.16013
52, 0.52000, 21.53200
53, 0.53000, 27.99236
54, 0.54000, 20.25330
55, 0.55000, 21.33930
56, 0.56000, 25.33004
57, 0.57000, 25.13596
58, 0.58000, 20.55284
59, 0.59000, 26.09759
60, 0.60000, 32.52716
61, 0.61000, 29.91151
62, 0.62000, 28.49189
63, 0.63000, 17.41483
64, 0.64000, 35.65210
65, 0.65000, 28.38523
66, 0.66000, 31.77812
67, 0.67000, 23.28989
68, 0.68000, 14.22229
69, 0.69000, 29.68153
70, 0.70000, 18.32996
71, 0.71000, 22.08841
72, 0.72000, 18.39130
73, 0.73000, 21.50275
74, 0.74000, 27.29864
75, 0.75000, 28.99196
76, 0.76000, 25.70201
77, 0.77000, 21.26505
78, 0.78000, 13.37621
79, 0.79000, 11.54943
80, 0.80000, 20.82891
81, 0.81000, 32.56426
82, 0.82000, 27.69602
83, 0.83000, 30.03909
84, 0.84000, 29.74899
85, 0.85000, 41.63372
86, 0.86000, 42.47575
87, 0.87000, 30.56183
88, 0.88000, 33.54588
89, 0.89000, 36.65251
90, 0.90000, 35.27387
91, 0.91000, 33.57523
92, 0.92000, 33.07327
93, 0.93000, 44.05322
94, 0.94000, 39.51687
95, 0.95000, 35.74967
96, 0.96000, 33.70228
97, 0.97000, 32.85724
98, 0.98000, 24.50944
99, 0.99000, 36.11696
100, 1.00000, 41.97941
101, 1.01000, 36.82934
102, 1.02000, 30.86402
103, 1.03000, 39.56331
104, 1.04000, 35.87970
105, 1.05000, 36.20324
106, 1.06000, 41.19710
107, 1.07000, 48.75194
108, 1.08000, 38.86925
109, 1.09000, 28.03902
110, 1.10000, 35.49724
111, 1.11000, 37.69215
112, 1.12000, 43.19186
113, 1.13000, 44.53703
114, 1.14000, 25.91401
115, 1.15000, 37.18342
116, 1.16000, 37.23273
117, 1.17000, 30.81937
118, 1.18000, 34.21551
119, 1.19000, 27.01596
120, 1.20000, 32.06380
121, 1.21000, 44.71288
122, 1.22000, 29.26328
123, 1.23000, 43.94998
124, 1.24000, 39.42619
125, 1.25000, 35.27144
126, 1.26000, 39.37916
127, 1.27000, 48.28652
128, 1.28000, 47.54403
129, 1.29000, 48.80510
130, 1.30000, 43.78327
131, 1.31000, 40.26355
132, 1.32000, 48.57260
133, 1.33000, 42.25789
134, 1.34000, 30.27536
135, 1.35000, 40.05954
136, 1.36000, 24.51039
137, 1.37000, 20.38718
138, 1.38000, 25.28344
139, 1.39000, 38.83954
140, 1.40000, 31.86380
141, 1.41000, 27.73295
142, 1.42000, 37.78722
143, 1.43000, 41.43987
144, 1.44000, 31.97619
145, 1.45000, 28.71657
146, 1.46000, 41.00727
147, 1.47000, 30.42224
148, 1.48000, 34.11565
149, 1.49000, 35.99332
150, 1.50000, 36.38025
151, 1.51000, 30.66887
152, 1.52000, 37.92530
153, 1.53000, 32.48951
154, 1.54000, 30.47863
155, 1.55000, 45.06275
156, 1.56000, 28.12369
157, 1.57000, 36.44471
158, 1.58000, 33.74337
159, 1.59000, 31.53883
160, 1.60000, 29.31582
161, 1.61000, 36.79357
162, 1.62000, 41.26224
163, 1.63000, 32.78824
164, 1.64000, 37.53610
165, 1.65000, 33.88769
166, 1.66000, 21.63853
167, 1.67000, 28.64628
168, 1.68000, 43.83323
169, 1.69000, 35.32326
170, 1.70000, 26.48533
171, 1.71000, 36.42333
172, 1.72000, 31.40821
173, 1.73000, 32.14379
174, 1.74000, 32.13401
175, 1.75000, 30.74383
176, 1.76000, 50.00627
177, 1.77000, 43.31958
178, 1.78000, 43.04271
179, 1.79000, 40.34274
180, 1.80000, 33.48410
181, 1.81000, 44.20425
182, 1.82000, 45.69620
183, 1.83000, 39.09332
184, 1.84000, 40.53158
185, 1.85000, 29.31924
186, 1.86000, 19.75838
187, 1.87000, 31.53005
188, 1.88000, 35.15033
189, 1.89000, 43.97287
190, 1.90000, 34.21962
191, 1.91000, 33.39277
192, 1.92000, 33.83709
193, 1.93000, 34.68066
194, 1.94000, 27.13100
195, 1.95000, 38.27465
196, 1.96000, 26.68315
197, 1.97000, 22.42345
198, 1.98000, 33.75009
199, 1.99000, 36.37812
200, 2.00000, 32.28585
201, 2.01000, 33.29968
202, 2.02000, 19.34927
203, 2.03000, 27.50177
204, 2.04000, 32.20326
205, 2.05000, 31.67138
206, 2.06000, 33.91492
207, 2.07000, 26.63873
208, 2.08000, 31.95617
209, 2.09000, 33.25173
210, 2.10000, 35.09591
211, 2.11000, 31.98317
212, 2.12000, 30.29677
213, 2.13000, 32.25974
214, 2.14000, 27.18571
215, 2.15000, 21.99205
216, 2.16000, 30.31022
217, 2.17000, 27.49947
218, 2.18000, 28.47334
219, 2.19000, 24.81460
220, 2.20000, 29.02068
221, 2.21000, 31.38778
222, 2.22000, 33.71363
223, 2.23000, 28.93116
224, 2.24000, 20.64267
225, 2.25000, 34.06288
226, 2.26000, 16.93282
227, 2.27000, 14.52771
228, 2.28000, 25.12522
229, 2.29000, 25.32430
230, 2.30000, 18.38010
231, 2.31000, 22.44800
232, 2.32000, 17.99124
233, 2.33000, 16.75206
234, 2.34000, 28.60727
235, 2.35000, 24.53530
236, 2.36000, 32.28589
237, 2.37000, 31.57814
238, 2.38000, 28.66570
239, 2.39000, 32.22400
240, 2.40000, 22.69722
241, 2.41000, 24.84154
242, 2.42000, 22.27438
243, 2.43000, 25.00580
244, 2.44000, 26.61709
245, 2.45000, 29.52251
246, 2.46000, 27.61209
247, 2.47000, 29.20437
248, 2.48000, 29.17291
249, 2.49000, 30.11089
250, 2.50000, 28.23765
251, 2.51000, 32.57997
252, 2.52000, 24.10559
253, 2.53000, 24.00484
254, 2.54000, 25.70629
255, 2.55000, 36.54938
256, 2.56000, 23.86815
257, 2.57000, 21.70356
258, 2.58000, 30.34656
259, 2.59000, 21.06983
260, 2.60000, 21.71048
261, 2.61000, 17.65736
262, 2.62000, 16.53932
263, 2.63000, 13.56044
264, 2.64000, 17.20921
265, 2.65000, 25.91808
266, 2.66000, 26.79027
267, 2.67000, 30.78409
268, 2.68000, 32.95900
269, 2.69000, 33.87958
270, 2.70000, 24.99926
271, 2.71000, 28.23965
272, 2.72000, 19.80164
273, 2.73000, 31.45405
274, 2.74000, 25.13359
275, 2.75000, 21.51193
276, 2.76000, 24.67961
277, 2.77000, 24.28186
278, 2.78000, 28.32366
279, 2.79000, 24.44273
280, 2.80000, 26.09113
281, 2.81000, 22.35293
282, 2.82000, 21.54550
283, 2.83000, 27.36603
284, 2.84000, 30.48806
285, 2.85000, 31.99097
286, 2.86000, 19.61677
287, 2.87000, 21.07575
288, 2.88000, 27.61949
289, 2.89000, 32.39206
290, 2.90000, 27.62288
291, 2.91000, 27.02857
292, 2.92000, 26.71786
293, 2.93000, 27.80336
294, 2.94000, 27.92863
295, 2.95000, 22.73517
296, 2.96000, 31.15750
297, 2.97000, 27.56072
298, 2.98000, 22.49973
299, 2.99000, 26.16711
300, 3.00000, 22.75647
301, 3.01000, 23.18762
302, 3.02000, 21.56943
303, 3.03000, 22.40847
304, 3.04000, 26.96413
305, 3.05000, 30.82072
306, 3.06000, 18.50514
307, 3.07000, 17.05145
308, 3.08000, 22.03895
309, 3.09000, 28.83491
310, 3.10000, 32.92426
311, 3.11000, 27.25530
312, 3.12000, 18.44767
313, 3.13000, 24.43881
314, 3.14000, 23.25904
315, 3.15000, 36.36137
316, 3.16000, 32.77412
317, 3.17000, 40.94626
318, 3.18000, 32.62160
319, 3.19000, 22.94877
320, 3.20000, 25.71988
321, 3.21000, 25.91952
322, 3.22000, 40.71671
323, 3.23000, 24.79437
324, 3.24000, 39.01902
325, 3.25000, 17.82544
326, 3.26000, 22.97971
327, 3.27000, 18.92129
328, 3.28000, 20.29117
329, 3.29000, 24.25824
330, 3.30000, 27.74628
331, 3.31000, 25.44825
332, 3.32000, 36.90147
333, 3.33000, 22.31850
334, 3.34000, 19.79119
335, 3.35000, 23.69826
336, 3.36000, 30.56012
337, 3.37000, 24.14296
338, 3.38000, 24.40099
339, 3.39000, 19.09801
340, 3.40000, 23.00624
341, 3.41000, 22.89126
342, 3.42000, 25.20653
343, 3.43000, 24.76518
344, 3.44000, 23.17518
345, 3.45000, 25.23030
346, 3.46000, 28.02460
347, 3.47000, 39.02875
348, 3.48000, 30.07851
349, 3.49000, 25.63084
350, 3.50000, 22.68695
351, 3.51000, 27.90130
352, 3.52000, 28.00700
353, 3.53000, 31.31644
354, 3.54000, 34.39429
355, 3.55000, 35.89763
356, 3.56000, 18.98840
357, 3.57000, 25.06428
358, 3.58000, 20.93458
359, 3.59000, 19.22775
360, 3.60000, 30.00404
361, 3.61000, 24.71491
362, 3.62000, 28.69386
363, 3.63000, 30.11476
364, 3.64000, 21.55090
365, 3.65000, 19.50643
366, 3.66000, 30.54942
367, 3.67000, 25.37059
368, 3.68000, 25.48983
369, 3.69000, 29.91474
370, 3.70000, 28.49525
371, 3.71000, 25.52949
372, 3.72000, 30.16174
373, 3.73000, 26.82851
374, 3.74000, 33.88827
375, 3.75000, 33.93091
376, 3.76000, 30.90560
377, 3.77000, 34.60674
378, 3.78000, 24.61625
379, 3.79000, 29.15964
380, 3.80000, 30.48319
381, 3.81000, 23.49100
382, 3.82000, 20.56931
383, 3.83000, 28.26729
384, 3.84000, 22.06514
385, 3.85000, 28.74013
386, 3.86000, 18.73187
387, 3.87000, 28.43157
388, 3.88000, 19.78110
389, 3.89000, 28.09796
390, 3.90000, 18.91715
391, 3.91000, 15.74073
392, 3.92000, 19.28426
393, 3.93000, 17.88460
394, 3.94000, 20.10956
395, 3.95000, 23.65841
396, 3.96000, 26.06244
397, 3.97000, 27.44389
398, 3.98000, 29.24690
399, 3.99000, 23.09822
400, 4.00000, 20.07498
401, 4.01000, 23.63053
402, 4.02000, 19.50196
403, 4.03000, 22.14928
404, 4.04000, 28.76080
405, 4.05000, 29.83640
406, 4.06000, 26.62123
407, 4.07000, 18.82817
408, 4.08000, 19.56345
409, 4.09000, 23.85375
410, 4.10000, 22.15797
411, 4.11000, 30.24085
412, 4.12000, 33.79742
413, 4.13000, 28.91828
414, 4.14000, 21.70408
415, 4.15000, 22.03772
416, 4.16000, 20.22007
417, 4.17000, 23.00041
418, 4.18000, 24.43989
419, 4.19000, 23.64178
420, 4.20000, 29.09500
421, 4.21000, 31.47224
422, 4.22000, 18.82135
423, 4.23000, 20.16658
424, 4.24000, 15.98296
425, 4.25000, 25.44180
426, 4.26000, 28.56183
427, 4.27000, 28.99514
428, 4.28000, 30.82961
429, 4.29000, 30.61694
430, 4.30000, 25.81414
431, 4.31000, 23.20867
432, 4.32000, 16.19040
433, 4.33000, 20.12166
434, 4.34000, 18.05165
435, 4.35000, 23.18081
436, 4.36000, 21.15464
437, 4.37000, 19.01123
438, 4.38000, 19.04451
439, 4.39000, 22.11502
440, 4.40000, 26.05183
441, 4.41000, 22.96504
442, 4.42000, 27.05457
443, 4.43000, 29.27134
444, 4.44000, 24.16356
445, 4.45000, 20.21248
446, 4.46000, 17.17244
447, 4.47000, 18.62380
448, 4.48000, 25.90767
449, 4.49000, 27.52323
450, 4.50000, 26.89981
451, 4.51000, 24.06837
452, 4.52000, 23.73032
453, 4.53000, 15.68057
454, 4.54000, 22.70213
455, 4.55000, 22.83750
456, 4.56000, 19.90137
457, 4.57000, 21.24917
458, 4.58000, 23.05401
459, 4.59000, 28.10432
460, 4.60000, 28.43468
461, 4.61000, 23.52743
462, 4.62000, 21.84056
463, 4.63000, 24.21984
464, 4.64000, 19.21522
465, 4.65000, 18.11593
466, 4.66000, 24.57131
467, 4.67000, 24.91244
468, 4.68000, 18.43645
469, 4.69000, 18.83544
470, 4.70000, 21.17638
471, 4.71000, 23.26896
472, 4.72000, 31.29655
473, 4.73000, 26.43056
474, 4.74000, 31.26846
475, 4.75000, 33.03744
476, 4.76000, 28.54455
477, 4.77000, 21.13037
478, 4.78000, 25.96542
479, 4.79000, 25.71364
480, 4.80000, 21.98510
481, 4.81000, 21.07959
482, 4.82000, 19.20453
483, 4.83000, 19.15658
484, 4.84000, 28.44183
485, 4.85000, 24.59239
486, 4.86000, 24.13887
487, 4.87000, 24.80451
488, 4.88000, 28.71859
489, 4.89000, 41.87369
490, 4.90000, 25.34212
491, 4.91000, 29.08837
492, 4.92000, 19.99882
493, 4.93000, 21.19778
494, 4.94000, 21.42921
495, 4.95000, 25.06717
496, 4.96000, 27.46241
497, 4.97000, 30.68367
498, 4.98000, 27.56135
499, 4.99000, 24.48217
500, 5.00000, 20.45406
501, 5.01000, 22.27269
502, 5.02000, 22.47191
503, 5.03000, 29.22786
504, 5.04000, 23.06413
505, 5.05000, 15.46805
506, 5.06000, 25.74374
507, 5.07000, 20.70551
508, 5.08000, 16.57110
509, 5.09000, 22.63752
510, 5.10000, 21.64853
511, 5.11000, 24.39848
512, 5.12000, 24.62255
513, 5.13000, 26.87032
514, 5.14000, 20.12646
515, 5.15000, 18.89004
516, 5.16000, 19.24593
517, 5.17000, 19.89419
518, 5.18000, 21.28834
519, 5.19000, 29.35947
520, 5.20000, 30.51681
521, 5.21000, 38.14601
522, 5.22000, 34.23285
523, 5.23000, 19.88930
524, 5.24000, 15.78607
525, 5.25000, 16.66157
526, 5.26000, 18.27319
527, 5.27000, 19.78348
528, 5.28000, 23.99662
529, 5.29000, 29.25953
530, 5.30000, 22.58879
531, 5.31000, 24.55917
532, 5.32000, 24.03891
533, 5.33000, 21.50639
534, 5.34000, 21.42555
535, 5.35000, 19.15731
536, 5.36000, 22.57755
537, 5.37000, 20.45124
538, 5.38000, 34.50869
539, 5.39000, 22.85715
540, 5.40000, 26.89634
541, 5.41000, 23.77926
542, 5.42000, 30.85113
543, 5.43000, 27.49578
544, 5.44000, 28.87706
545, 5.45000, 24.79212
546, 5.46000, 22.55607
547, 5.47000, 23.96572
548, 5.48000, 16.77390
549, 5.49000, 20.67317
550, 5.50000, 22.15704
551, 5.51000, 20.09822
552, 5.52000, 26.45402
553, 5.53000, 24.74624
554, 5.54000, 29.75975
555, 5.55000, 23.64587
556, 5.56000, 24.55571
557, 5.57000, 21.59890
558, 5.58000, 29.19741
559, 5.59000, 20.23247
560, 5.60000, 25.06975
561, 5.61000, 26.89294
562, 5.62000, 21.70698
563, 5.63000, 21.57807
564, 5.64000, 22.19053
565, 5.65000, 25.30100
566, 5.66000, 25.91055
567, 5.67000, 23.46614
568, 5.68000, 17.27653
569, 5.69000, 23.39964
570, 5.70000, 21.59285
571, 5.71000, 18.38442
572, 5.72000, 19.43554
573, 5.73000, 20.96872
574, 5.74000, 18.32596
575, 5.75000, 18.85144
576, 5.76000, 23.62747
577, 5.77000, 21.46844
578, 5.78000, 26.50223
579, 5.79000, 28.41575
580, 5.80000, 17.05202
581, 5.81000, 25.77413
582, 5.82000, 25.04450
583, 5.83000, 22.73891
584, 5.84000, 27.53520
585, 5.85000, 22.23334
586, 5.86000, 23.74445
587, 5.87000, 27.64791
588, 5.88000, 25.27813
589, 5.89000, 25.35085
590, 5.90000, 30.61192
591, 5.91000, 24.35276
592, 5.92000, 29.40282
593, 5.93000, 31.52974
594, 5.94000, 27.83255
595, 5.95000, 22.99000
596, 5.96000, 15.45936
597, 5.97000, 16.46299
598, 5.98000, 22.28307
599, 5.99000, 21.36905
600, 6.00000, 31.95129
601, 6.01000, 30.99502
602, 6.02000, 34.00564
603, 6.03000, 19.66177
604, 6.04000, 16.93122
605, 6.05000, 17.37306
606, 6.06000, 16.96011
607, 6.07000, 16.52242
608, 6.08000, 20.18089
609, 6.09000, 19.74547
610, 6.10000, 21.32053
611, 6.11000, 25.93077
612, 6.12000, 22.87911
613, 6.13000, 23.75127
614, 6.14000, 31.80307
615, 6.15000, 27.15826
616, 6.16000, 25.66540
617, 6.17000, 29.81197
618, 6.18000, 22.88993
619, 6.19000, 26.38368
620, 6.20000, 29.64905
621, 6.21000, 25.14681
622, 6.22000, 29.76477
623, 6.23000, 30.60916
624, 6.24000, 30.05800
625, 6.25000, 27.73704
626, 6.26000, 23.15408
627, 6.27000, 14.72545
628, 6.28000, 22.27604
629, 6.29000, 22.95807
630, 6.30000, 27.97845
631, 6.31000, 18.10414
632, 6.32000, 23.67072
633, 6.33000, 25.65872
634, 6.34000, 22.78496
635, 6.35000, 20.33522
636, 6.36000, 20.47857
637, 6.37000, 20.53186
638, 6.38000, 25.47468
639, 6.39000, 25.67967
640, 6.40000, 24.90260
641, 6.41000, 28.81609
642, 6.42000, 29.22378
643, 6.43000, 24.39784
644, 6.44000, 22.47150
645, 6.45000, 26.75709
646, 6.46000, 29.02573
647, 6.47000, 31.35976
648, 6.48000, 31.65796
649, 6.49000, 26.01754
650, 6.50000, 19.34032
651, 6.51000, 17.89323
652, 6.52000, 24.36885
653, 6.53000, 23.68477
654, 6.54000, 28.11112
655, 6.55000, 20.85316
656, 6.56000, 23.01123
657, 6.57000, 25.45541
658, 6.58000, 19.20244
659, 6.59000, 20.29553
660, 6.60000, 22.80409
661, 6.61000, 19.65709
662, 6.62000, 20.68094
663, 6.63000, 25.47780
664, 6.64000, 22.74222
665, 6.65000, 20.11858
666, 6.66000, 17.98726
667, 6.67000, 16.02587
668, 6.68000, 19.02806
669, 6.69000, 21.34850
670, 6.70000, 22.37941
671, 6.71000, 28.64493
672, 6.72000, 22.65134
673, 6.73000, 27.48029
674, 6.74000, 21.75764
675, 6.75000, 14.72722
676, 6.76000, 28.11399
677, 6.77000, 26.88229
678, 6.78000, 26.57921
679, 6.79000, 33.14472
680, 6.80000, 28.13827
681, 6.81000, 23.22651
682, 6.82000, 18.82227
683, 6.83000, 26.54179
684, 6.84000, 26.13539
685, 6.85000, 25.28476
686, 6.86000, 28.17105
687, 6.87000, 24.96786
688, 6.88000, 29.74302
689, 6.89000, 25.68096
690, 6.90000, 23.48900
691, 6.91000, 21.60841
692, 6.92000, 16.72406
693, 6.93000, 23.56619
694, 6.94000, 23.78281
695, 6.95000, 34.34684
696, 6.96000, 26.72587
697, 6.97000, 25.49578
698, 6.98000, 21.54589
699, 6.99000, 17.37470
700, 7.00000, 19.02217
701, 7.01000, 24.12631
702, 7.02000, 30.98871
703, 7.03000, 23.90096
704, 7.04000, 24.84017
705, 7.05000, 27.49511
706, 7.06000, 22.68954
707, 7.07000, 18.85425
708, 7.08000, 19.23858
709, 7.09000, 20.66807
710, 7.10000, 26.11172
711, 7.11000, 22.32760
712, 7.12000, 18.29723
713, 7.13000, 29.35095
714, 7.14000, 28.37236
715, 7.15000, 28.33609
716, 7.16000, 25.96340
717, 7.17000, 21.30874
718, 7.18000, 31.70491
719, 7.19000, 29.54592
720, 7.20000, 28.93606
721, 7.21000, 19.26750
722, 7.22000, 21.08173
723, 7.23000, 24.35815
724, 7.24000, 23.02241
725, 7.25000, 27.03963
726, 7.26000, 19.80420
727, 7.27000, 17.53718
728, 7.28000, 31.47225
729, 7.29000, 20.10290
730, 7.30000, 22.27331
731, 7.31000, 31.46698
732, 7.32000, 23.40620
733, 7.33000, 22.30402
734, 7.34000, 18.32133
735, 7.35000, 18.97444
736, 7.36000, 23.11975
737, 7.37000, 25.02237
738, 7.38000, 20.48445
739, 7.39000, 21.46751
740, 7.40000, 18.89266
741, 7.41000, 26.30185
742, 7.42000, 25.97975
743, 7.43000, 33.05447
744, 7.44000, 31.61022
745, 7.45000, 25.82314
746, 7.46000, 22.66830
747, 7.47000, 22.67169
748, 7.48000, 29.48516
749, 7.49000, 25.21929
750, 7.50000, 20.20109
751, 7.51000, 19.28865
752, 7.52000, 32.19982
753, 7.53000, 29.80941
754, 7.54000, 28.22688
755, 7.55000, 23.10743
756, 7.56000, 25.68850
757, 7.57000, 27.41400
758, 7.58000, 23.10216
759, 7.59000, 27.40595
760, 7.60000, 33.97064
761, 7.61000, 31.23337
762, 7.62000, 26.29685
763, 7.63000, 25.88165
764, 7.64000, 25.69107
765, 7.65000, 23.88418
766, 7.66000, 24.83015
767, 7.67000, 21.99816
768, 7.68000, 28.97211
769, 7.69000, 31.23642
770, 7.70000, 21.54539
771, 7.71000, 26.04376
772, 7.72000, 25.33348
773, 7.73000, 23.42243
774, 7.74000, 40.65737
775, 7.75000, 24.18648
776, 7.76000, 21.16272
777, 7.77000, 22.81192
778, 7.78000, 26.96432
779, 7.79000, 25.91948
780, 7.80000, 22.09818
781, 7.81000, 24.02824
782, 7.82000, 28.23455
783, 7.83000, 27.20304
784, 7.84000, 21.82279
785, 7.85000, 15.81570
786, 7.86000, 21.97066
787, 7.87000, 24.38307
788, 7.88000, 25.31865
789, 7.89000, 27.08443
790, 7.90000, 34.24847
791, 7.91000, 27.19469
792, 7.92000, 20.74509
793, 7.93000, 22.26478
794, 7.94000, 20.08918
795, 7.95000, 21.08863
796, 7.96000, 26.59598
797, 7.97000, 23.59233
798, 7.98000, 27.61040
799, 7.99000, 27.35689
800, 8.00000, 26.09511
801, 8.01000, 16.22763
802, 8.02000, 18.66008
803, 8.03000, 19.00442
804, 8.04000, 21.29080
805, 8.05000, 21.40081
806, 8.06000, 33.05630
807, 8.07000, 23.53861
808, 8.08000, 21.54009
809, 8.09000, 20.07928
810, 8.10000, 25.63506
811, 8.11000, 31.15426
812, 8.12000, 23.01403
813, 8.13000, 21.64296
814, 8.14000, 26.01728
815, 8.15000, 25.70208
816, 8.16000, 23.35060
817, 8.17000, 17.21224
818, 8.18000, 17.24442
819, 8.19000, 13.50017
820, 8.20000, 14.23939
821, 8.21000, 15.39225
822, 8.22000, 27.52303
823, 8.23000, 36.16040
824, 8.24000, 23.37470
825, 8.25000, 23.30509
826, 8.26000, 24.08518
827, 8.27000, 23.52591
828, 8.28000, 25.83937
829, 8.29000, 23.12300
830, 8.30000, 24.54641
831, 8.31000, 19.02396
832, 8.32000, 22.16230
833, 8.33000, 29.30296
834, 8.34000, 21.50450
835, 8.35000, 25.51735
836, 8.36000, 22.74435
837, 8.37000, 29.80206
838, 8.38000, 27.12253
839, 8.39000, 18.74386
840, 8.40000, 20.62385
841, 8.41000, 31.16389
842, 8.42000, 31.36253
843, 8.43000, 26.14386
844, 8.44000, 24.97568
845, 8.45000, 28.52503
846, 8.46000, 30.93418
847, 8.47000, 25.66277
848, 8.48000, 28.42102
849, 8.49000, 28.63363
850, 8.50000, 20.31423
851, 8.51000, 27.26093
852, 8.52000, 31.17103
853, 8.53000, 27.23810
854, 8.54000, 25.70753
855, 8.55000, 26.28889
856, 8.56000, 25.50649
857, 8.57000, 30.24789
858, 8.58000, 30.80343
859, 8.59000, 21.98030
860, 8.60000, 28.06803
861, 8.61000, 26.14816
862, 8.62000, 26.83657
863, 8.63000, 27.66399
864, 8.64000, 25.66311
865, 8.65000, 22.51586
866, 8.66000, 24.93321
867, 8.67000, 30.79758
868, 8.68000, 32.51131
869, 8.69000, 35.21477
870, 8.70000, 20.90206
871, 8.71000, 29.51194
872, 8.72000, 24.59352
873, 8.73000, 28.49509
874, 8.74000, 23.45212
875, 8.75000, 22.68421
876, 8.76000, 26.55745
877, 8.77000, 20.53983
878, 8.78000, 21.63049
879, 8.79000, 28.66219
880, 8.80000, 28.55054
881, 8.81000, 29.28564
882, 8.82000, 32.28569
883, 8.83000, 29.38798
884, 8.84000, 26.61401
885, 8.85000, 25.98356
886, 8.86000, 29.16490
887, 8.87000, 26.48281
888, 8.88000, 29.02132
889, 8.89000, 27.20733
890, 8.90000, 24.94798
891, 8.91000, 23.81653
892, 8.92000, 29.17838
893, 8.93000, 28.61330
894, 8.94000, 25.64443
895, 8.95000, 20.76944
896, 8.96000, 12.94894
897, 8.97000, 26.92694
898, 8.98000, 23.30866
899, 8.99000, 27.27382
900, 9.00000, 31.17176
901, 9.01000, 31.37093
902, 9.02000, 30.99562
903, 9.03000, 20.46052
904, 9.04000, 24.66545
905, 9.05000, 28.57594
906, 9.06000, 26.25909
907, 9.07000, 25.68048
908, 9.08000, 20.86665
909, 9.09000, 26.35477
910, 9.10000, 26.45521
911, 9.11000, 33.12914
912, 9.12000, 26.23142
913, 9.13000, 19.20320
914, 9.14000, 15.45219
915, 9.15000, 18.20977
916, 9.16000, 21.43904
917, 9.17000, 26.21163
918, 9.18000, 35.49636
919, 9.19000, 33.41008
920, 9.20000, 18.15038
921, 9.21000, 25.34338
922, 9.22000, 22.42271
923, 9.23000, 24.71161
924, 9.24000, 23.87008
925, 9.25000, 26.10455
926, 9.26000, 26.45873
927, 9.27000, 24.72167
928, 9.28000, 23.42715
929, 9.29000, 23.60077
930, 9.30000, 25.91653
931, 9.31000, 32.78411
932, 9.32000, 37.87341
933, 9.33000, 35.21242
934, 9.34000, 19.42001
935, 9.35000, 27.94453
936, 9.36000, 26.54074
937, 9.37000, 24.97942
938, 9.38000, 17.59452
939, 9.39000, 18.34432
940, 9.40000, 21.14527
941, 9.41000, 24.70632
942, 9.42000, 19.44578
943, 9.43000, 22.76817
944, 9.44000, 21.99409
945, 9.45000, 15.79880
946, 9.46000, 21.31392
947, 9.47000, 22.55068
948, 9.48000, 19.55783
949, 9.49000, 27.74476
950, 9.50000, 26.46642
951, 9.51000, 31.79499
952, 9.52000, 26.43719
953, 9.53000, 28.56171
954, 9.54000, 26.26199
955, 9.55000, 25.41340
956, 9.56000, 24.57154
957, 9.57000, 20.42270
958, 9.58000, 16.57624
959, 9.59000, 16.32749
960, 9.60000, 24.93775
961, 9.61000, 26.49429
962, 9.62000, 24.00340
963, 9.63000, 21.80714
964, 9.64000, 32.95867
965, 9.65000, 21.90474
966, 9.66000, 25.57158
967, 9.67000, 24.19625
968, 9.68000, 20.84979
969, 9.69000, 23.10529
970, 9.70000, 22.70905
971, 9.71000, 25.51132
972, 9.72000, 18.96760
973, 9.73000, 19.90770
974, 9.74000, 25.53997
975, 9.75000, 25.44405
976, 9.76000, 26.75527
977, 9.77000, 27.00598
978, 9.78000, 30.95172
979, 9.79000, 32.04170
980, 9.80000, 37.24663
981, 9.81000, 26.35033
982, 9.82000, 25.72079
983, 9.83000, 22.00164
984, 9.84000, 26.87242
985, 9.85000, 22.24176
986, 9.86000, 18.21311
987, 9.87000, 21.78855
988, 9.88000, 26.21262
989, 9.89000, 23.53917
990, 9.90000, 33.54549
991, 9.91000, 16.76320
992, 9.92000, 20.40908
993, 9.93000, 14.65701
994, 9.94000, 23.17892
995, 9.95000, 31.20779
996, 9.96000, 24.65225
997, 9.97000, 17.35885
998, 9.98000, 16.51094
999, 9.99000, 23.11552
1000, 10.00000, 23.52365
1001, 10.01000, 21.74137
1002, 10.02000, 23.90666
1003, 10.03000, 26.49312
1004, 10.04000, 20.50265
1005, 10.05000, 17.07194
1006, 10.06000, 30.29262
1007, 10.07000, 20.33724
1008, 10.08000, 22.54545
1009, 10.09000, 29.39761
1010, 10.10000, 31.63178
1011, 10.11000, 27.76579
1012, 10.12000, 33.99544
1013, 10.13000, 35.91611
1014, 10.14000, 25.09228
1015, 10.15000, 20.40637
1016, 10.16000, 22.50374
1017, 10.17000, 23.99820
1018, 10.18000, 25.91023
1019, 10.19000, 27.15446
1020, 10.20000, 25.70212
1021, 10.21000, 28.55282
1022, 10.22000, 26.35039
1023, 10.23000, 23.44211
1024, 10.24000, 27.02418
1025, 10.25000, 25.53830
1026, 10.26000, 26.05860
1027, 10.27000, 33.25447
1028, 10.28000, 29.97039
1029, 10.29000, 19.24774
1030, 10.30000, 25.53033
1031, 10.31000, 24.74863
1032, 10.32000, 21.71798
1033, 10.33000, 27.47360
1034, 10.34000, 24.52677
1035, 10.35000, 25.14515
1036, 10.36000, 24.53041
1037, 10.37000, 25.14091
1038, 10.38000, 21.51808
1039, 10.39000, 25.67099
1040, 10.40000, 20.90356
1041, 10.41000, 26.41443
1042, 10.42000, 28.14151
1043, 10.43000, 28.39576
1044, 10.44000, 24.01996
1045, 10.45000, 19.39492
1046, 10.46000, 23.87359
1047, 10.47000, 25.70695
1048, 10.48000, 23.91224
1049, 10.49000, 21.74762
1050, 10.50000, 16.10826
1051, 10.51000, 20.77276
1052, 10.52000, 25.93279
1053, 10.53000, 26.27393
1054, 10.54000, 33.28020
1055, 10.55000, 25.37772
1056, 10.56000, 27.86092
1057, 10.57000, 23.62060
1058, 10.58000, 20.86536
1059, 10.59000, 33.80534
1060, 10.60000, 24.68670
1061, 10.61000, 31.66465
1062, 10.62000, 20.90934
1063, 10.63000, 30.21406
1064, 10.64000, 23.50526
1065, 10.65000, 13.79405
1066, 10.66000, 26.70367
1067, 10.67000, 30.09087
1068, 10.68000, 22.02880
1069, 10.69000, 24.64083
1070, 10.70000, 16.59773
1071, 10.71000, 16.29458
1072, 10.72000, 16.52854
1073, 10.73000, 21.66500
1074, 10.74000, 26.64517
1075, 10.75000, 30.82834
1076, 10.76000, 20.74554
1077, 10.77000, 15.64020
1078, 10.78000, 20.86303
1079, 10.79000, 27.74741
1080, 10.80000, 27.93625
1081, 10.81000, 26.94254
1082, 10.82000, 32.55152
1083, 10.83000, 30.53588
1084, 10.84000, 25.04522
1085, 10.85000, 22.55144
1086, 10.86000, 15.31249
1087, 10.87000, 20.91523
1088, 10.88000, 22.94931
1089, 10.89000, 27.27828
1090, 10.90000, 27.16894
1091, 10.91000, 29.74146
1092, 10.92000, 31.83886
1093, 10.93000, 30.17790
1094, 10.94000, 24.28461
1095, 10.95000, 25.68354
1096, 10.96000, 22.25092
1097, 10.97000, 25.46716
1098, 10.98000, 22.70942
1099, 10.99000, 29.09703
1100, 11.00000, 25.82865
1101, 11.01000, 30.41933
1102, 11.02000, 31.75182
1103, 11.03000, 22.81227
1104, 11.04000, 31.16399
1105, 11.05000, 31.49933
1106, 11.06000, 19.65338
1107, 11.07000, 27.89186
1108, 11.08000, 24.71960
1109, 11.09000, 25.72409
1110, 11.10000, 24.09033
1111, 11.11000, 21.82880
1112, 11.12000, 27.52741
1113, 11.13000, 29.00908
1114, 11.14000, 28.06281
1115, 11.15000, 22.51586
1116, 11.16000, 22.73455
1117, 11.17000, 14.98357
1118, 11.18000, 18.47955
1119, 11.19000, 21.84970
1120, 11.20000, 26.30059
1121, 11.21000, 20.90543
1122, 11.22000, 29.45965
1123, 11.23000, 28.93808
1124, 11.24000, 22.62543
1125, 11.25000, 20.34202
1126, 11.26000, 25.93061
1127, 11.27000, 19.61667
1128, 11.28000, 22.14320
1129, 11.29000, 16.09296
1130, 11.30000, 21.57524
1131, 11.31000, 23.72188
1132, 11.32000, 27.83599
1133, 11.33000, 26.35210
1134, 11.34000, 28.89034
1135, 11.35000, 19.53841
1136, 11.36000, 24.62964
1137, 11.37000, 24.09820
1138, 11.38000, 24.86493
1139, 11.39000, 37.25055
1140, 11.40000, 21.99742
1141, 11.41000, 18.28509
1142, 11.42000, 23.94624
1143, 11.43000, 21.57869
1144, 11.44000, 23.27006
1145, 11.45000, 27.29272
1146, 11.46000, 27.81945
1147, 11.47000, 25.90729
1148, 11.48000, 24.43468
1149, 11.49000, 20.14896
1150, 11.50000, 23.66349
1151, 11.51000, 20.48312
1152, 11.52000, 21.10229
1153, 11.53000, 24.45975
1154, 11.54000, 21.68583
1155, 11.55000, 24.94245
1156, 11.56000, 20.69736
1157, 11.57000, 25.28986
1158, 11.58000, 23.15219
1159, 11.59000, 21.22503
1160, 11.60000, 20.54698
1161, 11.61000, 20.67840
1162, 11.62000, 19.63177
1163, 11.63000, 19.35267
1164, 11.64000, 20.51882
1165, 11.65000, 22.97469
1166, 11.66000, 20.39374
1167, 11.67000, 25.82826
1168, 11.68000, 20.59196
1169, 11.69000, 20.18342
1170, 11.70000, 26.35205
1171, 11.71000, 24.14382
1172, 11.72000, 24.36538
1173, 11.73000, 20.86088
1174, 11.74000, 17.84429
1175, 11.75000, 18.75000
1176, 11.76000, 17.24583
1177, 11.77000, 17.85496
1178, 11.78000, 25.76601
1179, 11.79000, 25.47437
1180, 11.80000, 26.73415
1181, 11.81000, 24.59107
1182, 11.82000, 28.95145
1183, 11.83000, 29.10663
1184, 11.84000, 25.94157
1185, 11.85000, 25.29533
1186, 11.86000, 28.03185
1187, 11.87000, 31.63266
1188, 11.88000, 29.06435
1189, 11.89000, 27.43604
1190, 11.90000, 19.10269
1191, 11.91000, 16.47587
1192, 11.92000, 18.93985
1193, 11.93000, 19.33469
1194, 11.94000, 21.56959
1195, 11.95000, 23.56144
1196, 11.96000, 29.10732
1197, 11.97000, 26.71907
1198, 11.98000, 21.34231
1199, 11.99000, 17.86013
1200, 12.00000, 29.44759
1201, 12.01000, 22.70457
1202, 12.02000, 34.44186
1203, 12.03000, 43.04652
1204, 12.04000, 28.75190
1205, 12.05000, 28.88348
1206, 12.06000, 28.86106
1207, 12.07000, 35.39515
1208, 12.08000, 25.54349
1209, 12.09000, 26.84760
1210, 12.10000, 29.17681
1211, 12.11000, 30.05929
1212, 12.12000, 24.10208
1213, 12.13000, 26.95269
1214, 12.14000, 21.23827
1215, 12.15000, 19.14069
1216, 12.16000, 19.59405
1217, 12.17000, 19.00646
1218, 12.18000, 16.10323
1219, 12.19000, 20.23068
1220, 12.20000, 23.60957
1221, 12.21000, 24.83894
1222, 12.22000, 22.75683
1223, 12.23000, 26.27596
1224, 12.24000, 29.31258
1225, 12.25000, 24.37295
1226, 12.26000, 21.33792
1227, 12.27000, 23.91954
1228, 12.28000, 24.58976
1229, 12.29000, 20.85946
1230, 12.30000, 16.25597
1231, 12.31000, 19.41243
1232, 12.32000, 22.95909
1233, 12.33000, 24.13368
1234, 12.34000, 36.79035
1235, 12.35000, 28.91864
1236, 12.36000, 28.64542
1237, 12.37000, 23.23682
1238, 12.38000, 24.31449
1239, 12.39000, 23.20273
1240, 12.40000, 24.55816
1241, 12.41000, 28.58351
1242, 12.42000, 28.85403
1243, 12.43000, 30.25004
1244, 12.44000, 25.06995
1245, 12.45000, 24.58543
1246, 12.46000, 30.64603
1247, 12.47000, 21.16482
1248, 12.48000, 25.64931
1249, 12.49000, 28.24522
1250, 12.50000, 24.67463
1251, 12.51000, 27.90413
1252, 12.52000, 30.13962
1253, 12.53000, 26.40484
1254, 12.54000, 30.93671
1255, 12.55000, 29.91968
1256, 12.56000, 23.57719
1257, 12.57000, 26.37307
1258, 12.58000, 27.20719
1259, 12.59000, 23.36774
1260, 12.60000, 25.78731
1261, 12.61000, 23.97385
1262, 12.62000, 26.59999
1263, 12.63000, 26.25418
1264, 12.64000, 19.26153
1265, 12.65000, 20.83131
1266, 12.66000, 30.36272
1267, 12.67000, 28.12501
1268, 12.68000, 32.60308
1269, 12.69000, 25.36061
1270, 12.70000, 20.99714
1271, 12.71000, 24.97810
1272, 12.72000, 22.49837
1273, 12.73000, 21.53460
1274, 12.74000, 28.03757
1275, 12.75000, 26.18887
1276, 12.76000, 17.76625
1277, 12.77000, 22.89483
1278, 12.78000, 24.32755
1279, 12.79000, 25.65167
1280, 12.80000, 22.63118
1281, 12.81000, 23.48253
1282, 12.82000, 22.91933
1283, 12.83000, 18.09578
1284, 12.84000, 22.78697
1285, 12.85000, 24.81582
1286, 12.86000, 25.39705
1287, 12.87000, 24.64873
1288, 12.88000, 23.13785
1289, 12.89000, 28.28804
1290, 12.90000, 21.46562
1291, 12.91000, 24.82061
1292, 12.92000, 28.00962
1293, 12.93000, 29.59300
1294, 12.94000, 24.75162
1295, 12.95000, 28.14193
1296, 12.96000, 26.98560
1297, 12.97000, 33.72825
1298, 12.98000, 34.49418
1299, 12.99000, 25.75368
1300, 13.00000, 25.69257
1301, 13.01000, 28.86990
1302, 13.02000, 26.97178
1303, 13.03000, 22.88123
1304, 13.04000, 23.93693
1305, 13.05000, 28.15479
1306, 13.06000, 24.52106
1307, 13.07000, 33.77608
1308, 13.08000, 27.05216
1309, 13.09000, 31.51051
1310, 13.10000, 23.72073
1311, 13.11000, 27.74804
1312, 13.12000, 24.44843
1313, 13.13000, 24.56080
1314, 13.14000, 20.31651
1315, 13.15000, 17.89996
1316, 13.16000, 17.01548
1317, 13.17000, 19.25060
1318, 13.18000, 20.53609
1319, 13.19000, 19.30530
1320, 13.20000, 18.64947
1321, 13.21000, 18.61741
1322, 13.22000, 19.11058
1323, 13.23000, 19.94281
1324, 13.24000, 23.51132
1325, 13.25000, 24.04495
1326, 13.26000, 30.29768
1327, 13.27000, 27.83112
1328, 13.28000, 22.07338
1329, 13.29000, 36.48121
1330, 13.30000, 36.49478
1331, 13.31000, 25.86920
1332, 13.32000, 23.85688
1333, 13.33000, 22.30965
1334, 13.34000, 23.73159
1335, 13.35000, 28.62163
1336, 13.36000, 29.23339
1337, 13.37000, 30.41600
1338, 13.38000, 23.46109
1339, 13.39000, 27.74647
1340, 13.40000, 26.81744
1341, 13.41000, 20.12649
1342, 13.42000, 26.15954
1343, 13.43000, 19.60978
1344, 13.44000, 20.56969
1345, 13.45000, 19.76792
1346, 13.46000, 26.69510
1347, 13.47000, 28.48734
1348, 13.48000, 21.95907
1349, 13.49000, 20.74587
1350, 13.50000, 20.68032
1351, 13.51000, 22.64047
1352, 13.52000, 20.18743
1353, 13.53000, 25.44727
1354, 13.54000, 15.60794
1355, 13.55000, 20.85948
1356, 13.56000, 27.65617
1357, 13.57000, 30.46956
1358, 13.58000, 23.25685
1359, 13.59000, 25.42510
1360, 13.60000, 30.66544
1361, 13.61000, 33.73184
1362, 13.62000, 20.86741
1363, 13.63000, 19.93382
1364, 13.64000, 24.80436
1365, 13.65000, 23.85315
1366, 13.66000, 23.82462
1367, 13.67000, 26.70252
1368, 13.68000, 27.00817
1369, 13.69000, 27.07365
1370, 13.70000, 28.65153
1371, 13.71000, 20.50986
1372, 13.72000, 23.96667
1373, 13.73000, 21.13934
1374, 13.74000, 25.11415
1375, 13.75000, 29.05106
1376, 13.76000, 29.56990
1377, 13.77000, 33.97936
1378, 13.78000, 19.40247
1379, 13.79000, 28.28372
1380, 13.80000, 25.45637
1381, 13.81000, 26.90618
1382, 13.82000, 30.34746
1383, 13.83000, 23.53937
1384, 13.84000, 27.86644
1385, 13.85000, 21.89702
1386, 13.86000, 16.43295
1387, 13.87000, 23.13866
1388, 13.88000, 23.19070
1389, 13.89000, 30.77836
1390, 13.90000, 22.88662
1391, 13.91000, 16.90214
1392, 13.92000, 26.35064
1393, 13.93000, 26.38826
1394, 13.94000, 20.90017
1395, 13.95000, 20.22956
1396, 13.96000, 20.58089
1397, 13.97000, 19.29441
1398, 13.98000, 20.55228
1399, 13.99000, 19.26441
1400, 14.00000, 26.46413
1401, 14.01000, 21.52057
1402, 14.02000, 31.42267
1403, 14.03000, 18.58003
1404, 14.04000, 20.59666
1405, 14.05000, 21.34984
1406, 14.06000, 27.02389
1407, 14.07000, 25.61789
1408, 14.08000, 21.15937
1409, 14.09000, 17.53248
1410, 14.10000, 22.00333
1411, 14.11000, 26.42116
1412, 14.12000, 22.73374
1413, 14.13000, 26.83434
1414, 14.14000, 26.11615
1415, 14.15000, 28.72146
1416, 14.16000, 19.97369
1417, 14.17000, 26.47116
1418, 14.18000, 26.19861
1419, 14.19000, 27.62177
1420, 14.20000, 18.58798
1421, 14.21000, 24.15817
1422, 14.22000, 19.17951
1423, 14.23000, 28.43430
1424, 14.24000, 27.86455
1425, 14.25000, 31.22170
1426, 14.26000, 24.13658
1427, 14.27000, 27.34028
1428, 14.28000, 28.07586
1429, 14.29000, 22.61906
1430, 14.30000, 24.75501
1431, 14.31000, 20.18920
1432, 14.32000, 20.46140
1433, 14.33000, 19.22565
1434, 14.34000, 20.96900
1435, 14.35000, 27.82651
1436, 14.36000, 26.98776
1437, 14.37000, 27.52914
1438, 14.38000, 28.78468
1439, 14.39000, 33.66371
1440, 14.40000, 25.96795
1441, 14.41000, 28.98474
1442, 14.42000, 22.14558
1443, 14.43000, 21.04449
1444, 14.44000, 19.25263
1445, 14.45000, 24.48572
1446, 14.46000, 20.49612
1447, 14.47000, 18.16783
1448, 14.48000, 27.16556
1449, 14.49000, 22.42230
1450, 14.50000, 23.60881
1451, 14.51000, 20.91120
1452, 14.52000, 24.53464
1453, 14.53000, 19.49823
1454, 14.54000, 26.43908
1455, 14.55000, 30.88761
1456, 14.56000, 23.97705
1457, 14.57000, 17.48850
1458, 14.58000, 17.76366
1459, 14.59000, 22.04246
1460, 14.60000, 17.71797
1461, 14.61000, 24.56176
1462, 14.62000, 24.79166
1463, 14.63000, 24.65226
1464, 14.64000, 20.83508
1465, 14.65000, 23.69889
1466, 14.66000, 26.60531
1467, 14.67000, 23.53274
1468, 14.68000, 30.44782
1469, 14.69000, 25.77124
1470, 14.70000, 32.55929
1471, 14.71000, 24.89004
1472, 14.72000, 20.62315
1473, 14.73000, 24.32254
1474, 14.74000, 25.46793
1475, 14.75000, 23.80975
1476, 14.76000, 21.04605
1477, 14.77000, 18.56845
1478, 14.78000, 16.91473
1479, 14.79000, 20.25023
1480, 14.80000, 21.32192
1481, 14.81000, 19.64589
1482, 14.82000, 27.21629
1483, 14.83000, 24.87080
1484, 14.84000, 21.86785
1485, 14.85000, 19.96225
1486, 14.86000, 18.53497
1487, 14.87000, 29.08457
1488, 14.88000, 34.99128
1489, 14.89000, 22.09422
1490, 14.90000, 26.88031
1491, 14.91000, 24.23900
1492, 14.92000, 26.68593
1493, 14.93000, 27.84011
1494, 14.94000, 28.17794
1495, 14.95000, 28.14107
1496, 14.96000, 24.16827
1497, 14.97000, 20.57601
1498, 14.98000, 13.01002
1499, 14.99000, 17.20599
1500, 15.00000, 16.97114
1501, 15.01000, 16.81265
1502, 15.02000, 17.71652
1503, 15.03000, 16.86107
1504, 15.04000, 15.51046
1505, 15.05000, 14.65492
1506, 15.06000, 17.38428
1507, 15.07000, 18.58601
1508, 15.08000, 16.65793
1509, 15.09000, 20.45997
1510, 15.10000, 24.03138
1511, 15.11000, 29.47562
1512, 15.12000, 23.81987
1513, 15.13000, 23.59937
1514, 15.14000, 25.67660
1515, 15.15000, 20.13540
1516, 15.16000, 26.09589
1517, 15.17000, 25.90252
1518, 15.18000, 31.03913
1519, 15.19000, 34.05822
1520, 15.20000, 26.18660
1521, 15.21000, 29.55942
1522, 15.22000, 27.75276
1523, 15.23000, 29.33757
1524, 15.24000, 27.91357
1525, 15.25000, 23.07768
1526, 15.26000, 29.55499
1527, 15.27000, 27.32853
1528, 15.28000, 26.96594
1529, 15.29000, 24.70731
1530, 15.30000, 18.84032
1531, 15.31000, 21.05588
1532, 15.32000, 23.78376
1533, 15.33000, 26.92243
1534, 15.34000, 29.30112
1535, 15.35000, 18.77515
1536, 15.36000, 19.41422
1537, 15.37000, 21.12405
1538, 15.38000, 19.89124
1539, 15.39000, 23.23912
1540, 15.40000, 24.54900
1541, 15.41000, 26.75864
1542, 15.42000, 21.99891
1543, 15.43000, 18.43137
1544, 15.44000, 16.04698
1545, 15.45000, 19.47775
1546, 15.46000, 20.08590
1547, 15.47000, 19.56488
1548, 15.48000, 18.03356
1549, 15.49000, 19.39564
1550, 15.50000, 29.35879
1551, 15.51000, 32.14618
1552, 15.52000, 22.25668
1553, 15.53000, 21.95693
1554, 15.54000, 21.91794
1555, 15.55000, 20.59111
1556, 15.56000, 25.95257
1557, 15.57000, 25.28223
1558, 15.58000, 22.96040
1559, 15.59000, 23.44140
1560, 15.60000, 24.19830
1561, 15.61000, 23.95353
1562, 15.62000, 22.36604
1563, 15.63000, 25.87383
1564, 15.64000, 23.53608
1565, 15.65000, 27.93382
1566, 15.66000, 25.47170
1567, 15.67000, 27.92299
1568, 15.68000, 23.96393
1569, 15.69000, 27.02003
1570, 15.70000, 25.78282
1571, 15.71000, 26.81812
1572, 15.72000, 23.40638
1573, 15.73000, 21.07796
1574, 15.74000, 17.44111
1575, 15.75000, 20.60417
1576, 15.76000, 23.03154
1577, 15.77000, 22.31969
1578, 15.78000, 14.79893
1579, 15.79000, 26.74960
1580, 15.80000, 24.50127
1581, 15.81000, 24.74044
1582, 15.82000, 28.58021
1583, 15.83000, 28.48951
1584, 15.84000, 28.91042
1585, 15.85000, 28.74599
1586, 15.86000, 24.58056
1587, 15.87000, 25.81215
1588, 15.88000, 26.59258
1589, 15.89000, 25.38642
1590, 15.90000, 26.11520
1591, 15.91000, 15.78013
1592, 15.92000, 22.77808
1593, 15.93000, 19.19895
1594, 15.94000, 18.96212
1595, 15.95000, 23.73516
1596, 15.96000, 23.69860
1597, 15.97000, 32.21924
1598, 15.98000, 23.51425
1599, 15.99000, 22.45284
1600, 16.00000, 26.11389
1601, 16.01000, 29.02553
1602, 16.02000, 30.97775
1603, 16.03000, 26.50390
1604, 16.04000, 24.71505
1605, 16.05000, 21.44574
1606, 16.06000, 19.26080
1607, 16.07000, 18.90128
1608, 16.08000, 21.95537
1609, 16.09000, 27.97337
1610, 16.10000, 24.81969
1611, 16.11000, 19.66611
1612, 16.12000, 19.88546
1613, 16.13000, 26.69471
1614, 16.14000, 29.99119
1615, 16.15000, 15.79952
1616, 16.16000, 17.34303
1617, 16.17000, 16.27942
1618, 16.18000, 20.31562
1619, 16.19000, 25.80180
1620, 16.20000, 27.03552
1621, 16.21000, 19.60190
1622, 16.22000, 20.44301
1623, 16.23000, 18.09954
1624, 16.24000, 14.97637
1625, 16.25000, 18.98924
1626, 16.26000, 24.40608
1627, 16.27000, 24.11786
1628, 16.28000, 28.02950
1629, 16.29000, 32.57203
1630, 16.30000, 23.52149
1631, 16.31000, 24.74797
1632, 16.32000, 22.42642
1633, 16.33000, 25.30343
1634, 16.34000, 21.25025
1635, 16.35000, 19.87969
1636, 16.36000, 19.51046
1637, 16.37000, 24.90953
1638, 16.38000, 24.52632
1639, 16.39000, 21.99701
1640, 16.40000, 21.65674
1641, 16.41000, 19.86885
1642, 16.42000, 21.85106
1643, 16.43000, 25.64302
1644, 16.44000, 22.78375
1645, 16.45000, 25.80108
1646, 16.46000, 31.22635
1647, 16.47000, 31.71810
1648, 16.48000, 25.01285
1649, 16.49000, 24.72013
1650, 16.50000, 22.99136
1651, 16.51000, 17.13008
1652, 16.52000, 25.76406
1653, 16.53000, 24.15169
1654, 16.54000, 25.76529
1655, 16.55000, 28.79301
1656, 16.56000, 29.54160
1657, 16.57000, 24.26713
1658, 16.58000, 18.94944
1659, 16.59000, 22.63842
1660, 16.60000, 32.52169
1661, 16.61000, 27.40385
1662, 16.62000, 22.03041
1663, 16.63000, 16.52500
1664, 16.64000, 21.16369
1665, 16.65000, 22.78218
1666, 16.66000, 27.27128
1667, 16.67000, 21.23593
1668, 16.68000, 20.43394
1669, 16.69000, 19.92103
1670, 16.70000, 22.04863
1671, 16.71000, 27.28071
1672, 16.72000, 24.33396
1673, 16.73000, 18.52234
1674, 16.74000, 27.52063
1675, 16.75000, 30.18244
1676, 16.76000, 23.33393
1677, 16.77000, 26.87205
1678, 16.78000, 26.06164
1679, 16.79000, 24.29321
1680, 16.80000, 26.65212
1681, 16.81000, 25.67441
1682, 16.82000, 28.13856
1683, 16.83000, 22.13368
1684, 16.84000, 19.92566
1685, 16.85000, 20.37397
1686, 16.86000, 20.58588
1687, 16.87000, 21.93203
1688, 16.88000, 18.22124
1689, 16.89000, 21.52239
1690, 16.90000, 27.16627
1691, 16.91000, 29.23191
1692, 16.92000, 29.30966
1693, 16.93000, 21.81515
1694, 16.94000, 27.79425
1695, 16.95000, 17.85173
1696, 16.96000, 18.79813
1697, 16.97000, 17.14249
1698, 16.98000, 15.85743
1699, 16.99000, 24.46697
1700, 17.00000, 24.70838
1701, 17.01000, 23.81761
1702, 17.02000, 18.69923
1703, 17.03000, 23.27286
1704, 17.04000, 23.80932
1705, 17.05000, 25.70036
1706, 17.06000, 20.60234
1707, 17.07000, 25.86842
1708, 17.08000, 28.50430
1709, 17.09000, 22.99291
1710, 17.10000, 17.05736
1711, 17.11000, 16.83443
1712, 17.12000, 17.56964
1713, 17.13000, 15.63530
1714, 17.14000, 18.09002
1715, 17.15000, 20.83823
1716, 17.16000, 25.58489
1717, 17.17000, 21.51530
1718, 17.18000, 20.68880
1719, 17.19000, 16.74092
1720, 17.20000, 23.07434
1721, 17.21000, 19.62972
1722, 17.22000, 25.62030
1723, 17.23000, 26.28015
1724, 17.24000, 31.84087
1725, 17.25000, 23.39340
1726, 17.26000, 22.45663
1727, 17.27000, 27.23068
1728, 17.28000, 23.73064
1729, 17.29000, 26.95134
1730, 17.30000, 27.28184
1731, 17.31000, 29.61134
1732, 17.32000, 22.60640
1733, 17.33000, 22.16218
1734, 17.34000, 25.26071
1735, 17.35000, 24.56961
1736, 17.36000, 21.87918
1737, 17.37000, 21.67824
1738, 17.38000, 21.28409
1739, 17.39000, 20.60939
1740, 17.40000, 30.52237
1741, 17.41000, 25.17835
1742, 17.42000, 22.54072
1743, 17.43000, 19.03856
1744, 17.44000, 17.74520
1745, 17.45000, 18.99577
1746, 17.46000, 23.51775
1747, 17.47000, 26.76882
1748, 17.48000, 25.41796
1749, 17.49000, 24.19225
1750, 17.50000, 27.82063
1751, 17.51000, 25.02451
1752, 17.52000, 21.86816
1753, 17.53000, 19.70173
1754, 17.54000, 24.48436
1755, 17.55000, 28.26542
1756, 17.56000, 25.45921
1757, 17.57000, 22.72459
1758, 17.58000, 24.03507
1759, 17.59000, 22.46073
1760, 17.60000, 19.26718
1761, 17.61000, 21.66903
1762, 17.62000, 17.75175
1763, 17.63000, 22.01172
1764, 17.64000, 20.77810
1765, 17.65000, 16.76665
1766, 17.66000, 18.95202
1767, 17.67000, 23.12623
1768, 17.68000, 23.50741
1769, 17.69000, 27.55331
1770, 17.70000, 26.12603
1771, 17.71000, 23.59955
1772, 17.72000, 27.43008
1773, 17.73000, 26.24202
1774, 17.74000, 25.91402
1775, 17.75000, 22.40699
1776, 17.76000, 27.67852
1777, 17.77000, 21.85818
1778, 17.78000, 25.02572
1779, 17.79000, 26.05748
1780, 17.80000, 27.20648
1781, 17.81000, 18.41892
1782, 17.82000, 22.94919
1783, 17.83000, 22.28564
1784, 17.84000, 17.75821
1785, 17.85000, 23.44328
1786, 17.86000, 23.39130
1787, 17.87000, 23.72026
1788, 17.88000, 19.17663
1789, 17.89000, 19.92669
1790, 17.90000, 18.72946
1791, 17.91000, 24.69897
1792, 17.92000, 29.19450
1793, 17.93000, 21.63473
1794, 17.94000, 23.46524
1795, 17.95000, 26.36235
1796, 17.96000, 28.14797
1797, 17.97000, 20.72720
1798, 17.98000, 23.63307
1799, 17.99000, 23.94162
1800, 18.00000, 23.14560
1801, 18.01000, 17.68605
1802, 18.02000, 20.09000
1803, 18.03000, 22.43948
1804, 18.04000, 23.32027
1805, 18.05000, 24.64064
1806, 18.06000, 19.88424
1807, 18.07000, 18.48930
1808, 18.08000, 26.34402
1809, 18.09000, 20.98822
1810, 18.10000, 18.88003
1811, 18.11000, 20.27503
1812, 18.12000, 25.90829
1813, 18.13000, 23.75899
1814, 18.14000, 21.50892
1815, 18.15000, 17.60290
1816, 18.16000, 17.87606
1817, 18.17000, 21.90648
1818, 18.18000, 28.87878
1819, 18.19000, 27.41218
1820, 18.20000, 25.29101
1821, 18.21000, 32.07133
1822, 18.22000, 24.77175
1823, 18.23000, 24.66167
1824, 18.24000, 24.67163
1825, 18.25000, 26.41033
1826, 18.26000, 23.31871
1827, 18.27000, 25.62190
1828, 18.28000, 29.39684
1829, 18.29000, 20.04160
1830, 18.30000, 25.88591
1831, 18.31000, 21.32449
1832, 18.32000, 18.94044
1833, 18.33000, 25.60494
1834, 18.34000, 23.70518
1835, 18.35000, 26.41319
1836, 18.36000, 28.30330
1837, 18.37000, 22.62944
1838, 18.38000, 24.54244
1839, 18.39000, 23.82360
1840, 18.40000, 24.23612
1841, 18.41000, 25.63989
1842, 18.42000, 26.10181
1843, 18.43000, 21.21724
1844, 18.44000, 15.83581
1845, 18.45000, 17.35316
1846, 18.46000, 14.23326
1847, 18.47000, 12.56250
1848, 18.48000, 16.89201
1849, 18.49000, 21.24184
1850, 18.50000, 28.90614
1851, 18.51000, 23.20351
1852, 18.52000, 17.99487
1853, 18.53000, 16.82773
1854, 18.54000, 14.75047
1855, 18.55000, 21.39424
1856, 18.56000, 23.00044
1857, 18.57000, 24.69720
1858, 18.58000, 27.60899
1859, 18.59000, 25.21451
1860, 18.60000, 22.49089
1861, 18.61000, 17.69457
1862, 18.62000, 20.88948
1863, 18.63000, 14.48510
1864, 18.64000, 17.79761
1865, 18.65000, 17.93934
1866, 18.66000, 18.26171
1867, 18.67000, 28.12587
1868, 18.68000, 22.81466
1869, 18.69000, 22.48551
1870, 18.70000, 23.74546
1871, 18.71000, 25.51946
1872, 18.72000, 22.81538
1873, 18.73000, 26.56001
1874, 18.74000, 27.29761
1875, 18.75000, 24.06021
1876, 18.76000, 29.69643
1877, 18.77000, 23.99540
1878, 18.78000, 26.92628
1879, 18.79000, 24.07586
1880, 18.80000, 17.47665
1881, 18.81000, 24.81797
1882, 18.82000, 28.93453
1883, 18.83000, 32.75689
1884, 18.84000, 31.09118
1885, 18.85000, 23.27048
1886, 18.86000, 19.02081
1887, 18.87000, 22.90550
1888, 18.88000, 21.04321
1889, 18.89000, 23.54336
1890, 18.90000, 25.63240
1891, 18.91000, 24.77051
1892, 18.92000, 24.01189
1893, 18.93000, 24.74428
1894, 18.94000, 24.20679
1895, 18.95000, 25.39131
1896, 18.96000, 19.47029
1897, 18.97000, 22.36163
1898, 18.98000, 20.02236
1899, 18.99000, 15.26297
1900, 19.00000, 14.21712
1901, 19.01000, 15.34510
1902, 19.02000, 18.44388
1903, 19.03000, 17.04615
1904, 19.04000, 18.36500
1905, 19.05000, 16.79750
1906, 19.06000, 19.20001
1907, 19.07000, 18.69259
1908, 19.08000, 22.40068
1909, 19.09000, 17.45785
1910, 19.10000, 17.87488
1911, 19.11000, 17.38438
1912, 19.12000, 17.28313
1913, 19.13000, 20.59219
1914, 19.14000, 25.91587
1915, 19.15000, 26.34895
1916, 19.16000, 20.66121
1917, 19.17000, 19.08439
1918, 19.18000, 22.08229
1919, 19.19000, 20.55178
1920, 19.20000, 21.34587
1921, 19.21000, 17.03972
1922, 19.22000, 14.45932
1923, 19.23000, 13.30374
1924, 19.24000, 16.59466
1925, 19.25000, 15.26142
1926, 19.26000, 15.03691
1927, 19.27000, 15.45992
1928, 19.28000, 20.81358
1929, 19.29000, 15.74979
1930, 19.30000, 23.45298
1931, 19.31000, 23.83397
1932, 19.32000, 18.11059
1933, 19.33000, 16.52755
1934, 19.34000, 16.29367
1935, 19.35000, 17.13962
1936, 19.36000, 20.32464
1937, 19.37000, 20.56294
1938, 19.38000, 18.02177
1939, 19.39000, 18.37307
1940, 19.40000, 13.78607
1941, 19.41000, 17.41297
1942, 19.42000, 15.77306
1943, 19.43000, 19.09430
1944, 19.44000, 18.13134
1945, 19.45000, 24.68350
1946, 19.46000, 25.29179
1947, 19.47000, 16.64843
1948, 19.48000, 16.36973
1949, 19.49000, 19.09831
1950, 19.50000, 17.87820
1951, 19.51000, 19.09298
1952, 19.52000, 16.20147
1953, 19.53000, 16.69121
1954, 19.54000, 15.95727
1955, 19.55000, 19.14280
1956, 19.56000, 16.64696
1957, 19.57000, 18.80419
1958, 19.58000, 13.43410
1959, 19.59000, 18.63256
1960, 19.60000, 19.36732
1961, 19.61000, 15.67634
1962, 19.62000, 21.96301
1963, 19.63000, 24.03549
1964, 19.64000, 19.70362
1965, 19.65000, 15.98460
1966, 19.66000, 18.47190
1967, 19.67000, 19.14977
1968, 19.68000, 18.20850
1969, 19.69000, 19.46954
1970, 19.70000, 21.09122
1971, 19.71000, 18.72608
1972, 19.72000, 13.61248
1973, 19.73000, 16.73074
1974, 19.74000, 13.92096
1975, 19.75000, 18.37378
1976, 19.76000, 15.93646
1977, 19.77000, 15.27717
1978, 19.78000, 14.21970
1979, 19.79000, 16.20984
1980, 19.80000, 19.55699
1981, 19.81000, 14.88651
1982, 19.82000, 17.74493
1983, 19.83000, 18.62526
1984, 19.84000, 17.80764
1985, 19.85000, 14.65299
1986, 19.86000, 16.64527
1987, 19.87000, 16.70010
1988, 19.88000, 16.30689
1989, 19.89000, 16.11842
1990, 19.90000, 19.68140
1991, 19.91000, 18.43943
1992, 19.92000, 18.58766
1993, 19.93000, 18.71279
1994, 19.94000, 17.95845
1995, 19.95000, 21.85554
1996, 19.96000, 16.07853
1997, 19.97000, 16.25775
1998, 19.98000, 16.41673
1999, 19.99000, 15.57309
2000, 20.00000, 13.74732
2001, 20.01000, 14.61555
