nt, t, solve_time
1, 0.01000, 80.51300
2, 0.02000, 41.56376
3, 0.03000, 46.69540
4, 0.04000, 48.33721
5, 0.05000, 31.88875
6, 0.06000, 26.92295
7, 0.07000, 43.65752
8, 0.08000, 34.90980
9, 0.09000, 41.59618
10, 0.10000, 26.54365
11, 0.11000, 22.63063
12, 0.12000, 36.72772
13, 0.13000, 30.45830
14, 0.14000, 28.74759
15, 0.15000, 32.29395
16, 0.16000, 18.59832
17, 0.17000, 36.93208
18, 0.18000, 33.77824
19, 0.19000, 29.91551
20, 0.20000, 36.11784
21, 0.21000, 53.24969
22, 0.22000, 64.45297
23, 0.23000, 46.05048
24, 0.24000, 49.79050
25, 0.25000, 59.05966
26, 0.26000, 37.91781
27, 0.27000, 44.74774
28, 0.28000, 51.34246
29, 0.29000, 47.73277
30, 0.30000, 46.24251
31, 0.31000, 46.03114
32, 0.32000, 43.69004
33, 0.33000, 42.06866
34, 0.34000, 33.50021
35, 0.35000, 26.60870
36, 0.36000, 32.30503
37, 0.37000, 46.42554
38, 0.38000, 32.44041
39, 0.39000, 34.40129
40, 0.40000, 37.42854
41, 0.41000, 39.41633
42, 0.42000, 21.60287
43, 0.43000, 20.07186
44, 0.44000, 20.56025
45, 0.45000, 29.95763
46, 0.46000, 23.81271
47, 0.47000, 24.88183
48, 0.48000, 37.46105
49, 0.49000, 40.82399
50, 0.50000, 31.80110
51, 0.51000, 21.17930
52, 0.52000, 17.95565
53, 0.53000, 14.64297
54, 0.54000, 11.50656
55, 0.55000, 18.93228
56, 0.56000, 16.90584
57, 0.57000, 15.28217
58, 0.58000, 21.80136
59, 0.59000, 14.84866
60, 0.60000, 25.37446
61, 0.61000, 28.83901
62, 0.62000, 24.05060
63, 0.63000, 20.18771
64, 0.64000, 18.93401
65, 0.65000, 26.34436
66, 0.66000, 27.17003
67, 0.67000, 34.13494
68, 0.68000, 31.12381
69, 0.69000, 26.86080
70, 0.70000, 25.57672
71, 0.71000, 27.47928
72, 0.72000, 27.09029
73, 0.73000, 24.78805
74, 0.74000, 32.54805
75, 0.75000, 33.30083
76, 0.76000, 28.95732
77, 0.77000, 24.38479
78, 0.78000, 22.67418
79, 0.79000, 24.55964
80, 0.80000, 23.75487
81, 0.81000, 18.68165
82, 0.82000, 23.93667
83, 0.83000, 25.75287
84, 0.84000, 29.90364
85, 0.85000, 25.21615
86, 0.86000, 19.02451
87, 0.87000, 23.27235
88, 0.88000, 25.09280
89, 0.89000, 36.61806
90, 0.90000, 30.87991
91, 0.91000, 26.76173
92, 0.92000, 24.31659
93, 0.93000, 17.88789
94, 0.94000, 26.92268
95, 0.95000, 29.31102
96, 0.96000, 30.07866
97, 0.97000, 40.17560
98, 0.98000, 26.38648
99, 0.99000, 28.95301
100, 1.00000, 22.47905
101, 1.01000, 35.07450
102, 1.02000, 29.31746
103, 1.03000, 26.64384
104, 1.04000, 35.69421
105, 1.05000, 40.25832
106, 1.06000, 28.78869
107, 1.07000, 34.92295
108, 1.08000, 34.44891
109, 1.09000, 33.34432
110, 1.10000, 33.69378
111, 1.11000, 33.20248
112, 1.12000, 26.40743
113, 1.13000, 30.41635
114, 1.14000, 35.05425
115, 1.15000, 31.27423
116, 1.16000, 31.60347
117, 1.17000, 30.85550
118, 1.18000, 42.85983
119, 1.19000, 33.81182
120, 1.20000, 31.16107
121, 1.21000, 34.08650
122, 1.22000, 40.27727
123, 1.23000, 46.43972
124, 1.24000, 29.12301
125, 1.25000, 20.09896
126, 1.26000, 32.53078
127, 1.27000, 42.75762
128, 1.28000, 36.00319
129, 1.29000, 37.02793
130, 1.30000, 32.78840
131, 1.31000, 32.23469
132, 1.32000, 35.57573
133, 1.33000, 28.88723
134, 1.34000, 37.60095
135, 1.35000, 46.65553
136, 1.36000, 43.62196
137, 1.37000, 43.17910
138, 1.38000, 41.99381
139, 1.39000, 34.09360
140, 1.40000, 33.53770
141, 1.41000, 51.53224
142, 1.42000, 50.89091
143, 1.43000, 56.83857
144, 1.44000, 48.54832
145, 1.45000, 31.13232
146, 1.46000, 38.01209
147, 1.47000, 42.72169
148, 1.48000, 44.28874
149, 1.49000, 42.19036
150, 1.50000, 33.35222
151, 1.51000, 40.34736
152, 1.52000, 34.60024
153, 1.53000, 43.12816
154, 1.54000, 41.24940
155, 1.55000, 28.09577
156, 1.56000, 39.80739
157, 1.57000, 29.39091
158, 1.58000, 26.11627
159, 1.59000, 32.15846
160, 1.60000, 29.42428
161, 1.61000, 36.03051
162, 1.62000, 29.19403
163, 1.63000, 39.23765
164, 1.64000, 51.20199
165, 1.65000, 41.63181
166, 1.66000, 36.18241
167, 1.67000, 42.21194
168, 1.68000, 49.42923
169, 1.69000, 41.55333
170, 1.70000, 41.16887
171, 1.71000, 31.30205
172, 1.72000, 26.95519
173, 1.73000, 34.18150
174, 1.74000, 35.91619
175, 1.75000, 28.98509
176, 1.76000, 27.50222
177, 1.77000, 29.38166
178, 1.78000, 34.79701
179, 1.79000, 24.93297
180, 1.80000, 25.64018
181, 1.81000, 24.10194
182, 1.82000, 29.96860
183, 1.83000, 32.99860
184, 1.84000, 43.35152
185, 1.85000, 29.65220
186, 1.86000, 29.48278
187, 1.87000, 31.66003
188, 1.88000, 38.16456
189, 1.89000, 38.29212
190, 1.90000, 34.54553
191, 1.91000, 29.17660
192, 1.92000, 30.07808
193, 1.93000, 36.61008
194, 1.94000, 49.68076
195, 1.95000, 51.06264
196, 1.96000, 42.93720
197, 1.97000, 36.91323
198, 1.98000, 29.13616
199, 1.99000, 33.74599
200, 2.00000, 29.03619
201, 2.01000, 27.64376
202, 2.02000, 42.38842
203, 2.03000, 34.36424
204, 2.04000, 45.91049
205, 2.05000, 33.10655
206, 2.06000, 25.51766
207, 2.07000, 37.38301
208, 2.08000, 18.94495
209, 2.09000, 41.69573
210, 2.10000, 38.78231
211, 2.11000, 26.11819
212, 2.12000, 32.15143
213, 2.13000, 29.74578
214, 2.14000, 18.83440
215, 2.15000, 17.55952
216, 2.16000, 19.93817
217, 2.17000, 29.55381
218, 2.18000, 27.57587
219, 2.19000, 23.99965
220, 2.20000, 31.41827
221, 2.21000, 31.49651
222, 2.22000, 27.87519
223, 2.23000, 31.48751
224, 2.24000, 28.82360
225, 2.25000, 34.75561
226, 2.26000, 26.62763
227, 2.27000, 24.74075
228, 2.28000, 24.38562
229, 2.29000, 29.00256
230, 2.30000, 19.16750
231, 2.31000, 18.48229
232, 2.32000, 22.40437
233, 2.33000, 28.07175
234, 2.34000, 31.90786
235, 2.35000, 31.41287
236, 2.36000, 39.57826
237, 2.37000, 35.04105
238, 2.38000, 32.02315
239, 2.39000, 35.35026
240, 2.40000, 36.09370
241, 2.41000, 24.56502
242, 2.42000, 20.97126
243, 2.43000, 24.87734
244, 2.44000, 22.21944
245, 2.45000, 20.22123
246, 2.46000, 26.61711
247, 2.47000, 27.27398
248, 2.48000, 25.29950
249, 2.49000, 30.70529
250, 2.50000, 28.91014
251, 2.51000, 35.81661
252, 2.52000, 32.38564
253, 2.53000, 30.93996
254, 2.54000, 33.23991
255, 2.55000, 36.87760
256, 2.56000, 34.69345
257, 2.57000, 26.49973
258, 2.58000, 19.57969
259, 2.59000, 25.07175
260, 2.60000, 25.19040
261, 2.61000, 27.55251
262, 2.62000, 21.19538
263, 2.63000, 18.50533
264, 2.64000, 22.87611
265, 2.65000, 23.92801
266, 2.66000, 23.15416
267, 2.67000, 27.22296
268, 2.68000, 33.83807
269, 2.69000, 29.94392
270, 2.70000, 27.83995
271, 2.71000, 25.91554
272, 2.72000, 37.98104
273, 2.73000, 36.04581
274, 2.74000, 18.32410
275, 2.75000, 22.06547
276, 2.76000, 24.78548
277, 2.77000, 26.17236
278, 2.78000, 33.73662
279, 2.79000, 26.21865
280, 2.80000, 21.39449
281, 2.81000, 30.61464
282, 2.82000, 38.65006
283, 2.83000, 35.71339
284, 2.84000, 33.14552
285, 2.85000, 28.77990
286, 2.86000, 26.23129
287, 2.87000, 25.83205
288, 2.88000, 35.99197
289, 2.89000, 32.16833
290, 2.90000, 21.77367
291, 2.91000, 20.83564
292, 2.92000, 21.48732
293, 2.93000, 26.73983
294, 2.94000, 29.42756
295, 2.95000, 25.68894
296, 2.96000, 22.88298
297, 2.97000, 22.05253
298, 2.98000, 23.35018
299, 2.99000, 32.46887
300, 3.00000, 33.80202
301, 3.01000, 33.47782
302, 3.02000, 25.64962
303, 3.03000, 34.63806
304, 3.04000, 31.10369
305, 3.05000, 28.82284
306, 3.06000, 21.76806
307, 3.07000, 17.47311
308, 3.08000, 22.65542
309, 3.09000, 24.26585
310, 3.10000, 26.26779
311, 3.11000, 26.82474
312, 3.12000, 28.86329
313, 3.13000, 26.36197
314, 3.14000, 31.81042
315, 3.15000, 23.72635
316, 3.16000, 25.66139
317, 3.17000, 27.79045
318, 3.18000, 34.84265
319, 3.19000, 35.48916
320, 3.20000, 27.72603
321, 3.21000, 34.36978
322, 3.22000, 17.71450
323, 3.23000, 25.25252
324, 3.24000, 26.92794
325, 3.25000, 38.99045
326, 3.26000, 32.47655
327, 3.27000, 33.06927
328, 3.28000, 32.75598
329, 3.29000, 34.36129
330, 3.30000, 23.21997
331, 3.31000, 28.19333
332, 3.32000, 39.98128
333, 3.33000, 47.98986
334, 3.34000, 37.41477
335, 3.35000, 36.96957
336, 3.36000, 38.34458
337, 3.37000, 33.45363
338, 3.38000, 28.87466
339, 3.39000, 25.47143
340, 3.40000, 23.16428
341, 3.41000, 29.33585
342, 3.42000, 27.80332
343, 3.43000, 18.89328
344, 3.44000, 20.61632
345, 3.45000, 30.72177
346, 3.46000, 34.77842
347, 3.47000, 31.06255
348, 3.48000, 22.85828
349, 3.49000, 21.49502
350, 3.50000, 36.42532
351, 3.51000, 32.48303
352, 3.52000, 33.08055
353, 3.53000, 35.92535
354, 3.54000, 31.14703
355, 3.55000, 39.91525
356, 3.56000, 34.08267
357, 3.57000, 28.22030
358, 3.58000, 20.96929
359, 3.59000, 20.28751
360, 3.60000, 25.44773
361, 3.61000, 27.47669
362, 3.62000, 30.30472
363, 3.63000, 32.31964
364, 3.64000, 31.44080
365, 3.65000, 31.63846
366, 3.66000, 26.89641
367, 3.67000, 29.87954
368, 3.68000, 22.65267
369, 3.69000, 24.61471
370, 3.70000, 33.98626
371, 3.71000, 19.09660
372, 3.72000, 20.96949
373, 3.73000, 22.37919
374, 3.74000, 18.36078
375, 3.75000, 22.53134
376, 3.76000, 24.04160
377, 3.77000, 26.22374
378, 3.78000, 27.50532
379, 3.79000, 27.41040
380, 3.80000, 31.67527
381, 3.81000, 36.55171
382, 3.82000, 25.42162
383, 3.83000, 26.73404
384, 3.84000, 21.61650
385, 3.85000, 26.02079
386, 3.86000, 19.54634
387, 3.87000, 19.21141
388, 3.88000, 20.65676
389, 3.89000, 25.59207
390, 3.90000, 27.76724
391, 3.91000, 24.41750
392, 3.92000, 29.15491
393, 3.93000, 32.86046
394, 3.94000, 42.19299
395, 3.95000, 34.83952
396, 3.96000, 23.04349
397, 3.97000, 20.76839
398, 3.98000, 23.35638
399, 3.99000, 29.19156
400, 4.00000, 29.99873
401, 4.01000, 25.95300
402, 4.02000, 31.48831
403, 4.03000, 27.75232
404, 4.04000, 28.82212
405, 4.05000, 26.09918
406, 4.06000, 23.27062
407, 4.07000, 28.68207
408, 4.08000, 26.15695
409, 4.09000, 27.48714
410, 4.10000, 23.47585
411, 4.11000, 35.79343
412, 4.12000, 33.83364
413, 4.13000, 29.90970
414, 4.14000, 25.77717
415, 4.15000, 25.07912
416, 4.16000, 29.16411
417, 4.17000, 30.79155
418, 4.18000, 27.09143
419, 4.19000, 24.52198
420, 4.20000, 24.01783
421, 4.21000, 19.57604
422, 4.22000, 21.10341
423, 4.23000, 21.17767
424, 4.24000, 20.58700
425, 4.25000, 23.93910
426, 4.26000, 39.02751
427, 4.27000, 31.78769
428, 4.28000, 30.51552
429, 4.29000, 32.35101
430, 4.30000, 24.46022
431, 4.31000, 30.92686
432, 4.32000, 29.62307
433, 4.33000, 20.48488
434, 4.34000, 23.16028
435, 4.35000, 21.40213
436, 4.36000, 26.34680
437, 4.37000, 24.65586
438, 4.38000, 21.97011
439, 4.39000, 26.75983
440, 4.40000, 31.13344
441, 4.41000, 35.58717
442, 4.42000, 22.37169
443, 4.43000, 29.71618
444, 4.44000, 29.23367
445, 4.45000, 26.31872
446, 4.46000, 31.52051
447, 4.47000, 32.17251
448, 4.48000, 33.68330
449, 4.49000, 30.96808
450, 4.50000, 28.34852
451, 4.51000, 25.02432
452, 4.52000, 19.52004
453, 4.53000, 17.97856
454, 4.54000, 22.12326
455, 4.55000, 21.00779
456, 4.56000, 15.01502
457, 4.57000, 13.77244
458, 4.58000, 22.79724
459, 4.59000, 22.13673
460, 4.60000, 26.78857
461, 4.61000, 32.08205
462, 4.62000, 23.57196
463, 4.63000, 37.93122
464, 4.64000, 26.46761
465, 4.65000, 23.10030
466, 4.66000, 21.36561
467, 4.67000, 23.11076
468, 4.68000, 24.10098
469, 4.69000, 25.81843
470, 4.70000, 26.45684
471, 4.71000, 25.25147
472, 4.72000, 27.08038
473, 4.73000, 27.43927
474, 4.74000, 27.51757
475, 4.75000, 26.25854
476, 4.76000, 25.00394
477, 4.77000, 24.03676
478, 4.78000, 28.77177
479, 4.79000, 25.36561
480, 4.80000, 30.26571
481, 4.81000, 22.19202
482, 4.82000, 22.51569
483, 4.83000, 27.36018
484, 4.84000, 23.07581
485, 4.85000, 27.72878
486, 4.86000, 28.18613
487, 4.87000, 29.97134
488, 4.88000, 28.93438
489, 4.89000, 20.75258
490, 4.90000, 29.80477
491, 4.91000, 21.64455
492, 4.92000, 27.97955
493, 4.93000, 38.32598
494, 4.94000, 37.26075
495, 4.95000, 31.43252
496, 4.96000, 22.40148
497, 4.97000, 20.97859
498, 4.98000, 25.90250
499, 4.99000, 24.18696
500, 5.00000, 21.10104
501, 5.01000, 24.15310
502, 5.02000, 22.01968
503, 5.03000, 16.54480
504, 5.04000, 20.71659
505, 5.05000, 20.81786
506, 5.06000, 15.65795
507, 5.07000, 24.41549
508, 5.08000, 21.03712
509, 5.09000, 19.37415
510, 5.10000, 23.65398
511, 5.11000, 35.16651
512, 5.12000, 26.20838
513, 5.13000, 17.78572
514, 5.14000, 20.43666
515, 5.15000, 25.76374
516, 5.16000, 32.00401
517, 5.17000, 23.23873
518, 5.18000, 21.12320
519, 5.19000, 25.26342
520, 5.20000, 25.98962
521, 5.21000, 29.20180
522, 5.22000, 29.59919
523, 5.23000, 26.96471
524, 5.24000, 26.66110
525, 5.25000, 27.43228
526, 5.26000, 33.16035
527, 5.27000, 24.55574
528, 5.28000, 21.36963
529, 5.29000, 24.74935
530, 5.30000, 24.16382
531, 5.31000, 20.63548
532, 5.32000, 18.85762
533, 5.33000, 24.36649
534, 5.34000, 25.52384
535, 5.35000, 22.54777
536, 5.36000, 28.17987
537, 5.37000, 23.56956
538, 5.38000, 23.11793
539, 5.39000, 26.02232
540, 5.40000, 28.32302
541, 5.41000, 30.45872
542, 5.42000, 31.08433
543, 5.43000, 31.48247
544, 5.44000, 25.50793
545, 5.45000, 30.95176
546, 5.46000, 45.98050
547, 5.47000, 26.87920
548, 5.48000, 28.07567
549, 5.49000, 22.26201
550, 5.50000, 19.86211
551, 5.51000, 24.11923
552, 5.52000, 28.47346
553, 5.53000, 25.89065
554, 5.54000, 29.06950
555, 5.55000, 28.02897
556, 5.56000, 25.80140
557, 5.57000, 24.73167
558, 5.58000, 29.82760
559, 5.59000, 33.56848
560, 5.60000, 20.14854
561, 5.61000, 24.21951
562, 5.62000, 26.49056
563, 5.63000, 29.22699
564, 5.64000, 25.01711
565, 5.65000, 22.74019
566, 5.66000, 25.79476
567, 5.67000, 23.04224
568, 5.68000, 22.87090
569, 5.69000, 19.66243
570, 5.70000, 20.88057
571, 5.71000, 24.30829
572, 5.72000, 20.70863
573, 5.73000, 23.76128
574, 5.74000, 23.65232
575, 5.75000, 25.80048
576, 5.76000, 27.90644
577, 5.77000, 22.63622
578, 5.78000, 32.95829
579, 5.79000, 26.81309
580, 5.80000, 29.69600
581, 5.81000, 32.17987
582, 5.82000, 24.89410
583, 5.83000, 26.71456
584, 5.84000, 34.20482
585, 5.85000, 28.05938
586, 5.86000, 23.57784
587, 5.87000, 27.02525
588, 5.88000, 22.31609
589, 5.89000, 31.10265
590, 5.90000, 31.09350
591, 5.91000, 22.42504
592, 5.92000, 26.64456
593, 5.93000, 26.43792
594, 5.94000, 23.27225
595, 5.95000, 19.97006
596, 5.96000, 25.21493
597, 5.97000, 25.83944
598, 5.98000, 28.21277
599, 5.99000, 30.00163
600, 6.00000, 22.52029
601, 6.01000, 23.04468
602, 6.02000, 24.16859
603, 6.03000, 31.70705
604, 6.04000, 32.50775
605, 6.05000, 33.70289
606, 6.06000, 29.94108
607, 6.07000, 36.27673
608, 6.08000, 27.84810
609, 6.09000, 28.17980
610, 6.10000, 34.84873
611, 6.11000, 27.69560
612, 6.12000, 26.08632
613, 6.13000, 21.56576
614, 6.14000, 16.83369
615, 6.15000, 17.33518
616, 6.16000, 15.55724
617, 6.17000, 17.52195
618, 6.18000, 26.13353
619, 6.19000, 30.71069
620, 6.20000, 26.78797
621, 6.21000, 32.41233
622, 6.22000, 31.79593
623, 6.23000, 26.95406
624, 6.24000, 21.72641
625, 6.25000, 30.18146
626, 6.26000, 22.16039
627, 6.27000, 21.79905
628, 6.28000, 24.24756
629, 6.29000, 21.27834
630, 6.30000, 20.48610
631, 6.31000, 27.97959
632, 6.32000, 23.14418
633, 6.33000, 28.13188
634, 6.34000, 24.67421
635, 6.35000, 30.03969
636, 6.36000, 25.44318
637, 6.37000, 25.42728
638, 6.38000, 28.31047
639, 6.39000, 30.09121
640, 6.40000, 31.09563
641, 6.41000, 25.76031
642, 6.42000, 33.02071
643, 6.43000, 21.76027
644, 6.44000, 18.63080
645, 6.45000, 19.20962
646, 6.46000, 19.86861
647, 6.47000, 23.29915
648, 6.48000, 25.44260
649, 6.49000, 23.97724
650, 6.50000, 22.84859
651, 6.51000, 20.15307
652, 6.52000, 27.05670
653, 6.53000, 27.68899
654, 6.54000, 27.49889
655, 6.55000, 23.01739
656, 6.56000, 25.99944
657, 6.57000, 25.63438
658, 6.58000, 23.71764
659, 6.59000, 18.65409
660, 6.60000, 24.66628
661, 6.61000, 29.76669
662, 6.62000, 26.87491
663, 6.63000, 23.40294
664, 6.64000, 22.76342
665, 6.65000, 20.93025
666, 6.66000, 27.75366
667, 6.67000, 32.01903
668, 6.68000, 26.99753
669, 6.69000, 21.01481
670, 6.70000, 31.11722
671, 6.71000, 27.07959
672, 6.72000, 28.34927
673, 6.73000, 18.37467
674, 6.74000, 26.91986
675, 6.75000, 21.36189
676, 6.76000, 19.92385
677, 6.77000, 16.83745
678, 6.78000, 15.88812
679, 6.79000, 16.32826
680, 6.80000, 17.75175
681, 6.81000, 25.92185
682, 6.82000, 26.05803
683, 6.83000, 25.16005
684, 6.84000, 34.59122
685, 6.85000, 25.31396
686, 6.86000, 22.23054
687, 6.87000, 23.73758
688, 6.88000, 29.75722
689, 6.89000, 36.10970
690, 6.90000, 30.32456
691, 6.91000, 29.14110
692, 6.92000, 23.92232
693, 6.93000, 22.00930
694, 6.94000, 26.26309
695, 6.95000, 26.18246
696, 6.96000, 31.21178
697, 6.97000, 30.18001
698, 6.98000, 22.14345
699, 6.99000, 17.41140
700, 7.00000, 22.32910
701, 7.01000, 30.36409
702, 7.02000, 36.54253
703, 7.03000, 29.11166
704, 7.04000, 32.84882
705, 7.05000, 28.02310
706, 7.06000, 25.53716
707, 7.07000, 18.58949
708, 7.08000, 15.60986
709, 7.09000, 23.18223
710, 7.10000, 22.27435
711, 7.11000, 27.69205
712, 7.12000, 29.35235
713, 7.13000, 27.74883
714, 7.14000, 22.44560
715, 7.15000, 27.36480
716, 7.16000, 30.89288
717, 7.17000, 30.50224
718, 7.18000, 31.86704
719, 7.19000, 26.30093
720, 7.20000, 31.35235
721, 7.21000, 26.21476
722, 7.22000, 19.01442
723, 7.23000, 28.38074
724, 7.24000, 27.60114
725, 7.25000, 22.22144
726, 7.26000, 20.85271
727, 7.27000, 20.30650
728, 7.28000, 29.36476
729, 7.29000, 29.19017
730, 7.30000, 28.42389
731, 7.31000, 29.85234
732, 7.32000, 27.27913
733, 7.33000, 29.67789
734, 7.34000, 27.87301
735, 7.35000, 35.72469
736, 7.36000, 36.88187
737, 7.37000, 26.00925
738, 7.38000, 26.20500
739, 7.39000, 26.80810
740, 7.40000, 21.38803
741, 7.41000, 20.76377
742, 7.42000, 23.12237
743, 7.43000, 23.55385
744, 7.44000, 26.77630
745, 7.45000, 25.66628
746, 7.46000, 22.52512
747, 7.47000, 26.58422
748, 7.48000, 30.00922
749, 7.49000, 27.78590
750, 7.50000, 31.69338
751, 7.51000, 28.09202
752, 7.52000, 27.07855
753, 7.53000, 24.68305
754, 7.54000, 23.64593
755, 7.55000, 18.38380
756, 7.56000, 16.08810
757, 7.57000, 25.06809
758, 7.58000, 27.97495
759, 7.59000, 23.54829
760, 7.60000, 30.39739
761, 7.61000, 28.29100
762, 7.62000, 28.52683
763, 7.63000, 22.54233
764, 7.64000, 28.46009
765, 7.65000, 30.13394
766, 7.66000, 36.67931
767, 7.67000, 29.27236
768, 7.68000, 34.36327
769, 7.69000, 38.31268
770, 7.70000, 26.47660
771, 7.71000, 17.56420
772, 7.72000, 14.50245
773, 7.73000, 21.65935
774, 7.74000, 23.86486
775, 7.75000, 21.25582
776, 7.76000, 25.70066
777, 7.77000, 24.52751
778, 7.78000, 22.46169
779, 7.79000, 32.61005
780, 7.80000, 37.76086
781, 7.81000, 31.36931
782, 7.82000, 34.42829
783, 7.83000, 28.72206
784, 7.84000, 31.64283
785, 7.85000, 29.97020
786, 7.86000, 31.07605
787, 7.87000, 27.51834
788, 7.88000, 29.05304
789, 7.89000, 24.99040
790, 7.90000, 32.25983
791, 7.91000, 24.30796
792, 7.92000, 23.41029
793, 7.93000, 23.98658
794, 7.94000, 34.78734
795, 7.95000, 33.15988
796, 7.96000, 36.29986
797, 7.97000, 30.71384
798, 7.98000, 31.89453
799, 7.99000, 34.82097
800, 8.00000, 33.32884
801, 8.01000, 36.81699
802, 8.02000, 33.58791
803, 8.03000, 27.05904
804, 8.04000, 19.55001
805, 8.05000, 21.00891
806, 8.06000, 25.40281
807, 8.07000, 19.83407
808, 8.08000, 18.85880
809, 8.09000, 24.69148
810, 8.10000, 27.61104
811, 8.11000, 28.99132
812, 8.12000, 28.52729
813, 8.13000, 36.21622
814, 8.14000, 29.03476
815, 8.15000, 34.11166
816, 8.16000, 28.65698
817, 8.17000, 27.51476
818, 8.18000, 22.39672
819, 8.19000, 20.69578
820, 8.20000, 22.16928
821, 8.21000, 21.29548
822, 8.22000, 23.94657
823, 8.23000, 30.29322
824, 8.24000, 27.85906
825, 8.25000, 20.82546
826, 8.26000, 29.52975
827, 8.27000, 24.73406
828, 8.28000, 24.56251
829, 8.29000, 22.66350
830, 8.30000, 29.54847
831, 8.31000, 25.75263
832, 8.32000, 24.90267
833, 8.33000, 18.88654
834, 8.34000, 22.75145
835, 8.35000, 29.21881
836, 8.36000, 27.86381
837, 8.37000, 26.21248
838, 8.38000, 31.89240
839, 8.39000, 23.60660
840, 8.40000, 28.50138
841, 8.41000, 29.98844
842, 8.42000, 28.86334
843, 8.43000, 29.01864
844, 8.44000, 22.29763
845, 8.45000, 26.02977
846, 8.46000, 31.11248
847, 8.47000, 33.37147
848, 8.48000, 35.97552
849, 8.49000, 23.88632
850, 8.50000, 23.93600
851, 8.51000, 19.80658
852, 8.52000, 17.27137
853, 8.53000, 18.64863
854, 8.54000, 19.50748
855, 8.55000, 22.67031
856, 8.56000, 21.28664
857, 8.57000, 21.46868
858, 8.58000, 31.56324
859, 8.59000, 32.91705
860, 8.60000, 30.03741
861, 8.61000, 28.12130
862, 8.62000, 19.75723
863, 8.63000, 23.09776
864, 8.64000, 24.42747
865, 8.65000, 27.76859
866, 8.66000, 21.70558
867, 8.67000, 28.17350
868, 8.68000, 29.87845
869, 8.69000, 28.18332
870, 8.70000, 25.86066
871, 8.71000, 30.54098
872, 8.72000, 31.46753
873, 8.73000, 26.98223
874, 8.74000, 21.84677
875, 8.75000, 30.55224
876, 8.76000, 28.79022
877, 8.77000, 26.61667
878, 8.78000, 26.93675
879, 8.79000, 35.12599
880, 8.80000, 37.26920
881, 8.81000, 26.73260
882, 8.82000, 26.33503
883, 8.83000, 20.75065
884, 8.84000, 18.10016
885, 8.85000, 19.69967
886, 8.86000, 21.15819
887, 8.87000, 23.99688
888, 8.88000, 26.62735
889, 8.89000, 25.32192
890, 8.90000, 18.65883
891, 8.91000, 22.37147
892, 8.92000, 28.46625
893, 8.93000, 31.14850
894, 8.94000, 41.97175
895, 8.95000, 28.16031
896, 8.96000, 33.33810
897, 8.97000, 33.73285
898, 8.98000, 20.89627
899, 8.99000, 24.09591
900, 9.00000, 21.61019
901, 9.01000, 19.37387
902, 9.02000, 22.37331
903, 9.03000, 22.08274
904, 9.04000, 30.21054
905, 9.05000, 27.93373
906, 9.06000, 22.18710
907, 9.07000, 19.16735
908, 9.08000, 27.38557
909, 9.09000, 38.64825
910, 9.10000, 27.95569
911, 9.11000, 36.00759
912, 9.12000, 28.46580
913, 9.13000, 25.36631
914, 9.14000, 29.54061
915, 9.15000, 28.95788
916, 9.16000, 25.51633
917, 9.17000, 24.22435
918, 9.18000, 29.76821
919, 9.19000, 26.95671
920, 9.20000, 32.77282
921, 9.21000, 24.89655
922, 9.22000, 23.52104
923, 9.23000, 23.20385
924, 9.24000, 32.02599
925, 9.25000, 36.84442
926, 9.26000, 31.17590
927, 9.27000, 31.86381
928, 9.28000, 26.57552
929, 9.29000, 26.34032
930, 9.30000, 24.99409
931, 9.31000, 28.31398
932, 9.32000, 21.19923
933, 9.33000, 25.91085
934, 9.34000, 22.21953
935, 9.35000, 23.16200
936, 9.36000, 26.23701
937, 9.37000, 26.90471
938, 9.38000, 21.55157
939, 9.39000, 20.83604
940, 9.40000, 33.14211
941, 9.41000, 28.64445
942, 9.42000, 27.44808
943, 9.43000, 39.45557
944, 9.44000, 32.71755
945, 9.45000, 26.42607
946, 9.46000, 26.29199
947, 9.47000, 23.78286
948, 9.48000, 21.04049
949, 9.49000, 23.10940
950, 9.50000, 25.36094
951, 9.51000, 18.94709
952, 9.52000, 18.88098
953, 9.53000, 26.16955
954, 9.54000, 31.40033
955, 9.55000, 23.35432
956, 9.56000, 22.91701
957, 9.57000, 27.44930
958, 9.58000, 27.89203
959, 9.59000, 33.41106
960, 9.60000, 31.87725
961, 9.61000, 34.30740
962, 9.62000, 22.90085
963, 9.63000, 37.52001
964, 9.64000, 27.96754
965, 9.65000, 21.81872
966, 9.66000, 22.49460
967, 9.67000, 24.44316
968, 9.68000, 24.27166
969, 9.69000, 30.90646
970, 9.70000, 24.30548
971, 9.71000, 20.50115
972, 9.72000, 24.95390
973, 9.73000, 28.18253
974, 9.74000, 32.42623
975, 9.75000, 30.68794
976, 9.76000, 20.10351
977, 9.77000, 37.18381
978, 9.78000, 34.75369
979, 9.79000, 23.89764
980, 9.80000, 27.87038
981, 9.81000, 26.56598
982, 9.82000, 26.26603
983, 9.83000, 29.46929
984, 9.84000, 26.60884
985, 9.85000, 26.66158
986, 9.86000, 29.01818
987, 9.87000, 31.40312
988, 9.88000, 29.35147
989, 9.89000, 25.72654
990, 9.90000, 31.15061
991, 9.91000, 26.21822
992, 9.92000, 28.52591
993, 9.93000, 19.64290
994, 9.94000, 23.56329
995, 9.95000, 33.05557
996, 9.96000, 24.93844
997, 9.97000, 28.84013
998, 9.98000, 23.06253
999, 9.99000, 19.86161
1000, 10.00000, 20.51499
1001, 10.01000, 23.54757
1002, 10.02000, 22.35582
1003, 10.03000, 21.18177
1004, 10.04000, 34.74417
1005, 10.05000, 24.06153
1006, 10.06000, 31.46126
1007, 10.07000, 39.87234
1008, 10.08000, 33.90796
1009, 10.09000, 33.35951
1010, 10.10000, 30.97954
1011, 10.11000, 21.09850
1012, 10.12000, 22.27733
1013, 10.13000, 24.94840
1014, 10.14000, 26.25596
1015, 10.15000, 26.47586
1016, 10.16000, 31.40658
1017, 10.17000, 28.90957
1018, 10.18000, 30.81256
1019, 10.19000, 26.22034
1020, 10.20000, 28.09929
1021, 10.21000, 26.50593
1022, 10.22000, 24.21874
1023, 10.23000, 20.10349
1024, 10.24000, 23.37068
1025, 10.25000, 22.91445
1026, 10.26000, 17.98294
1027, 10.27000, 21.15174
1028, 10.28000, 18.39097
1029, 10.29000, 21.90348
1030, 10.30000, 22.13184
1031, 10.31000, 22.28607
1032, 10.32000, 23.89477
1033, 10.33000, 18.00115
1034, 10.34000, 20.37504
1035, 10.35000, 26.64386
1036, 10.36000, 27.97585
1037, 10.37000, 30.57532
1038, 10.38000, 26.70340
1039, 10.39000, 28.10368
1040, 10.40000, 19.56496
1041, 10.41000, 26.26606
1042, 10.42000, 32.53959
1043, 10.43000, 30.08217
1044, 10.44000, 26.98390
1045, 10.45000, 27.00648
1046, 10.46000, 26.76222
1047, 10.47000, 26.66469
1048, 10.48000, 31.99445
1049, 10.49000, 22.70651
1050, 10.50000, 27.82199
1051, 10.51000, 21.82838
1052, 10.52000, 24.86105
1053, 10.53000, 24.77987
1054, 10.54000, 25.86239
1055, 10.55000, 27.55073
1056, 10.56000, 31.11080
1057, 10.57000, 39.83512
1058, 10.58000, 24.53668
1059, 10.59000, 25.29076
1060, 10.60000, 19.97359
1061, 10.61000, 22.67680
1062, 10.62000, 18.32339
1063, 10.63000, 25.43428
1064, 10.64000, 27.63116
1065, 10.65000, 26.39993
1066, 10.66000, 38.85088
1067, 10.67000, 25.14617
1068, 10.68000, 32.77963
1069, 10.69000, 25.94757
1070, 10.70000, 29.74376
1071, 10.71000, 21.47802
1072, 10.72000, 15.67687
1073, 10.73000, 26.50513
1074, 10.74000, 25.86879
1075, 10.75000, 22.50162
1076, 10.76000, 22.36889
1077, 10.77000, 26.07238
1078, 10.78000, 31.26042
1079, 10.79000, 20.83943
1080, 10.80000, 16.94523
1081, 10.81000, 19.29371
1082, 10.82000, 18.04387
1083, 10.83000, 26.67036
1084, 10.84000, 24.35186
1085, 10.85000, 30.48056
1086, 10.86000, 31.85786
1087, 10.87000, 32.01797
1088, 10.88000, 26.45885
1089, 10.89000, 29.32408
1090, 10.90000, 28.10441
1091, 10.91000, 28.83237
1092, 10.92000, 25.54756
1093, 10.93000, 30.10983
1094, 10.94000, 25.50397
1095, 10.95000, 23.40975
1096, 10.96000, 23.82595
1097, 10.97000, 26.79501
1098, 10.98000, 26.03778
1099, 10.99000, 28.39683
1100, 11.00000, 32.45015
1101, 11.01000, 33.95875
1102, 11.02000, 31.58408
1103, 11.03000, 33.63855
1104, 11.04000, 21.50871
1105, 11.05000, 21.94889
1106, 11.06000, 30.96906
1107, 11.07000, 26.91659
1108, 11.08000, 23.42724
1109, 11.09000, 26.26678
1110, 11.10000, 27.28620
1111, 11.11000, 28.04398
1112, 11.12000, 22.31687
1113, 11.13000, 25.41802
1114, 11.14000, 30.26306
1115, 11.15000, 35.85133
1116, 11.16000, 25.09440
1117, 11.17000, 36.88371
1118, 11.18000, 42.22197
1119, 11.19000, 36.04701
1120, 11.20000, 32.66630
1121, 11.21000, 21.04813
1122, 11.22000, 23.59874
1123, 11.23000, 25.69728
1124, 11.24000, 27.95089
1125, 11.25000, 24.04086
1126, 11.26000, 26.97346
1127, 11.27000, 25.00014
1128, 11.28000, 21.06681
1129, 11.29000, 21.99882
1130, 11.30000, 18.97238
1131, 11.31000, 19.45222
1132, 11.32000, 19.23070
1133, 11.33000, 28.69175
1134, 11.34000, 28.59197
1135, 11.35000, 36.16456
1136, 11.36000, 23.90660
1137, 11.37000, 24.20654
1138, 11.38000, 26.45793
1139, 11.39000, 17.98475
1140, 11.40000, 23.07260
1141, 11.41000, 25.57422
1142, 11.42000, 20.58144
1143, 11.43000, 24.63574
1144, 11.44000, 28.23755
1145, 11.45000, 23.27735
1146, 11.46000, 29.19107
1147, 11.47000, 29.11220
1148, 11.48000, 24.22303
1149, 11.49000, 25.67893
1150, 11.50000, 22.01237
1151, 11.51000, 22.32539
1152, 11.52000, 23.47079
1153, 11.53000, 24.37876
1154, 11.54000, 29.07181
1155, 11.55000, 24.46197
1156, 11.56000, 25.95656
1157, 11.57000, 17.89293
1158, 11.58000, 19.49944
1159, 11.59000, 20.83185
1160, 11.60000, 20.13354
1161, 11.61000, 24.21514
1162, 11.62000, 27.33684
1163, 11.63000, 28.89179
1164, 11.64000, 31.94974
1165, 11.65000, 30.99526
1166, 11.66000, 33.25419
1167, 11.67000, 36.34372
1168, 11.68000, 31.64621
1169, 11.69000, 29.56958
1170, 11.70000, 35.32542
1171, 11.71000, 33.08873
1172, 11.72000, 23.76434
1173, 11.73000, 26.18451
1174, 11.74000, 28.68411
1175, 11.75000, 22.87523
1176, 11.76000, 28.49639
1177, 11.77000, 27.00793
1178, 11.78000, 28.40660
1179, 11.79000, 32.47202
1180, 11.80000, 26.26274
1181, 11.81000, 26.43211
1182, 11.82000, 21.68898
1183, 11.83000, 22.21932
1184, 11.84000, 30.99503
1185, 11.85000, 32.58275
1186, 11.86000, 37.53130
1187, 11.87000, 25.55517
1188, 11.88000, 27.31137
1189, 11.89000, 28.34450
1190, 11.90000, 23.44280
1191, 11.91000, 23.12606
1192, 11.92000, 28.34225
1193, 11.93000, 22.39437
1194, 11.94000, 25.62844
1195, 11.95000, 20.56833
1196, 11.96000, 21.83297
1197, 11.97000, 21.94938
1198, 11.98000, 26.21387
1199, 11.99000, 33.47533
1200, 12.00000, 26.90719
1201, 12.01000, 25.71073
1202, 12.02000, 24.52426
1203, 12.03000, 27.03978
1204, 12.04000, 21.71260
1205, 12.05000, 15.64421
1206, 12.06000, 20.48331
1207, 12.07000, 25.31188
1208, 12.08000, 21.56103
1209, 12.09000, 18.94793
1210, 12.10000, 24.72331
1211, 12.11000, 28.19675
1212, 12.12000, 27.63990
1213, 12.13000, 24.15253
1214, 12.14000, 23.68122
1215, 12.15000, 18.28272
1216, 12.16000, 25.92394
1217, 12.17000, 31.43191
1218, 12.18000, 27.15222
1219, 12.19000, 28.53026
1220, 12.20000, 38.51088
1221, 12.21000, 29.84075
1222, 12.22000, 29.28946
1223, 12.23000, 23.62526
1224, 12.24000, 22.27514
1225, 12.25000, 23.79507
1226, 12.26000, 23.80905
1227, 12.27000, 18.77311
1228, 12.28000, 18.56066
1229, 12.29000, 26.88663
1230, 12.30000, 25.29266
1231, 12.31000, 33.50026
1232, 12.32000, 31.68844
1233, 12.33000, 28.00880
1234, 12.34000, 23.14148
1235, 12.35000, 21.84367
1236, 12.36000, 30.79390
1237, 12.37000, 31.23824
1238, 12.38000, 27.40288
1239, 12.39000, 23.43086
1240, 12.40000, 20.48265
1241, 12.41000, 18.14706
1242, 12.42000, 23.04604
1243, 12.43000, 31.09602
1244, 12.44000, 28.11055
1245, 12.45000, 31.30123
1246, 12.46000, 33.36032
1247, 12.47000, 37.04045
1248, 12.48000, 30.93569
1249, 12.49000, 27.84305
1250, 12.50000, 24.42791
1251, 12.51000, 22.74853
1252, 12.52000, 26.34349
1253, 12.53000, 25.16083
1254, 12.54000, 28.37635
1255, 12.55000, 22.56225
1256, 12.56000, 25.47279
1257, 12.57000, 26.35102
1258, 12.58000, 17.25420
1259, 12.59000, 22.38840
1260, 12.60000, 22.20591
1261, 12.61000, 32.08430
1262, 12.62000, 27.62675
1263, 12.63000, 27.05158
1264, 12.64000, 26.57684
1265, 12.65000, 23.88166
1266, 12.66000, 29.11091
1267, 12.67000, 25.18059
1268, 12.68000, 27.58860
1269, 12.69000, 22.71273
1270, 12.70000, 25.76090
1271, 12.71000, 24.21543
1272, 12.72000, 21.20777
1273, 12.73000, 18.35368
1274, 12.74000, 25.69051
1275, 12.75000, 25.08553
1276, 12.76000, 23.90300
1277, 12.77000, 33.89521
1278, 12.78000, 33.90348
1279, 12.79000, 29.17252
1280, 12.80000, 34.03375
1281, 12.81000, 34.29823
1282, 12.82000, 31.41089
1283, 12.83000, 25.94218
1284, 12.84000, 28.72074
1285, 12.85000, 22.46193
1286, 12.86000, 24.20037
1287, 12.87000, 17.97029
1288, 12.88000, 21.01903
1289, 12.89000, 28.92924
1290, 12.90000, 28.84735
1291, 12.91000, 25.95836
1292, 12.92000, 22.47922
1293, 12.93000, 20.16577
1294, 12.94000, 32.09361
1295, 12.95000, 32.07886
1296, 12.96000, 34.82259
1297, 12.97000, 26.01565
1298, 12.98000, 21.18246
1299, 12.99000, 32.77234
1300, 13.00000, 25.79087
1301, 13.01000, 26.36236
1302, 13.02000, 23.70883
1303, 13.03000, 21.41268
1304, 13.04000, 18.36786
1305, 13.05000, 20.82087
1306, 13.06000, 24.66410
1307, 13.07000, 24.80143
1308, 13.08000, 28.17234
1309, 13.09000, 32.53534
1310, 13.10000, 25.81086
1311, 13.11000, 30.22750
1312, 13.12000, 27.75926
1313, 13.13000, 29.21377
1314, 13.14000, 31.50233
1315, 13.15000, 22.66532
1316, 13.16000, 30.38160
1317, 13.17000, 31.18895
1318, 13.18000, 30.68163
1319, 13.19000, 20.08209
1320, 13.20000, 17.59263
1321, 13.21000, 16.79728
1322, 13.22000, 19.99521
1323, 13.23000, 30.83284
1324, 13.24000, 31.05969
1325, 13.25000, 31.45052
1326, 13.26000, 30.58089
1327, 13.27000, 28.71583
1328, 13.28000, 22.58795
1329, 13.29000, 16.80273
1330, 13.30000, 25.94724
1331, 13.31000, 37.03370
1332, 13.32000, 24.57844
1333, 13.33000, 23.36114
1334, 13.34000, 22.30752
1335, 13.35000, 19.85766
1336, 13.36000, 17.59709
1337, 13.37000, 28.56105
1338, 13.38000, 23.77431
1339, 13.39000, 20.06819
1340, 13.40000, 24.01239
1341, 13.41000, 26.94792
1342, 13.42000, 25.67488
1343, 13.43000, 28.59321
1344, 13.44000, 24.43157
1345, 13.45000, 30.58883
1346, 13.46000, 32.51040
1347, 13.47000, 25.01695
1348, 13.48000, 31.72941
1349, 13.49000, 28.48056
1350, 13.50000, 31.45444
1351, 13.51000, 29.01356
1352, 13.52000, 22.22134
1353, 13.53000, 19.26473
1354, 13.54000, 23.73306
1355, 13.55000, 30.93333
1356, 13.56000, 31.58171
1357, 13.57000, 33.32751
1358, 13.58000, 31.84631
1359, 13.59000, 30.89841
1360, 13.60000, 29.04140
1361, 13.61000, 24.74608
1362, 13.62000, 33.11146
1363, 13.63000, 26.68399
1364, 13.64000, 24.97734
1365, 13.65000, 26.16587
1366, 13.66000, 25.39831
1367, 13.67000, 20.42013
1368, 13.68000, 25.91921
1369, 13.69000, 21.33373
1370, 13.70000, 22.36073
1371, 13.71000, 25.18298
1372, 13.72000, 27.16766
1373, 13.73000, 28.56958
1374, 13.74000, 33.29069
1375, 13.75000, 33.83970
1376, 13.76000, 28.83297
1377, 13.77000, 22.85028
1378, 13.78000, 22.59901
1379, 13.79000, 18.32711
1380, 13.80000, 31.04377
1381, 13.81000, 22.67909
1382, 13.82000, 27.24472
1383, 13.83000, 24.20129
1384, 13.84000, 25.82357
1385, 13.85000, 22.54830
1386, 13.86000, 22.80914
1387, 13.87000, 36.99051
1388, 13.88000, 25.78008
1389, 13.89000, 29.60957
1390, 13.90000, 23.04440
1391, 13.91000, 25.40181
1392, 13.92000, 27.22631
1393, 13.93000, 21.75468
1394, 13.94000, 27.18442
1395, 13.95000, 29.86046
1396, 13.96000, 24.06084
1397, 13.97000, 25.42558
1398, 13.98000, 18.10551
1399, 13.99000, 16.27946
1400, 14.00000, 21.53362
1401, 14.01000, 24.14927
1402, 14.02000, 24.53650
1403, 14.03000, 26.13015
1404, 14.04000, 24.75984
1405, 14.05000, 28.10695
1406, 14.06000, 30.44809
1407, 14.07000, 33.32460
1408, 14.08000, 24.57274
1409, 14.09000, 21.39357
1410, 14.10000, 24.63941
1411, 14.11000, 22.02092
1412, 14.12000, 24.20301
1413, 14.13000, 22.57311
1414, 14.14000, 22.91710
1415, 14.15000, 22.95106
1416, 14.16000, 26.36437
1417, 14.17000, 25.51922
1418, 14.18000, 27.28307
1419, 14.19000, 27.68244
1420, 14.20000, 26.07758
1421, 14.21000, 29.05823
1422, 14.22000, 31.20191
1423, 14.23000, 30.53221
1424, 14.24000, 32.96469
1425, 14.25000, 17.89879
1426, 14.26000, 24.42421
1427, 14.27000, 28.06136
1428, 14.28000, 20.28838
1429, 14.29000, 20.96746
1430, 14.30000, 20.59103
1431, 14.31000, 22.73927
1432, 14.32000, 21.03207
1433, 14.33000, 19.98053
1434, 14.34000, 21.00408
1435, 14.35000, 22.52795
1436, 14.36000, 27.09369
1437, 14.37000, 25.73491
1438, 14.38000, 32.67492
1439, 14.39000, 33.17427
1440, 14.40000, 32.55904
1441, 14.41000, 31.99699
1442, 14.42000, 28.09258
1443, 14.43000, 29.52119
1444, 14.44000, 21.15084
1445, 14.45000, 25.16797
1446, 14.46000, 26.48907
1447, 14.47000, 26.56946
1448, 14.48000, 24.13619
1449, 14.49000, 21.49738
1450, 14.50000, 23.07080
1451, 14.51000, 27.46933
1452, 14.52000, 30.33576
1453, 14.53000, 29.77171
1454, 14.54000, 33.71525
1455, 14.55000, 31.04760
1456, 14.56000, 29.54450
1457, 14.57000, 21.85292
1458, 14.58000, 26.62923
1459, 14.59000, 29.97215
1460, 14.60000, 23.93545
1461, 14.61000, 25.79557
1462, 14.62000, 23.75453
1463, 14.63000, 25.11429
1464, 14.64000, 23.01034
1465, 14.65000, 29.60075
1466, 14.66000, 31.86108
1467, 14.67000, 20.84902
1468, 14.68000, 21.85479
1469, 14.69000, 19.98212
1470, 14.70000, 32.54397
1471, 14.71000, 26.25496
1472, 14.72000, 29.13711
1473, 14.73000, 28.05709
1474, 14.74000, 25.80715
1475, 14.75000, 27.76607
1476, 14.76000, 26.70595
1477, 14.77000, 22.69739
1478, 14.78000, 22.30416
1479, 14.79000, 24.38896
1480, 14.80000, 25.70865
1481, 14.81000, 27.43547
1482, 14.82000, 23.47305
1483, 14.83000, 21.21558
1484, 14.84000, 25.71743
1485, 14.85000, 25.76804
1486, 14.86000, 18.98653
1487, 14.87000, 22.56380
1488, 14.88000, 26.40452
1489, 14.89000, 20.92054
1490, 14.90000, 24.69641
1491, 14.91000, 25.17614
1492, 14.92000, 16.27840
1493, 14.93000, 15.72391
1494, 14.94000, 18.16582
1495, 14.95000, 18.55681
1496, 14.96000, 24.90634
1497, 14.97000, 23.61423
1498, 14.98000, 22.87676
1499, 14.99000, 20.32058
1500, 15.00000, 27.87924
1501, 15.01000, 23.68423
1502, 15.02000, 25.92700
1503, 15.03000, 29.73891
1504, 15.04000, 27.32904
1505, 15.05000, 30.15199
1506, 15.06000, 25.92880
1507, 15.07000, 25.80959
1508, 15.08000, 31.14703
1509, 15.09000, 24.87715
1510, 15.10000, 25.26811
1511, 15.11000, 23.66699
1512, 15.12000, 24.33739
1513, 15.13000, 21.92383
1514, 15.14000, 22.68299
1515, 15.15000, 18.92880
1516, 15.16000, 23.22327
1517, 15.17000, 35.71836
1518, 15.18000, 27.81258
1519, 15.19000, 26.84287
1520, 15.20000, 20.54190
1521, 15.21000, 22.45437
1522, 15.22000, 21.83818
1523, 15.23000, 24.18790
1524, 15.24000, 27.59482
1525, 15.25000, 26.52386
1526, 15.26000, 24.57591
1527, 15.27000, 26.72581
1528, 15.28000, 25.26575
1529, 15.29000, 18.70354
1530, 15.30000, 22.65960
1531, 15.31000, 19.97375
1532, 15.32000, 27.41979
1533, 15.33000, 18.62897
1534, 15.34000, 26.89113
1535, 15.35000, 34.56480
1536, 15.36000, 33.44325
1537, 15.37000, 32.93738
1538, 15.38000, 26.86948
1539, 15.39000, 24.37493
1540, 15.40000, 19.71652
1541, 15.41000, 22.04402
1542, 15.42000, 19.07968
1543, 15.43000, 21.62570
1544, 15.44000, 27.46730
1545, 15.45000, 23.26568
1546, 15.46000, 21.60342
1547, 15.47000, 22.90009
1548, 15.48000, 18.89011
1549, 15.49000, 21.21270
1550, 15.50000, 19.91082
1551, 15.51000, 25.60476
1552, 15.52000, 29.25067
1553, 15.53000, 30.43785
1554, 15.54000, 33.18328
1555, 15.55000, 27.98627
1556, 15.56000, 28.88109
1557, 15.57000, 24.04564
1558, 15.58000, 22.37971
1559, 15.59000, 25.46103
1560, 15.60000, 28.97425
1561, 15.61000, 22.61717
1562, 15.62000, 25.40715
1563, 15.63000, 20.53833
1564, 15.64000, 24.67544
1565, 15.65000, 19.98324
1566, 15.66000, 19.68271
1567, 15.67000, 20.09224
1568, 15.68000, 23.34812
1569, 15.69000, 23.37444
1570, 15.70000, 26.25695
1571, 15.71000, 27.67139
1572, 15.72000, 22.09825
1573, 15.73000, 19.57548
1574, 15.74000, 18.85492
1575, 15.75000, 24.54557
1576, 15.76000, 21.37023
1577, 15.77000, 19.25120
1578, 15.78000, 23.59321
1579, 15.79000, 23.07451
1580, 15.80000, 19.06253
1581, 15.81000, 21.29513
1582, 15.82000, 26.28324
1583, 15.83000, 28.34825
1584, 15.84000, 27.80796
1585, 15.85000, 26.87336
1586, 15.86000, 30.81917
1587, 15.87000, 20.56016
1588, 15.88000, 18.21162
1589, 15.89000, 17.81764
1590, 15.90000, 22.62653
1591, 15.91000, 26.76793
1592, 15.92000, 25.89119
1593, 15.93000, 18.09993
1594, 15.94000, 20.12213
1595, 15.95000, 17.28233
1596, 15.96000, 21.83026
1597, 15.97000, 25.17856
1598, 15.98000, 36.09679
1599, 15.99000, 35.31965
1600, 16.00000, 26.11887
1601, 16.01000, 30.35769
1602, 16.02000, 31.09632
1603, 16.03000, 34.63746
1604, 16.04000, 29.60834
1605, 16.05000, 29.14994
1606, 16.06000, 18.25183
1607, 16.07000, 23.02017
1608, 16.08000, 26.10905
1609, 16.09000, 24.86580
1610, 16.10000, 22.08640
1611, 16.11000, 23.03045
1612, 16.12000, 18.77679
1613, 16.13000, 16.36392
1614, 16.14000, 20.89046
1615, 16.15000, 22.83370
1616, 16.16000, 25.25825
1617, 16.17000, 27.83995
1618, 16.18000, 24.39496
1619, 16.19000, 19.31408
1620, 16.20000, 23.44710
1621, 16.21000, 20.73786
1622, 16.22000, 13.61512
1623, 16.23000, 17.95285
1624, 16.24000, 21.64804
1625, 16.25000, 22.02874
1626, 16.26000, 26.63139
1627, 16.27000, 19.85704
1628, 16.28000, 26.23996
1629, 16.29000, 25.60221
1630, 16.30000, 26.47217
1631, 16.31000, 22.99761
1632, 16.32000, 25.45091
1633, 16.33000, 26.36808
1634, 16.34000, 30.95608
1635, 16.35000, 30.09461
1636, 16.36000, 24.05918
1637, 16.37000, 30.42603
1638, 16.38000, 21.48578
1639, 16.39000, 21.16540
1640, 16.40000, 23.24158
1641, 16.41000, 24.06903
1642, 16.42000, 28.07876
1643, 16.43000, 26.61833
1644, 16.44000, 21.58404
1645, 16.45000, 24.68079
1646, 16.46000, 22.22537
1647, 16.47000, 26.51853
1648, 16.48000, 26.42289
1649, 16.49000, 28.50851
1650, 16.50000, 24.48277
1651, 16.51000, 20.00281
1652, 16.52000, 26.77954
1653, 16.53000, 28.09657
1654, 16.54000, 26.83661
1655, 16.55000, 24.09332
1656, 16.56000, 24.25239
1657, 16.57000, 21.14968
1658, 16.58000, 19.94935
1659, 16.59000, 22.48265
1660, 16.60000, 21.11262
1661, 16.61000, 21.05584
1662, 16.62000, 31.78213
1663, 16.63000, 31.24723
1664, 16.64000, 32.30288
1665, 16.65000, 33.84762
1666, 16.66000, 36.15940
1667, 16.67000, 31.15326
1668, 16.68000, 30.47008
1669, 16.69000, 28.99699
1670, 16.70000, 22.13363
1671, 16.71000, 24.56365
1672, 16.72000, 20.75070
1673, 16.73000, 17.35025
1674, 16.74000, 17.09606
1675, 16.75000, 23.49535
1676, 16.76000, 25.04162
1677, 16.77000, 27.30828
1678, 16.78000, 34.48359
1679, 16.79000, 26.93177
1680, 16.80000, 29.33610
1681, 16.81000, 29.65045
1682, 16.82000, 22.87859
1683, 16.83000, 21.06782
1684, 16.84000, 24.60574
1685, 16.85000, 23.34902
1686, 16.86000, 24.98873
1687, 16.87000, 20.72201
1688, 16.88000, 18.48198
1689, 16.89000, 21.43484
1690, 16.90000, 24.27197
1691, 16.91000, 31.36495
1692, 16.92000, 22.87346
1693, 16.93000, 21.27011
1694, 16.94000, 21.94039
1695, 16.95000, 30.67724
1696, 16.96000, 29.33231
1697, 16.97000, 23.06261
1698, 16.98000, 30.02403
1699, 16.99000, 31.85831
1700, 17.00000, 20.20760
1701, 17.01000, 23.33392
1702, 17.02000, 14.76383
1703, 17.03000, 18.18025
1704, 17.04000, 16.84785
1705, 17.05000, 23.56980
1706, 17.06000, 24.12505
1707, 17.07000, 20.94388
1708, 17.08000, 22.85014
1709, 17.09000, 22.67653
1710, 17.10000, 28.83882
1711, 17.11000, 22.64463
1712, 17.12000, 26.33802
1713, 17.13000, 30.25728
1714, 17.14000, 18.53645
1715, 17.15000, 30.03596
1716, 17.16000, 25.15849
1717, 17.17000, 25.86638
1718, 17.18000, 23.88046
1719, 17.19000, 26.45133
1720, 17.20000, 23.21811
1721, 17.21000, 27.61148
1722, 17.22000, 30.98430
1723, 17.23000, 23.85596
1724, 17.24000, 25.62010
1725, 17.25000, 24.33618
1726, 17.26000, 27.76377
1727, 17.27000, 31.92272
1728, 17.28000, 33.06632
1729, 17.29000, 32.13233
1730, 17.30000, 30.75289
1731, 17.31000, 26.66989
1732, 17.32000, 22.47194
1733, 17.33000, 29.55344
1734, 17.34000, 19.25616
1735, 17.35000, 24.47750
1736, 17.36000, 24.71732
1737, 17.37000, 25.59302
1738, 17.38000, 26.21185
1739, 17.39000, 22.91246
1740, 17.40000, 28.89650
1741, 17.41000, 24.91651
1742, 17.42000, 33.77698
1743, 17.43000, 31.71468
1744, 17.44000, 33.72792
1745, 17.45000, 29.72093
1746, 17.46000, 20.33929
1747, 17.47000, 26.45373
1748, 17.48000, 24.51298
1749, 17.49000, 27.45080
1750, 17.50000, 27.18986
1751, 17.51000, 24.44594
1752, 17.52000, 23.39872
1753, 17.53000, 21.72887
1754, 17.54000, 25.41123
1755, 17.55000, 23.85047
1756, 17.56000, 18.22217
1757, 17.57000, 21.75016
1758, 17.58000, 19.86395
1759, 17.59000, 25.69090
1760, 17.60000, 32.94123
1761, 17.61000, 27.24530
1762, 17.62000, 29.53630
1763, 17.63000, 30.13116
1764, 17.64000, 31.67708
1765, 17.65000, 27.16904
1766, 17.66000, 25.53753
1767, 17.67000, 27.13734
1768, 17.68000, 25.17017
1769, 17.69000, 26.04989
1770, 17.70000, 23.29629
1771, 17.71000, 21.31601
1772, 17.72000, 20.92666
1773, 17.73000, 20.33142
1774, 17.74000, 28.82664
1775, 17.75000, 27.66072
1776, 17.76000, 18.52644
1777, 17.77000, 23.14967
1778, 17.78000, 22.64250
1779, 17.79000, 30.36036
1780, 17.80000, 25.45626
1781, 17.81000, 20.75805
1782, 17.82000, 20.89257
1783, 17.83000, 25.44542
1784, 17.84000, 23.00115
1785, 17.85000, 18.45467
1786, 17.86000, 18.10662
1787, 17.87000, 23.35971
1788, 17.88000, 21.40741
1789, 17.89000, 22.25201
1790, 17.90000, 17.92450
1791, 17.91000, 24.37545
1792, 17.92000, 22.43097
1793, 17.93000, 24.85564
1794, 17.94000, 24.03689
1795, 17.95000, 28.14119
1796, 17.96000, 27.83537
1797, 17.97000, 19.18689
1798, 17.98000, 17.99231
1799, 17.99000, 22.05240
1800, 18.00000, 19.24529
1801, 18.01000, 26.44126
1802, 18.02000, 19.29844
1803, 18.03000, 22.79667
1804, 18.04000, 20.41727
1805, 18.05000, 22.48505
1806, 18.06000, 25.65172
1807, 18.07000, 24.49696
1808, 18.08000, 21.80640
1809, 18.09000, 16.24383
1810, 18.10000, 19.49493
1811, 18.11000, 23.09732
1812, 18.12000, 23.93548
1813, 18.13000, 16.60436
1814, 18.14000, 16.68452
1815, 18.15000, 14.62063
1816, 18.16000, 14.88551
1817, 18.17000, 16.67250
1818, 18.18000, 15.74900
1819, 18.19000, 19.60138
1820, 18.20000, 19.77221
1821, 18.21000, 25.93195
1822, 18.22000, 19.25844
1823, 18.23000, 24.41896
1824, 18.24000, 22.78971
1825, 18.25000, 23.95072
1826, 18.26000, 25.70511
1827, 18.27000, 28.21666
1828, 18.28000, 20.37627
1829, 18.29000, 19.76206
1830, 18.30000, 22.08942
1831, 18.31000, 15.06074
1832, 18.32000, 16.03432
1833, 18.33000, 16.29152
1834, 18.34000, 20.68975
1835, 18.35000, 13.30933
1836, 18.36000, 14.66317
1837, 18.37000, 16.39402
1838, 18.38000, 21.04544
1839, 18.39000, 16.91876
1840, 18.40000, 22.85554
1841, 18.41000, 21.52994
1842, 18.42000, 19.97137
1843, 18.43000, 22.17508
1844, 18.44000, 24.71040
1845, 18.45000, 20.94949
1846, 18.46000, 17.83776
1847, 18.47000, 17.13792
1848, 18.48000, 15.94846
1849, 18.49000, 15.04772
1850, 18.50000, 21.07795
1851, 18.51000, 17.10159
1852, 18.52000, 18.90927
1853, 18.53000, 19.71829
1854, 18.54000, 15.35702
1855, 18.55000, 17.62460
1856, 18.56000, 22.16496
1857, 18.57000, 20.38649
1858, 18.58000, 24.87271
1859, 18.59000, 25.71875
1860, 18.60000, 20.11958
1861, 18.61000, 19.91417
1862, 18.62000, 18.72799
1863, 18.63000, 15.96884
1864, 18.64000, 15.16998
1865, 18.65000, 18.94458
1866, 18.66000, 17.18985
1867, 18.67000, 16.90239
1868, 18.68000, 18.36525
1869, 18.69000, 14.93175
1870, 18.70000, 20.33389
1871, 18.71000, 13.39636
1872, 18.72000, 18.90897
1873, 18.73000, 16.92517
1874, 18.74000, 18.73968
1875, 18.75000, 18.55834
1876, 18.76000, 14.38031
1877, 18.77000, 16.97862
1878, 18.78000, 13.97906
1879, 18.79000, 15.32256
1880, 18.80000, 17.11576
1881, 18.81000, 17.03473
1882, 18.82000, 14.76296
1883, 18.83000, 14.12588
1884, 18.84000, 15.85552
1885, 18.85000, 15.23228
1886, 18.86000, 22.87301
1887, 18.87000, 19.91482
1888, 18.88000, 18.88315
1889, 18.89000, 15.19568
1890, 18.90000, 18.15578
1891, 18.91000, 20.06545
1892, 18.92000, 21.73442
1893, 18.93000, 16.53237
1894, 18.94000, 21.69435
1895, 18.95000, 17.44064
1896, 18.96000, 15.84029
1897, 18.97000, 15.78739
1898, 18.98000, 15.02975
1899, 18.99000, 21.50079
1900, 19.00000, 17.04710
1901, 19.01000, 20.16229
1902, 19.02000, 19.06410
1903, 19.03000, 21.08301
1904, 19.04000, 23.69150
1905, 19.05000, 19.99386
1906, 19.06000, 22.84187
1907, 19.07000, 24.80720
1908, 19.08000, 22.28134
1909, 19.09000, 20.53429
1910, 19.10000, 17.17947
1911, 19.11000, 15.58933
1912, 19.12000, 19.95692
1913, 19.13000, 19.06080
1914, 19.14000, 20.98676
1915, 19.15000, 17.01345
1916, 19.16000, 17.50599
1917, 19.17000, 19.54795
1918, 19.18000, 16.52204
1919, 19.19000, 18.86248
1920, 19.20000, 22.41501
1921, 19.21000, 17.98781
1922, 19.22000, 18.14459
1923, 19.23000, 19.69587
1924, 19.24000, 19.05796
1925, 19.25000, 16.34748
1926, 19.26000, 17.84533
1927, 19.27000, 15.95121
1928, 19.28000, 16.47145
1929, 19.29000, 13.78664
1930, 19.30000, 16.61454
1931, 19.31000, 10.61641
1932, 19.32000, 14.15936
1933, 19.33000, 14.22622
1934, 19.34000, 16.41492
1935, 19.35000, 21.68826
1936, 19.36000, 21.76123
1937, 19.37000, 22.38352
1938, 19.38000, 19.97246
1939, 19.39000, 16.70279
1940, 19.40000, 13.97921
1941, 19.41000, 15.07631
1942, 19.42000, 15.42635
1943, 19.43000, 17.69313
1944, 19.44000, 18.28523
1945, 19.45000, 14.19695
1946, 19.46000, 18.75454
1947, 19.47000, 17.41610
1948, 19.48000, 15.98703
1949, 19.49000, 15.57935
1950, 19.50000, 14.98481
1951, 19.51000, 18.04103
1952, 19.52000, 22.94868
1953, 19.53000, 17.91030
1954, 19.54000, 18.56341
1955, 19.55000, 16.91813
1956, 19.56000, 17.62704
1957, 19.57000, 12.86963
1958, 19.58000, 22.26765
1959, 19.59000, 13.47075
1960, 19.60000, 13.42210
1961, 19.61000, 12.91656
1962, 19.62000, 16.71007
1963, 19.63000, 13.15882
1964, 19.64000, 13.51776
1965, 19.65000, 17.13004
1966, 19.66000, 12.50112
1967, 19.67000, 14.59396
1968, 19.68000, 13.69493
1969, 19.69000, 15.84993
1970, 19.70000, 20.35542
1971, 19.71000, 12.07022
1972, 19.72000, 11.62583
1973, 19.73000, 15.32426
1974, 19.74000, 10.18234
1975, 19.75000, 11.26127
1976, 19.76000, 11.20076
1977, 19.77000, 11.89231
1978, 19.78000, 10.82552
1979, 19.79000, 13.12513
1980, 19.80000, 15.59639
1981, 19.81000, 14.38448
1982, 19.82000, 11.34427
1983, 19.83000, 14.47001
1984, 19.84000, 15.28800
1985, 19.85000, 15.83727
1986, 19.86000, 12.79106
1987, 19.87000, 14.76617
1988, 19.88000, 15.66495
1989, 19.89000, 10.82403
1990, 19.90000, 16.83149
1991, 19.91000, 10.99743
1992, 19.92000, 11.80693
1993, 19.93000, 11.79661
1994, 19.94000, 11.17874
1995, 19.95000, 10.72199
1996, 19.96000, 10.96029
1997, 19.97000, 12.31014
1998, 19.98000, 12.71816
1999, 19.99000, 14.43333
2000, 20.00000, 17.09178
2001, 20.01000, 14.06604
