nt, t, solve_time
1, 0.01000, 61.20411
2, 0.02000, 31.73867
3, 0.03000, 54.59785
4, 0.04000, 71.12772
5, 0.05000, 43.97158
6, 0.06000, 40.39350
7, 0.07000, 49.95386
8, 0.08000, 21.67496
9, 0.09000, 44.16389
10, 0.10000, 33.59665
11, 0.11000, 36.88425
12, 0.12000, 33.85467
13, 0.13000, 32.65057
14, 0.14000, 24.04136
15, 0.15000, 41.03383
16, 0.16000, 29.63743
17, 0.17000, 41.06760
18, 0.18000, 42.83108
19, 0.19000, 31.51129
20, 0.20000, 52.29979
21, 0.21000, 44.70741
22, 0.22000, 43.83078
23, 0.23000, 38.32128
24, 0.24000, 36.42648
25, 0.25000, 47.07068
26, 0.26000, 52.51631
27, 0.27000, 68.10076
28, 0.28000, 43.46931
29, 0.29000, 41.87939
30, 0.30000, 39.13200
31, 0.31000, 48.53637
32, 0.32000, 34.39866
33, 0.33000, 32.25001
34, 0.34000, 35.84144
35, 0.35000, 35.05956
36, 0.36000, 33.92987
37, 0.37000, 22.28612
38, 0.38000, 38.85984
39, 0.39000, 34.68707
40, 0.40000, 39.11354
41, 0.41000, 29.22498
42, 0.42000, 35.52507
43, 0.43000, 51.37423
44, 0.44000, 27.15115
45, 0.45000, 26.87961
46, 0.46000, 30.24915
47, 0.47000, 21.48603
48, 0.48000, 12.69745
49, 0.49000, 20.89900
50, 0.50000, 23.77061
51, 0.51000, 24.05376
52, 0.52000, 19.61471
53, 0.53000, 20.97693
54, 0.54000, 13.79289
55, 0.55000, 19.54812
56, 0.56000, 14.32587
57, 0.57000, 17.67378
58, 0.58000, 13.34645
59, 0.59000, 16.40345
60, 0.60000, 21.06934
61, 0.61000, 13.06580
62, 0.62000, 27.52884
63, 0.63000, 23.76655
64, 0.64000, 26.28748
65, 0.65000, 34.54283
66, 0.66000, 36.09201
67, 0.67000, 34.55625
68, 0.68000, 36.90103
69, 0.69000, 27.04458
70, 0.70000, 22.97967
71, 0.71000, 35.60035
72, 0.72000, 30.59756
73, 0.73000, 33.53457
74, 0.74000, 39.48918
75, 0.75000, 22.35072
76, 0.76000, 33.69638
77, 0.77000, 30.86185
78, 0.78000, 24.96061
79, 0.79000, 26.01118
80, 0.80000, 30.45010
81, 0.81000, 21.70296
82, 0.82000, 26.40273
83, 0.83000, 25.93292
84, 0.84000, 20.82757
85, 0.85000, 27.51248
86, 0.86000, 23.23303
87, 0.87000, 19.99323
88, 0.88000, 33.68752
89, 0.89000, 32.78402
90, 0.90000, 20.96153
91, 0.91000, 26.90182
92, 0.92000, 33.13686
93, 0.93000, 31.27532
94, 0.94000, 24.13243
95, 0.95000, 25.82618
96, 0.96000, 32.30692
97, 0.97000, 30.96669
98, 0.98000, 17.45399
99, 0.99000, 25.97795
100, 1.00000, 36.43845
101, 1.01000, 31.01449
102, 1.02000, 34.48273
103, 1.03000, 34.24378
104, 1.04000, 13.63854
105, 1.05000, 24.18463
106, 1.06000, 38.91143
107, 1.07000, 27.11936
108, 1.08000, 30.80515
109, 1.09000, 29.94119
110, 1.10000, 41.72772
111, 1.11000, 36.55753
112, 1.12000, 45.38127
113, 1.13000, 30.69629
114, 1.14000, 36.04207
115, 1.15000, 34.87031
116, 1.16000, 31.64601
117, 1.17000, 34.97121
118, 1.18000, 36.27031
119, 1.19000, 29.70913
120, 1.20000, 35.29167
121, 1.21000, 32.68229
122, 1.22000, 39.57347
123, 1.23000, 29.95570
124, 1.24000, 31.80531
125, 1.25000, 45.70207
126, 1.26000, 44.72407
127, 1.27000, 29.06391
128, 1.28000, 36.92801
129, 1.29000, 38.76679
130, 1.30000, 44.26219
131, 1.31000, 43.99434
132, 1.32000, 36.52494
133, 1.33000, 41.31220
134, 1.34000, 37.94157
135, 1.35000, 39.63957
136, 1.36000, 44.58381
137, 1.37000, 37.43312
138, 1.38000, 40.93049
139, 1.39000, 29.95134
140, 1.40000, 37.00533
141, 1.41000, 42.10425
142, 1.42000, 36.55275
143, 1.43000, 33.59043
144, 1.44000, 41.06935
145, 1.45000, 38.59296
146, 1.46000, 44.75121
147, 1.47000, 29.94456
148, 1.48000, 45.76787
149, 1.49000, 46.63185
150, 1.50000, 48.60807
151, 1.51000, 37.21181
152, 1.52000, 27.74756
153, 1.53000, 34.56105
154, 1.54000, 29.61706
155, 1.55000, 30.76545
156, 1.56000, 41.30018
157, 1.57000, 36.84141
158, 1.58000, 26.68127
159, 1.59000, 34.18053
160, 1.60000, 44.08977
161, 1.61000, 35.60481
162, 1.62000, 37.31280
163, 1.63000, 41.70501
164, 1.64000, 45.65638
165, 1.65000, 38.73142
166, 1.66000, 29.81854
167, 1.67000, 36.01974
168, 1.68000, 35.64844
169, 1.69000, 33.03409
170, 1.70000, 40.45115
171, 1.71000, 36.89122
172, 1.72000, 50.12887
173, 1.73000, 28.47004
174, 1.74000, 48.36722
175, 1.75000, 30.93787
176, 1.76000, 45.59880
177, 1.77000, 36.50845
178, 1.78000, 38.56719
179, 1.79000, 46.25578
180, 1.80000, 38.28011
181, 1.81000, 38.89853
182, 1.82000, 45.69446
183, 1.83000, 36.58824
184, 1.84000, 43.29265
185, 1.85000, 44.32170
186, 1.86000, 27.41423
187, 1.87000, 31.84315
188, 1.88000, 42.86966
189, 1.89000, 37.58581
190, 1.90000, 38.55842
191, 1.91000, 30.31859
192, 1.92000, 37.52465
193, 1.93000, 34.29012
194, 1.94000, 39.58828
195, 1.95000, 28.38176
196, 1.96000, 38.22078
197, 1.97000, 34.80646
198, 1.98000, 34.92107
199, 1.99000, 35.89140
200, 2.00000, 32.74442
201, 2.01000, 29.70364
202, 2.02000, 37.52994
203, 2.03000, 42.33436
204, 2.04000, 41.04257
205, 2.05000, 33.15231
206, 2.06000, 33.24306
207, 2.07000, 30.34333
208, 2.08000, 27.95913
209, 2.09000, 23.73463
210, 2.10000, 32.21246
211, 2.11000, 25.62954
212, 2.12000, 30.87215
213, 2.13000, 30.42217
214, 2.14000, 34.34775
215, 2.15000, 32.53493
216, 2.16000, 28.32160
217, 2.17000, 25.70133
218, 2.18000, 29.87187
219, 2.19000, 29.72703
220, 2.20000, 27.32619
221, 2.21000, 24.81084
222, 2.22000, 23.52060
223, 2.23000, 34.13723
224, 2.24000, 38.89670
225, 2.25000, 33.43225
226, 2.26000, 34.85214
227, 2.27000, 36.80566
228, 2.28000, 35.32142
229, 2.29000, 22.79888
230, 2.30000, 17.80373
231, 2.31000, 25.19254
232, 2.32000, 26.66419
233, 2.33000, 20.16624
234, 2.34000, 24.85569
235, 2.35000, 20.99452
236, 2.36000, 28.61290
237, 2.37000, 36.49395
238, 2.38000, 35.21757
239, 2.39000, 29.15278
240, 2.40000, 29.99467
241, 2.41000, 30.26921
242, 2.42000, 26.40147
243, 2.43000, 22.32218
244, 2.44000, 26.61344
245, 2.45000, 36.09419
246, 2.46000, 28.49897
247, 2.47000, 24.62985
248, 2.48000, 19.54557
249, 2.49000, 21.45899
250, 2.50000, 25.11689
251, 2.51000, 28.47360
252, 2.52000, 34.93897
253, 2.53000, 28.61347
254, 2.54000, 27.18412
255, 2.55000, 37.85056
256, 2.56000, 32.89282
257, 2.57000, 37.67977
258, 2.58000, 34.27882
259, 2.59000, 38.77241
260, 2.60000, 25.41249
261, 2.61000, 26.97663
262, 2.62000, 24.76302
263, 2.63000, 31.47730
264, 2.64000, 27.34105
265, 2.65000, 25.94693
266, 2.66000, 41.84129
267, 2.67000, 40.01592
268, 2.68000, 33.84780
269, 2.69000, 28.07948
270, 2.70000, 29.50676
271, 2.71000, 33.13051
272, 2.72000, 35.89051
273, 2.73000, 37.59695
274, 2.74000, 35.15189
275, 2.75000, 35.67502
276, 2.76000, 25.74718
277, 2.77000, 28.28536
278, 2.78000, 27.28888
279, 2.79000, 27.23465
280, 2.80000, 23.43675
281, 2.81000, 25.84597
282, 2.82000, 27.52810
283, 2.83000, 35.60655
284, 2.84000, 30.27878
285, 2.85000, 27.60032
286, 2.86000, 29.99357
287, 2.87000, 33.78915
288, 2.88000, 37.51478
289, 2.89000, 32.15709
290, 2.90000, 30.93471
291, 2.91000, 24.11455
292, 2.92000, 21.38296
293, 2.93000, 28.48981
294, 2.94000, 21.67807
295, 2.95000, 23.37864
296, 2.96000, 17.38847
297, 2.97000, 22.84679
298, 2.98000, 28.58826
299, 2.99000, 33.84621
300, 3.00000, 38.61365
301, 3.01000, 32.80418
302, 3.02000, 29.42568
303, 3.03000, 33.49099
304, 3.04000, 35.75401
305, 3.05000, 37.01839
306, 3.06000, 29.57544
307, 3.07000, 36.36478
308, 3.08000, 23.24981
309, 3.09000, 25.80171
310, 3.10000, 27.76943
311, 3.11000, 33.16344
312, 3.12000, 35.97710
313, 3.13000, 30.88510
314, 3.14000, 35.32563
315, 3.15000, 27.33460
316, 3.16000, 34.72164
317, 3.17000, 46.26655
318, 3.18000, 25.07884
319, 3.19000, 26.80163
320, 3.20000, 40.66874
321, 3.21000, 30.63697
322, 3.22000, 31.02106
323, 3.23000, 37.20530
324, 3.24000, 22.91681
325, 3.25000, 27.24078
326, 3.26000, 22.31838
327, 3.27000, 21.16605
328, 3.28000, 17.77268
329, 3.29000, 30.29804
330, 3.30000, 31.74112
331, 3.31000, 30.91447
332, 3.32000, 25.03370
333, 3.33000, 35.58128
334, 3.34000, 24.75781
335, 3.35000, 38.18324
336, 3.36000, 28.86507
337, 3.37000, 43.28622
338, 3.38000, 45.28963
339, 3.39000, 28.24463
340, 3.40000, 33.16242
341, 3.41000, 26.71902
342, 3.42000, 38.13412
343, 3.43000, 28.42866
344, 3.44000, 26.08758
345, 3.45000, 23.47096
346, 3.46000, 23.87149
347, 3.47000, 26.88673
348, 3.48000, 33.89369
349, 3.49000, 30.64471
350, 3.50000, 29.73431
351, 3.51000, 27.18215
352, 3.52000, 34.43787
353, 3.53000, 33.90325
354, 3.54000, 32.23148
355, 3.55000, 28.62933
356, 3.56000, 23.38005
357, 3.57000, 22.76577
358, 3.58000, 19.60332
359, 3.59000, 30.49107
360, 3.60000, 34.02452
361, 3.61000, 24.30819
362, 3.62000, 36.12640
363, 3.63000, 27.33485
364, 3.64000, 36.43662
365, 3.65000, 29.14551
366, 3.66000, 26.90889
367, 3.67000, 37.23459
368, 3.68000, 37.88912
369, 3.69000, 37.20818
370, 3.70000, 35.78060
371, 3.71000, 34.39252
372, 3.72000, 19.01062
373, 3.73000, 23.46009
374, 3.74000, 18.36745
375, 3.75000, 17.81334
376, 3.76000, 19.41683
377, 3.77000, 22.88923
378, 3.78000, 19.54810
379, 3.79000, 25.86828
380, 3.80000, 30.48815
381, 3.81000, 29.44198
382, 3.82000, 25.09772
383, 3.83000, 25.64966
384, 3.84000, 30.80259
385, 3.85000, 34.84475
386, 3.86000, 34.87008
387, 3.87000, 24.38112
388, 3.88000, 22.79852
389, 3.89000, 27.17059
390, 3.90000, 26.89355
391, 3.91000, 24.29808
392, 3.92000, 23.66236
393, 3.93000, 24.81901
394, 3.94000, 30.09464
395, 3.95000, 26.92397
396, 3.96000, 39.88159
397, 3.97000, 39.63532
398, 3.98000, 26.92690
399, 3.99000, 26.66908
400, 4.00000, 28.43787
401, 4.01000, 26.46968
402, 4.02000, 32.92752
403, 4.03000, 27.39029
404, 4.04000, 28.92772
405, 4.05000, 33.21214
406, 4.06000, 25.51052
407, 4.07000, 24.60464
408, 4.08000, 19.73245
409, 4.09000, 21.18191
410, 4.10000, 27.96892
411, 4.11000, 27.88390
412, 4.12000, 37.79893
413, 4.13000, 35.08561
414, 4.14000, 31.82624
415, 4.15000, 25.86359
416, 4.16000, 34.42456
417, 4.17000, 25.16851
418, 4.18000, 29.59162
419, 4.19000, 37.08096
420, 4.20000, 26.78172
421, 4.21000, 28.99226
422, 4.22000, 23.62292
423, 4.23000, 22.49463
424, 4.24000, 21.85162
425, 4.25000, 24.17940
426, 4.26000, 20.63801
427, 4.27000, 34.43546
428, 4.28000, 26.22489
429, 4.29000, 28.31904
430, 4.30000, 23.72092
431, 4.31000, 30.30715
432, 4.32000, 28.08619
433, 4.33000, 18.48767
434, 4.34000, 25.04776
435, 4.35000, 30.74359
436, 4.36000, 27.83601
437, 4.37000, 22.35329
438, 4.38000, 24.64548
439, 4.39000, 22.43538
440, 4.40000, 16.60970
441, 4.41000, 23.86885
442, 4.42000, 27.12850
443, 4.43000, 26.11351
444, 4.44000, 31.14070
445, 4.45000, 29.06166
446, 4.46000, 32.88884
447, 4.47000, 30.68975
448, 4.48000, 26.01228
449, 4.49000, 20.81847
450, 4.50000, 28.89315
451, 4.51000, 25.82427
452, 4.52000, 18.17725
453, 4.53000, 18.97969
454, 4.54000, 24.12339
455, 4.55000, 21.27440
456, 4.56000, 21.52819
457, 4.57000, 25.17621
458, 4.58000, 24.07573
459, 4.59000, 31.98122
460, 4.60000, 34.42820
461, 4.61000, 29.50751
462, 4.62000, 27.02843
463, 4.63000, 34.03170
464, 4.64000, 34.40843
465, 4.65000, 29.17995
466, 4.66000, 26.74798
467, 4.67000, 22.95630
468, 4.68000, 26.91083
469, 4.69000, 23.35557
470, 4.70000, 23.89342
471, 4.71000, 24.50822
472, 4.72000, 24.82901
473, 4.73000, 34.06404
474, 4.74000, 27.27998
475, 4.75000, 23.56738
476, 4.76000, 28.08325
477, 4.77000, 27.78996
478, 4.78000, 26.85131
479, 4.79000, 35.01746
480, 4.80000, 44.26471
481, 4.81000, 30.41099
482, 4.82000, 31.57424
483, 4.83000, 30.12733
484, 4.84000, 19.71503
485, 4.85000, 20.13770
486, 4.86000, 17.69257
487, 4.87000, 16.53066
488, 4.88000, 18.94255
489, 4.89000, 21.14422
490, 4.90000, 26.63769
491, 4.91000, 28.09946
492, 4.92000, 25.36890
493, 4.93000, 27.13153
494, 4.94000, 28.18505
495, 4.95000, 24.83494
496, 4.96000, 27.79138
497, 4.97000, 28.47640
498, 4.98000, 29.53379
499, 4.99000, 30.32969
500, 5.00000, 34.04529
501, 5.01000, 26.51986
502, 5.02000, 23.61339
503, 5.03000, 24.80218
504, 5.04000, 25.71767
505, 5.05000, 24.24222
506, 5.06000, 26.79919
507, 5.07000, 29.37690
508, 5.08000, 27.52502
509, 5.09000, 31.00579
510, 5.10000, 31.51634
511, 5.11000, 32.76214
512, 5.12000, 38.00295
513, 5.13000, 32.64692
514, 5.14000, 34.62868
515, 5.15000, 30.00633
516, 5.16000, 30.69994
517, 5.17000, 33.32964
518, 5.18000, 27.08752
519, 5.19000, 19.48668
520, 5.20000, 17.99791
521, 5.21000, 23.67966
522, 5.22000, 22.46106
523, 5.23000, 24.86776
524, 5.24000, 35.20687
525, 5.25000, 29.81107
526, 5.26000, 34.74878
527, 5.27000, 34.54405
528, 5.28000, 26.63054
529, 5.29000, 23.88732
530, 5.30000, 24.45078
531, 5.31000, 23.99632
532, 5.32000, 25.08249
533, 5.33000, 22.62027
534, 5.34000, 24.87049
535, 5.35000, 20.83405
536, 5.36000, 19.00035
537, 5.37000, 21.81474
538, 5.38000, 26.58740
539, 5.39000, 21.29288
540, 5.40000, 20.81673
541, 5.41000, 29.23896
542, 5.42000, 22.92104
543, 5.43000, 24.53357
544, 5.44000, 28.83904
545, 5.45000, 24.41019
546, 5.46000, 42.80569
547, 5.47000, 32.08977
548, 5.48000, 32.35878
549, 5.49000, 29.81086
550, 5.50000, 29.40877
551, 5.51000, 33.14301
552, 5.52000, 29.16236
553, 5.53000, 25.11385
554, 5.54000, 24.13683
555, 5.55000, 26.46766
556, 5.56000, 24.42039
557, 5.57000, 29.43012
558, 5.58000, 22.12777
559, 5.59000, 25.57899
560, 5.60000, 33.16675
561, 5.61000, 31.88005
562, 5.62000, 27.58319
563, 5.63000, 27.37679
564, 5.64000, 28.94815
565, 5.65000, 21.55060
566, 5.66000, 21.20727
567, 5.67000, 19.87449
568, 5.68000, 19.55567
569, 5.69000, 26.82093
570, 5.70000, 25.23654
571, 5.71000, 21.70214
572, 5.72000, 25.21155
573, 5.73000, 25.56572
574, 5.74000, 33.85968
575, 5.75000, 37.15707
576, 5.76000, 27.72831
577, 5.77000, 27.48061
578, 5.78000, 34.13126
579, 5.79000, 39.23463
580, 5.80000, 35.92478
581, 5.81000, 34.91983
582, 5.82000, 27.84500
583, 5.83000, 26.51949
584, 5.84000, 26.40125
585, 5.85000, 26.43117
586, 5.86000, 23.91673
587, 5.87000, 29.88767
588, 5.88000, 32.97574
589, 5.89000, 33.90184
590, 5.90000, 34.86742
591, 5.91000, 32.56196
592, 5.92000, 33.15657
593, 5.93000, 36.17425
594, 5.94000, 26.14655
595, 5.95000, 20.96757
596, 5.96000, 32.50659
597, 5.97000, 34.40771
598, 5.98000, 29.08169
599, 5.99000, 18.16073
600, 6.00000, 22.81182
601, 6.01000, 21.92806
602, 6.02000, 26.07630
603, 6.03000, 27.31759
604, 6.04000, 29.03818
605, 6.05000, 37.48958
606, 6.06000, 28.83233
607, 6.07000, 33.12014
608, 6.08000, 34.59192
609, 6.09000, 34.27990
610, 6.10000, 31.75582
611, 6.11000, 24.97361
612, 6.12000, 31.02750
613, 6.13000, 35.13485
614, 6.14000, 22.15877
615, 6.15000, 30.25426
616, 6.16000, 28.78960
617, 6.17000, 29.54747
618, 6.18000, 27.73595
619, 6.19000, 31.36817
620, 6.20000, 27.94158
621, 6.21000, 38.48596
622, 6.22000, 33.70666
623, 6.23000, 41.79319
624, 6.24000, 34.97757
625, 6.25000, 29.64295
626, 6.26000, 29.21419
627, 6.27000, 33.61960
628, 6.28000, 27.61192
629, 6.29000, 20.41471
630, 6.30000, 28.98603
631, 6.31000, 29.45062
632, 6.32000, 27.17097
633, 6.33000, 25.36069
634, 6.34000, 19.19628
635, 6.35000, 22.58194
636, 6.36000, 24.13200
637, 6.37000, 26.90356
638, 6.38000, 35.02716
639, 6.39000, 32.90880
640, 6.40000, 31.55151
641, 6.41000, 31.15414
642, 6.42000, 35.79368
643, 6.43000, 25.85790
644, 6.44000, 33.65540
645, 6.45000, 27.05599
646, 6.46000, 18.57893
647, 6.47000, 19.59885
648, 6.48000, 27.86617
649, 6.49000, 24.63057
650, 6.50000, 26.38042
651, 6.51000, 27.10143
652, 6.52000, 26.57839
653, 6.53000, 29.71642
654, 6.54000, 31.60522
655, 6.55000, 25.90377
656, 6.56000, 29.13971
657, 6.57000, 26.11387
658, 6.58000, 25.03418
659, 6.59000, 20.35362
660, 6.60000, 32.85260
661, 6.61000, 32.21272
662, 6.62000, 31.95245
663, 6.63000, 24.86399
664, 6.64000, 23.39739
665, 6.65000, 20.21060
666, 6.66000, 24.38635
667, 6.67000, 31.30540
668, 6.68000, 27.99146
669, 6.69000, 27.47001
670, 6.70000, 28.84065
671, 6.71000, 21.37902
672, 6.72000, 19.35184
673, 6.73000, 27.40444
674, 6.74000, 31.04575
675, 6.75000, 29.28115
676, 6.76000, 28.91133
677, 6.77000, 32.00333
678, 6.78000, 33.93307
679, 6.79000, 28.57242
680, 6.80000, 25.82735
681, 6.81000, 17.96909
682, 6.82000, 22.41724
683, 6.83000, 22.48785
684, 6.84000, 25.07363
685, 6.85000, 27.04927
686, 6.86000, 34.72757
687, 6.87000, 24.55234
688, 6.88000, 21.17904
689, 6.89000, 22.77256
690, 6.90000, 25.52256
691, 6.91000, 22.17450
692, 6.92000, 26.87884
693, 6.93000, 26.03933
694, 6.94000, 21.52894
695, 6.95000, 23.47971
696, 6.96000, 22.80759
697, 6.97000, 29.91575
698, 6.98000, 29.21380
699, 6.99000, 33.04464
700, 7.00000, 30.93560
701, 7.01000, 29.87400
702, 7.02000, 30.56066
703, 7.03000, 31.10243
704, 7.04000, 32.09676
705, 7.05000, 29.05379
706, 7.06000, 31.59660
707, 7.07000, 27.07632
708, 7.08000, 30.22741
709, 7.09000, 29.97003
710, 7.10000, 31.39273
711, 7.11000, 19.30026
712, 7.12000, 21.92495
713, 7.13000, 23.29230
714, 7.14000, 27.55160
715, 7.15000, 25.12653
716, 7.16000, 21.36441
717, 7.17000, 22.95126
718, 7.18000, 24.78913
719, 7.19000, 38.69161
720, 7.20000, 27.57796
721, 7.21000, 27.36193
722, 7.22000, 25.69580
723, 7.23000, 25.58551
724, 7.24000, 28.73960
725, 7.25000, 30.73130
726, 7.26000, 24.91207
727, 7.27000, 33.14689
728, 7.28000, 23.95317
729, 7.29000, 25.77805
730, 7.30000, 25.41119
731, 7.31000, 22.18186
732, 7.32000, 25.61557
733, 7.33000, 27.16794
734, 7.34000, 27.41534
735, 7.35000, 31.22559
736, 7.36000, 27.85283
737, 7.37000, 22.17110
738, 7.38000, 27.52776
739, 7.39000, 25.67096
740, 7.40000, 28.88587
741, 7.41000, 21.45032
742, 7.42000, 25.74081
743, 7.43000, 26.83231
744, 7.44000, 20.21400
745, 7.45000, 23.22853
746, 7.46000, 29.06818
747, 7.47000, 26.54635
748, 7.48000, 34.17418
749, 7.49000, 27.59037
750, 7.50000, 38.10640
751, 7.51000, 29.49763
752, 7.52000, 29.78365
753, 7.53000, 27.83918
754, 7.54000, 31.45523
755, 7.55000, 29.03237
756, 7.56000, 27.08459
757, 7.57000, 21.45538
758, 7.58000, 21.27236
759, 7.59000, 18.10090
760, 7.60000, 22.00966
761, 7.61000, 20.11036
762, 7.62000, 26.08254
763, 7.63000, 25.90431
764, 7.64000, 28.80795
765, 7.65000, 32.58350
766, 7.66000, 31.42388
767, 7.67000, 33.19152
768, 7.68000, 29.90394
769, 7.69000, 27.92990
770, 7.70000, 29.82660
771, 7.71000, 33.38936
772, 7.72000, 31.38641
773, 7.73000, 24.05544
774, 7.74000, 27.96605
775, 7.75000, 34.92569
776, 7.76000, 21.54056
777, 7.77000, 18.66017
778, 7.78000, 16.66980
779, 7.79000, 16.54327
780, 7.80000, 16.24530
781, 7.81000, 19.76671
782, 7.82000, 23.71181
783, 7.83000, 24.71077
784, 7.84000, 23.85935
785, 7.85000, 25.35918
786, 7.86000, 29.88963
787, 7.87000, 30.19713
788, 7.88000, 29.04910
789, 7.89000, 28.08077
790, 7.90000, 26.78389
791, 7.91000, 32.91425
792, 7.92000, 30.84219
793, 7.93000, 22.66282
794, 7.94000, 22.68657
795, 7.95000, 23.62915
796, 7.96000, 28.88049
797, 7.97000, 30.00622
798, 7.98000, 23.59152
799, 7.99000, 25.86617
800, 8.00000, 32.52358
801, 8.01000, 24.95435
802, 8.02000, 31.40029
803, 8.03000, 32.83595
804, 8.04000, 36.37457
805, 8.05000, 31.76940
806, 8.06000, 23.59311
807, 8.07000, 22.26882
808, 8.08000, 22.45318
809, 8.09000, 20.59296
810, 8.10000, 20.75935
811, 8.11000, 18.48769
812, 8.12000, 15.26593
813, 8.13000, 20.24835
814, 8.14000, 16.61679
815, 8.15000, 30.49148
816, 8.16000, 27.74666
817, 8.17000, 26.36707
818, 8.18000, 28.87517
819, 8.19000, 29.19931
820, 8.20000, 31.69251
821, 8.21000, 27.84842
822, 8.22000, 28.73476
823, 8.23000, 28.00296
824, 8.24000, 33.64803
825, 8.25000, 30.33526
826, 8.26000, 26.46630
827, 8.27000, 28.18487
828, 8.28000, 21.19233
829, 8.29000, 30.99160
830, 8.30000, 25.62445
831, 8.31000, 19.16194
832, 8.32000, 22.10621
833, 8.33000, 23.24475
834, 8.34000, 30.28747
835, 8.35000, 27.16470
836, 8.36000, 26.12953
837, 8.37000, 30.18476
838, 8.38000, 32.73267
839, 8.39000, 29.98095
840, 8.40000, 33.52093
841, 8.41000, 23.70476
842, 8.42000, 29.09655
843, 8.43000, 25.66997
844, 8.44000, 26.76177
845, 8.45000, 28.98688
846, 8.46000, 22.03380
847, 8.47000, 21.58155
848, 8.48000, 29.13946
849, 8.49000, 26.77430
850, 8.50000, 24.91401
851, 8.51000, 20.35695
852, 8.52000, 20.40787
853, 8.53000, 26.37110
854, 8.54000, 34.49487
855, 8.55000, 33.20972
856, 8.56000, 35.53579
857, 8.57000, 25.26226
858, 8.58000, 19.89053
859, 8.59000, 24.47974
860, 8.60000, 29.52763
861, 8.61000, 25.98510
862, 8.62000, 28.11058
863, 8.63000, 29.87510
864, 8.64000, 34.98063
865, 8.65000, 27.94525
866, 8.66000, 25.40900
867, 8.67000, 30.21214
868, 8.68000, 28.22778
869, 8.69000, 23.05495
870, 8.70000, 29.42003
871, 8.71000, 33.10735
872, 8.72000, 30.73782
873, 8.73000, 26.53284
874, 8.74000, 22.38976
875, 8.75000, 23.39719
876, 8.76000, 26.96718
877, 8.77000, 26.91576
878, 8.78000, 28.52841
879, 8.79000, 24.21884
880, 8.80000, 23.32543
881, 8.81000, 27.26199
882, 8.82000, 28.14261
883, 8.83000, 31.84865
884, 8.84000, 40.99190
885, 8.85000, 31.61321
886, 8.86000, 30.30917
887, 8.87000, 22.75886
888, 8.88000, 29.86537
889, 8.89000, 30.12463
890, 8.90000, 24.02559
891, 8.91000, 23.69576
892, 8.92000, 25.73212
893, 8.93000, 30.08910
894, 8.94000, 30.18782
895, 8.95000, 28.81003
896, 8.96000, 28.39142
897, 8.97000, 32.99870
898, 8.98000, 31.79209
899, 8.99000, 33.44045
900, 9.00000, 25.45199
901, 9.01000, 28.46359
902, 9.02000, 33.25716
903, 9.03000, 37.54576
904, 9.04000, 33.83193
905, 9.05000, 39.98064
906, 9.06000, 28.61523
907, 9.07000, 28.02025
908, 9.08000, 25.35319
909, 9.09000, 25.33440
910, 9.10000, 31.71755
911, 9.11000, 27.77396
912, 9.12000, 36.87520
913, 9.13000, 36.56069
914, 9.14000, 30.44713
915, 9.15000, 32.25366
916, 9.16000, 34.35627
917, 9.17000, 26.43974
918, 9.18000, 26.00647
919, 9.19000, 26.35740
920, 9.20000, 24.57375
921, 9.21000, 26.07193
922, 9.22000, 24.25893
923, 9.23000, 25.24267
924, 9.24000, 29.25794
925, 9.25000, 26.42221
926, 9.26000, 27.55180
927, 9.27000, 24.99195
928, 9.28000, 21.49605
929, 9.29000, 30.91429
930, 9.30000, 31.38534
931, 9.31000, 31.59066
932, 9.32000, 33.12348
933, 9.33000, 27.34369
934, 9.34000, 25.06470
935, 9.35000, 32.41787
936, 9.36000, 37.81374
937, 9.37000, 29.86018
938, 9.38000, 22.45517
939, 9.39000, 19.72064
940, 9.40000, 21.33335
941, 9.41000, 26.24845
942, 9.42000, 24.76588
943, 9.43000, 24.26117
944, 9.44000, 28.60227
945, 9.45000, 29.10865
946, 9.46000, 28.28451
947, 9.47000, 31.30543
948, 9.48000, 30.02933
949, 9.49000, 27.17342
950, 9.50000, 31.05231
951, 9.51000, 31.14713
952, 9.52000, 36.39597
953, 9.53000, 30.83802
954, 9.54000, 20.94271
955, 9.55000, 20.03451
956, 9.56000, 26.58508
957, 9.57000, 23.07086
958, 9.58000, 21.97484
959, 9.59000, 25.64421
960, 9.60000, 22.89638
961, 9.61000, 26.14874
962, 9.62000, 36.80571
963, 9.63000, 29.92235
964, 9.64000, 27.55808
965, 9.65000, 24.90328
966, 9.66000, 29.17447
967, 9.67000, 31.98596
968, 9.68000, 30.83745
969, 9.69000, 27.24356
970, 9.70000, 19.81141
971, 9.71000, 31.84945
972, 9.72000, 29.24629
973, 9.73000, 29.07452
974, 9.74000, 30.29350
975, 9.75000, 19.53949
976, 9.76000, 17.29435
977, 9.77000, 21.09077
978, 9.78000, 19.04798
979, 9.79000, 27.65786
980, 9.80000, 26.01662
981, 9.81000, 27.79203
982, 9.82000, 36.44010
983, 9.83000, 35.08777
984, 9.84000, 32.85154
985, 9.85000, 34.78255
986, 9.86000, 24.96252
987, 9.87000, 14.90824
988, 9.88000, 18.56809
989, 9.89000, 26.06722
990, 9.90000, 18.15482
991, 9.91000, 20.21672
992, 9.92000, 27.71851
993, 9.93000, 21.80890
994, 9.94000, 30.41005
995, 9.95000, 27.31941
996, 9.96000, 25.32388
997, 9.97000, 32.19876
998, 9.98000, 25.78205
999, 9.99000, 30.20049
1000, 10.00000, 27.24987
1001, 10.01000, 23.74170
1002, 10.02000, 31.80139
1003, 10.03000, 24.54046
1004, 10.04000, 21.98978
1005, 10.05000, 21.64196
1006, 10.06000, 22.48770
1007, 10.07000, 21.42950
1008, 10.08000, 23.53211
1009, 10.09000, 26.36869
1010, 10.10000, 29.69215
1011, 10.11000, 29.91323
1012, 10.12000, 27.69229
1013, 10.13000, 35.99960
1014, 10.14000, 32.46644
1015, 10.15000, 21.57903
1016, 10.16000, 26.94420
1017, 10.17000, 27.71984
1018, 10.18000, 28.74530
1019, 10.19000, 28.68284
1020, 10.20000, 17.13695
1021, 10.21000, 25.09260
1022, 10.22000, 30.58149
1023, 10.23000, 25.14211
1024, 10.24000, 18.11187
1025, 10.25000, 26.85841
1026, 10.26000, 30.81377
1027, 10.27000, 23.76213
1028, 10.28000, 23.84148
1029, 10.29000, 28.83354
1030, 10.30000, 21.99823
1031, 10.31000, 28.41571
1032, 10.32000, 33.52560
1033, 10.33000, 37.03329
1034, 10.34000, 24.16586
1035, 10.35000, 16.22792
1036, 10.36000, 26.36592
1037, 10.37000, 24.13447
1038, 10.38000, 27.87523
1039, 10.39000, 32.30666
1040, 10.40000, 27.50176
1041, 10.41000, 28.71038
1042, 10.42000, 22.24781
1043, 10.43000, 26.79028
1044, 10.44000, 31.55670
1045, 10.45000, 21.97911
1046, 10.46000, 18.48322
1047, 10.47000, 24.98156
1048, 10.48000, 30.26001
1049, 10.49000, 29.41606
1050, 10.50000, 22.46920
1051, 10.51000, 27.85194
1052, 10.52000, 27.98046
1053, 10.53000, 23.45260
1054, 10.54000, 21.92704
1055, 10.55000, 27.65034
1056, 10.56000, 32.93355
1057, 10.57000, 20.38080
1058, 10.58000, 27.05380
1059, 10.59000, 29.70477
1060, 10.60000, 37.25365
1061, 10.61000, 24.37914
1062, 10.62000, 31.48524
1063, 10.63000, 31.07218
1064, 10.64000, 28.32824
1065, 10.65000, 30.19169
1066, 10.66000, 30.35498
1067, 10.67000, 34.38340
1068, 10.68000, 23.23572
1069, 10.69000, 21.45512
1070, 10.70000, 21.54046
1071, 10.71000, 24.84253
1072, 10.72000, 21.37010
1073, 10.73000, 20.13733
1074, 10.74000, 22.39662
1075, 10.75000, 28.47428
1076, 10.76000, 31.25726
1077, 10.77000, 33.62954
1078, 10.78000, 29.19943
1079, 10.79000, 27.92153
1080, 10.80000, 30.90248
1081, 10.81000, 31.42639
1082, 10.82000, 26.48577
1083, 10.83000, 28.35026
1084, 10.84000, 24.02774
1085, 10.85000, 26.98848
1086, 10.86000, 24.33073
1087, 10.87000, 27.65256
1088, 10.88000, 27.28226
1089, 10.89000, 28.04989
1090, 10.90000, 24.55461
1091, 10.91000, 23.44153
1092, 10.92000, 24.38257
1093, 10.93000, 32.41158
1094, 10.94000, 35.15828
1095, 10.95000, 29.70759
1096, 10.96000, 28.43424
1097, 10.97000, 27.26595
1098, 10.98000, 26.24060
1099, 10.99000, 33.47072
1100, 11.00000, 22.96571
1101, 11.01000, 23.32120
1102, 11.02000, 25.68725
1103, 11.03000, 27.66304
1104, 11.04000, 16.37798
1105, 11.05000, 14.36507
1106, 11.06000, 17.96180
1107, 11.07000, 26.66488
1108, 11.08000, 32.47599
1109, 11.09000, 35.05372
1110, 11.10000, 36.43678
1111, 11.11000, 34.02096
1112, 11.12000, 33.40308
1113, 11.13000, 33.81227
1114, 11.14000, 32.97005
1115, 11.15000, 32.75696
1116, 11.16000, 20.47380
1117, 11.17000, 25.33732
1118, 11.18000, 21.06970
1119, 11.19000, 28.38089
1120, 11.20000, 24.53512
1121, 11.21000, 24.55834
1122, 11.22000, 26.51606
1123, 11.23000, 20.39706
1124, 11.24000, 25.80083
1125, 11.25000, 26.44264
1126, 11.26000, 34.70814
1127, 11.27000, 31.92411
1128, 11.28000, 31.68774
1129, 11.29000, 33.44956
1130, 11.30000, 34.31122
1131, 11.31000, 27.86831
1132, 11.32000, 17.29989
1133, 11.33000, 20.30865
1134, 11.34000, 17.63791
1135, 11.35000, 20.35758
1136, 11.36000, 21.39292
1137, 11.37000, 17.98857
1138, 11.38000, 18.45619
1139, 11.39000, 15.66771
1140, 11.40000, 23.17465
1141, 11.41000, 28.57996
1142, 11.42000, 24.38993
1143, 11.43000, 25.47671
1144, 11.44000, 27.19219
1145, 11.45000, 27.38462
1146, 11.46000, 28.60517
1147, 11.47000, 32.54350
1148, 11.48000, 29.09383
1149, 11.49000, 21.96598
1150, 11.50000, 24.82805
1151, 11.51000, 19.78341
1152, 11.52000, 21.96078
1153, 11.53000, 23.04796
1154, 11.54000, 26.50975
1155, 11.55000, 27.12019
1156, 11.56000, 34.81929
1157, 11.57000, 29.66331
1158, 11.58000, 27.03824
1159, 11.59000, 28.20932
1160, 11.60000, 29.55484
1161, 11.61000, 27.81999
1162, 11.62000, 32.90552
1163, 11.63000, 31.99453
1164, 11.64000, 30.09129
1165, 11.65000, 24.91523
1166, 11.66000, 18.78507
1167, 11.67000, 28.49211
1168, 11.68000, 27.26938
1169, 11.69000, 32.54399
1170, 11.70000, 27.99212
1171, 11.71000, 38.08224
1172, 11.72000, 31.15340
1173, 11.73000, 29.20548
1174, 11.74000, 22.58324
1175, 11.75000, 16.38900
1176, 11.76000, 31.19513
1177, 11.77000, 25.49955
1178, 11.78000, 20.01167
1179, 11.79000, 36.46268
1180, 11.80000, 36.47403
1181, 11.81000, 26.81949
1182, 11.82000, 24.67845
1183, 11.83000, 18.02412
1184, 11.84000, 29.31620
1185, 11.85000, 22.37007
1186, 11.86000, 23.90015
1187, 11.87000, 28.08173
1188, 11.88000, 24.37497
1189, 11.89000, 23.26579
1190, 11.90000, 32.24939
1191, 11.91000, 25.14117
1192, 11.92000, 22.05631
1193, 11.93000, 19.91128
1194, 11.94000, 22.36455
1195, 11.95000, 17.04277
1196, 11.96000, 25.83154
1197, 11.97000, 23.66988
1198, 11.98000, 22.85705
1199, 11.99000, 28.02624
1200, 12.00000, 30.21120
1201, 12.01000, 27.59969
1202, 12.02000, 29.48343
1203, 12.03000, 29.13900
1204, 12.04000, 33.48758
1205, 12.05000, 29.09351
1206, 12.06000, 38.18606
1207, 12.07000, 34.98143
1208, 12.08000, 25.94479
1209, 12.09000, 27.36697
1210, 12.10000, 26.58875
1211, 12.11000, 31.33777
1212, 12.12000, 28.35188
1213, 12.13000, 24.59714
1214, 12.14000, 21.78307
1215, 12.15000, 24.03979
1216, 12.16000, 28.31007
1217, 12.17000, 30.68834
1218, 12.18000, 30.69763
1219, 12.19000, 22.95870
1220, 12.20000, 20.82571
1221, 12.21000, 27.19291
1222, 12.22000, 22.59887
1223, 12.23000, 25.72902
1224, 12.24000, 26.20009
1225, 12.25000, 32.11201
1226, 12.26000, 20.04696
1227, 12.27000, 23.73713
1228, 12.28000, 22.00618
1229, 12.29000, 21.32903
1230, 12.30000, 16.86005
1231, 12.31000, 16.95327
1232, 12.32000, 21.87726
1233, 12.33000, 27.11676
1234, 12.34000, 23.97965
1235, 12.35000, 27.01572
1236, 12.36000, 33.09416
1237, 12.37000, 30.27434
1238, 12.38000, 27.37830
1239, 12.39000, 23.74409
1240, 12.40000, 32.58700
1241, 12.41000, 29.35508
1242, 12.42000, 28.10896
1243, 12.43000, 25.40749
1244, 12.44000, 26.17137
1245, 12.45000, 25.25281
1246, 12.46000, 20.06101
1247, 12.47000, 17.86561
1248, 12.48000, 24.95469
1249, 12.49000, 22.37073
1250, 12.50000, 22.08678
1251, 12.51000, 30.17337
1252, 12.52000, 23.33270
1253, 12.53000, 31.54086
1254, 12.54000, 32.74823
1255, 12.55000, 36.84923
1256, 12.56000, 27.78951
1257, 12.57000, 29.58140
1258, 12.58000, 29.15060
1259, 12.59000, 30.45011
1260, 12.60000, 26.51819
1261, 12.61000, 28.15478
1262, 12.62000, 19.29735
1263, 12.63000, 19.09663
1264, 12.64000, 25.33410
1265, 12.65000, 24.00237
1266, 12.66000, 22.98214
1267, 12.67000, 18.34053
1268, 12.68000, 27.50255
1269, 12.69000, 30.10547
1270, 12.70000, 29.16902
1271, 12.71000, 26.24634
1272, 12.72000, 27.98881
1273, 12.73000, 33.59689
1274, 12.74000, 38.39864
1275, 12.75000, 31.77102
1276, 12.76000, 31.72940
1277, 12.77000, 30.48196
1278, 12.78000, 29.28815
1279, 12.79000, 31.18685
1280, 12.80000, 22.64174
1281, 12.81000, 28.66085
1282, 12.82000, 28.94344
1283, 12.83000, 29.60011
1284, 12.84000, 25.59010
1285, 12.85000, 27.05416
1286, 12.86000, 29.87000
1287, 12.87000, 32.99648
1288, 12.88000, 35.79250
1289, 12.89000, 27.98032
1290, 12.90000, 32.08983
1291, 12.91000, 31.25536
1292, 12.92000, 30.60519
1293, 12.93000, 25.76368
1294, 12.94000, 31.27616
1295, 12.95000, 31.95262
1296, 12.96000, 22.23709
1297, 12.97000, 17.98687
1298, 12.98000, 18.53315
1299, 12.99000, 24.61963
1300, 13.00000, 21.52140
1301, 13.01000, 25.02225
1302, 13.02000, 27.16109
1303, 13.03000, 27.65974
1304, 13.04000, 27.25500
1305, 13.05000, 39.19558
1306, 13.06000, 29.49863
1307, 13.07000, 21.31938
1308, 13.08000, 17.40291
1309, 13.09000, 20.61744
1310, 13.10000, 27.36048
1311, 13.11000, 22.36337
1312, 13.12000, 21.60304
1313, 13.13000, 23.71129
1314, 13.14000, 20.50303
1315, 13.15000, 27.39323
1316, 13.16000, 24.10796
1317, 13.17000, 20.49594
1318, 13.18000, 28.41455
1319, 13.19000, 35.11368
1320, 13.20000, 26.80948
1321, 13.21000, 25.23903
1322, 13.22000, 27.44722
1323, 13.23000, 23.65580
1324, 13.24000, 28.68821
1325, 13.25000, 23.81342
1326, 13.26000, 22.11497
1327, 13.27000, 20.10207
1328, 13.28000, 21.96420
1329, 13.29000, 21.38604
1330, 13.30000, 21.67157
1331, 13.31000, 21.23469
1332, 13.32000, 22.69937
1333, 13.33000, 33.19137
1334, 13.34000, 33.28346
1335, 13.35000, 32.94122
1336, 13.36000, 28.67879
1337, 13.37000, 32.77721
1338, 13.38000, 28.08639
1339, 13.39000, 31.63403
1340, 13.40000, 27.76624
1341, 13.41000, 29.74279
1342, 13.42000, 28.53883
1343, 13.43000, 21.55115
1344, 13.44000, 24.57955
1345, 13.45000, 25.33118
1346, 13.46000, 23.66147
1347, 13.47000, 19.19251
1348, 13.48000, 17.38493
1349, 13.49000, 19.31204
1350, 13.50000, 26.10199
1351, 13.51000, 26.04733
1352, 13.52000, 31.82041
1353, 13.53000, 32.96229
1354, 13.54000, 31.30307
1355, 13.55000, 23.99335
1356, 13.56000, 25.23057
1357, 13.57000, 29.56624
1358, 13.58000, 24.92754
1359, 13.59000, 21.50907
1360, 13.60000, 22.77799
1361, 13.61000, 20.38500
1362, 13.62000, 23.78640
1363, 13.63000, 27.66558
1364, 13.64000, 30.95996
1365, 13.65000, 23.19563
1366, 13.66000, 26.67189
1367, 13.67000, 27.03229
1368, 13.68000, 37.30223
1369, 13.69000, 33.33351
1370, 13.70000, 34.41699
1371, 13.71000, 30.48844
1372, 13.72000, 28.19108
1373, 13.73000, 26.29068
1374, 13.74000, 24.31844
1375, 13.75000, 30.49464
1376, 13.76000, 21.42588
1377, 13.77000, 26.72617
1378, 13.78000, 22.33990
1379, 13.79000, 21.12283
1380, 13.80000, 30.64979
1381, 13.81000, 22.48454
1382, 13.82000, 17.61490
1383, 13.83000, 22.04036
1384, 13.84000, 26.12189
1385, 13.85000, 32.81307
1386, 13.86000, 26.32391
1387, 13.87000, 28.93750
1388, 13.88000, 28.17637
1389, 13.89000, 26.92960
1390, 13.90000, 33.79062
1391, 13.91000, 23.73346
1392, 13.92000, 21.20146
1393, 13.93000, 22.36153
1394, 13.94000, 24.01009
1395, 13.95000, 18.77269
1396, 13.96000, 29.85204
1397, 13.97000, 19.19335
1398, 13.98000, 24.30496
1399, 13.99000, 23.64256
1400, 14.00000, 30.13153
1401, 14.01000, 36.45349
1402, 14.02000, 32.00963
1403, 14.03000, 29.88787
1404, 14.04000, 32.03957
1405, 14.05000, 31.32045
1406, 14.06000, 28.03820
1407, 14.07000, 28.31940
1408, 14.08000, 21.71737
1409, 14.09000, 24.13705
1410, 14.10000, 25.67237
1411, 14.11000, 25.72470
1412, 14.12000, 29.27196
1413, 14.13000, 24.77095
1414, 14.14000, 21.30131
1415, 14.15000, 26.28166
1416, 14.16000, 22.72982
1417, 14.17000, 27.66506
1418, 14.18000, 30.75117
1419, 14.19000, 33.68211
1420, 14.20000, 35.75273
1421, 14.21000, 35.33969
1422, 14.22000, 29.21948
1423, 14.23000, 28.49979
1424, 14.24000, 18.62712
1425, 14.25000, 20.68204
1426, 14.26000, 23.32701
1427, 14.27000, 23.11785
1428, 14.28000, 22.58100
1429, 14.29000, 26.10063
1430, 14.30000, 25.89171
1431, 14.31000, 30.72173
1432, 14.32000, 27.24370
1433, 14.33000, 33.52482
1434, 14.34000, 31.79446
1435, 14.35000, 36.07079
1436, 14.36000, 30.87101
1437, 14.37000, 27.16038
1438, 14.38000, 30.80176
1439, 14.39000, 22.83592
1440, 14.40000, 18.50802
1441, 14.41000, 21.43361
1442, 14.42000, 24.97751
1443, 14.43000, 14.88832
1444, 14.44000, 19.80257
1445, 14.45000, 21.23384
1446, 14.46000, 23.64841
1447, 14.47000, 33.74411
1448, 14.48000, 30.24318
1449, 14.49000, 25.55906
1450, 14.50000, 33.30916
1451, 14.51000, 26.05950
1452, 14.52000, 27.71324
1453, 14.53000, 34.52322
1454, 14.54000, 23.52162
1455, 14.55000, 25.80923
1456, 14.56000, 25.21048
1457, 14.57000, 24.06871
1458, 14.58000, 23.78636
1459, 14.59000, 24.65598
1460, 14.60000, 26.81932
1461, 14.61000, 27.30150
1462, 14.62000, 24.46280
1463, 14.63000, 24.72385
1464, 14.64000, 30.80796
1465, 14.65000, 31.41540
1466, 14.66000, 25.14172
1467, 14.67000, 27.53648
1468, 14.68000, 27.36731
1469, 14.69000, 29.23314
1470, 14.70000, 34.97945
1471, 14.71000, 23.09084
1472, 14.72000, 29.31592
1473, 14.73000, 26.51181
1474, 14.74000, 20.93883
1475, 14.75000, 21.27624
1476, 14.76000, 17.33622
1477, 14.77000, 24.70913
1478, 14.78000, 29.74865
1479, 14.79000, 25.28282
1480, 14.80000, 25.91889
1481, 14.81000, 30.51710
1482, 14.82000, 32.33510
1483, 14.83000, 22.42607
1484, 14.84000, 24.01156
1485, 14.85000, 26.82188
1486, 14.86000, 33.93439
1487, 14.87000, 27.39979
1488, 14.88000, 31.18435
1489, 14.89000, 24.53075
1490, 14.90000, 25.44581
1491, 14.91000, 22.90279
1492, 14.92000, 26.38813
1493, 14.93000, 18.85791
1494, 14.94000, 17.69214
1495, 14.95000, 24.72543
1496, 14.96000, 23.70947
1497, 14.97000, 29.31436
1498, 14.98000, 30.85534
1499, 14.99000, 23.44737
1500, 15.00000, 23.58636
1501, 15.01000, 23.53546
1502, 15.02000, 24.68904
1503, 15.03000, 28.90583
1504, 15.04000, 27.74260
1505, 15.05000, 21.28458
1506, 15.06000, 20.06979
1507, 15.07000, 22.28661
1508, 15.08000, 22.96615
1509, 15.09000, 23.83309
1510, 15.10000, 21.47562
1511, 15.11000, 20.58528
1512, 15.12000, 28.92399
1513, 15.13000, 24.21740
1514, 15.14000, 27.08840
1515, 15.15000, 27.45959
1516, 15.16000, 28.43268
1517, 15.17000, 28.97483
1518, 15.18000, 25.49876
1519, 15.19000, 30.03240
1520, 15.20000, 21.27723
1521, 15.21000, 21.92788
1522, 15.22000, 22.03065
1523, 15.23000, 23.18354
1524, 15.24000, 17.95491
1525, 15.25000, 23.15610
1526, 15.26000, 23.94058
1527, 15.27000, 26.06596
1528, 15.28000, 26.68924
1529, 15.29000, 23.60040
1530, 15.30000, 24.73582
1531, 15.31000, 29.38310
1532, 15.32000, 26.40120
1533, 15.33000, 28.41648
1534, 15.34000, 24.09259
1535, 15.35000, 30.34595
1536, 15.36000, 25.84976
1537, 15.37000, 16.64812
1538, 15.38000, 17.81460
1539, 15.39000, 18.02437
1540, 15.40000, 18.57201
1541, 15.41000, 20.31245
1542, 15.42000, 18.60916
1543, 15.43000, 22.67367
1544, 15.44000, 26.04085
1545, 15.45000, 30.24356
1546, 15.46000, 33.59060
1547, 15.47000, 26.88033
1548, 15.48000, 22.82519
1549, 15.49000, 22.44608
1550, 15.50000, 24.28508
1551, 15.51000, 25.83646
1552, 15.52000, 33.10378
1553, 15.53000, 26.44112
1554, 15.54000, 25.74750
1555, 15.55000, 23.65970
1556, 15.56000, 24.33521
1557, 15.57000, 22.80476
1558, 15.58000, 24.75013
1559, 15.59000, 25.46645
1560, 15.60000, 32.92469
1561, 15.61000, 24.23170
1562, 15.62000, 32.14312
1563, 15.63000, 28.51028
1564, 15.64000, 22.78697
1565, 15.65000, 28.55095
1566, 15.66000, 28.72103
1567, 15.67000, 25.14088
1568, 15.68000, 31.78205
1569, 15.69000, 26.31770
1570, 15.70000, 29.92615
1571, 15.71000, 35.64871
1572, 15.72000, 25.42474
1573, 15.73000, 25.59105
1574, 15.74000, 25.87075
1575, 15.75000, 27.53478
1576, 15.76000, 26.73863
1577, 15.77000, 24.65605
1578, 15.78000, 23.10305
1579, 15.79000, 26.39961
1580, 15.80000, 22.56985
1581, 15.81000, 28.04652
1582, 15.82000, 23.10332
1583, 15.83000, 19.94968
1584, 15.84000, 21.13482
1585, 15.85000, 25.62307
1586, 15.86000, 21.30944
1587, 15.87000, 24.98412
1588, 15.88000, 27.21609
1589, 15.89000, 21.56143
1590, 15.90000, 22.90207
1591, 15.91000, 29.20312
1592, 15.92000, 28.74361
1593, 15.93000, 24.29306
1594, 15.94000, 23.09916
1595, 15.95000, 18.34117
1596, 15.96000, 22.96264
1597, 15.97000, 21.96587
1598, 15.98000, 29.69229
1599, 15.99000, 32.67158
1600, 16.00000, 27.13839
1601, 16.01000, 27.99621
1602, 16.02000, 18.15269
1603, 16.03000, 20.26762
1604, 16.04000, 24.81347
1605, 16.05000, 26.52821
1606, 16.06000, 24.79397
1607, 16.07000, 20.79375
1608, 16.08000, 16.88521
1609, 16.09000, 22.47717
1610, 16.10000, 27.07191
1611, 16.11000, 28.04639
1612, 16.12000, 34.45233
1613, 16.13000, 27.62152
1614, 16.14000, 25.78568
1615, 16.15000, 22.28028
1616, 16.16000, 30.41512
1617, 16.17000, 26.47774
1618, 16.18000, 24.81916
1619, 16.19000, 28.54891
1620, 16.20000, 24.68317
1621, 16.21000, 17.56750
1622, 16.22000, 19.55090
1623, 16.23000, 25.02589
1624, 16.24000, 21.51335
1625, 16.25000, 21.04961
1626, 16.26000, 31.72981
1627, 16.27000, 31.26111
1628, 16.28000, 30.65675
1629, 16.29000, 30.86704
1630, 16.30000, 27.17430
1631, 16.31000, 26.59140
1632, 16.32000, 29.40205
1633, 16.33000, 25.56621
1634, 16.34000, 33.90199
1635, 16.35000, 22.35678
1636, 16.36000, 16.39339
1637, 16.37000, 15.23300
1638, 16.38000, 19.20403
1639, 16.39000, 23.59020
1640, 16.40000, 19.12184
1641, 16.41000, 28.51903
1642, 16.42000, 37.73560
1643, 16.43000, 31.73142
1644, 16.44000, 28.52243
1645, 16.45000, 24.89767
1646, 16.46000, 23.10214
1647, 16.47000, 25.65129
1648, 16.48000, 28.47579
1649, 16.49000, 24.03241
1650, 16.50000, 21.52462
1651, 16.51000, 19.84771
1652, 16.52000, 18.62335
1653, 16.53000, 20.31957
1654, 16.54000, 29.37043
1655, 16.55000, 22.15221
1656, 16.56000, 22.44432
1657, 16.57000, 28.60632
1658, 16.58000, 27.63292
1659, 16.59000, 28.31205
1660, 16.60000, 33.36893
1661, 16.61000, 30.69255
1662, 16.62000, 28.84117
1663, 16.63000, 28.29517
1664, 16.64000, 29.30969
1665, 16.65000, 23.33341
1666, 16.66000, 21.79115
1667, 16.67000, 25.52321
1668, 16.68000, 27.22796
1669, 16.69000, 30.88938
1670, 16.70000, 27.36244
1671, 16.71000, 18.06709
1672, 16.72000, 22.01295
1673, 16.73000, 23.52813
1674, 16.74000, 28.09709
1675, 16.75000, 28.31315
1676, 16.76000, 27.96709
1677, 16.77000, 35.19142
1678, 16.78000, 28.93447
1679, 16.79000, 28.13657
1680, 16.80000, 22.09872
1681, 16.81000, 24.18757
1682, 16.82000, 21.97720
1683, 16.83000, 29.06789
1684, 16.84000, 26.02331
1685, 16.85000, 22.48411
1686, 16.86000, 24.80009
1687, 16.87000, 23.96800
1688, 16.88000, 24.88033
1689, 16.89000, 23.64318
1690, 16.90000, 28.88547
1691, 16.91000, 27.61766
1692, 16.92000, 29.84500
1693, 16.93000, 35.10546
1694, 16.94000, 27.78477
1695, 16.95000, 33.48820
1696, 16.96000, 30.00709
1697, 16.97000, 30.54227
1698, 16.98000, 33.07613
1699, 16.99000, 25.35692
1700, 17.00000, 19.45137
1701, 17.01000, 20.82044
1702, 17.02000, 19.70156
1703, 17.03000, 25.62905
1704, 17.04000, 30.95936
1705, 17.05000, 22.33618
1706, 17.06000, 23.99270
1707, 17.07000, 27.95030
1708, 17.08000, 23.39746
1709, 17.09000, 27.08887
1710, 17.10000, 27.48846
1711, 17.11000, 28.09755
1712, 17.12000, 28.03728
1713, 17.13000, 30.30607
1714, 17.14000, 28.73807
1715, 17.15000, 26.22678
1716, 17.16000, 22.63917
1717, 17.17000, 26.87459
1718, 17.18000, 18.03027
1719, 17.19000, 17.50908
1720, 17.20000, 20.41790
1721, 17.21000, 20.76378
1722, 17.22000, 20.55542
1723, 17.23000, 22.56524
1724, 17.24000, 26.51768
1725, 17.25000, 26.50312
1726, 17.26000, 27.03848
1727, 17.27000, 28.28765
1728, 17.28000, 28.35636
1729, 17.29000, 24.08707
1730, 17.30000, 24.63201
1731, 17.31000, 22.70179
1732, 17.32000, 19.25036
1733, 17.33000, 22.70823
1734, 17.34000, 22.99050
1735, 17.35000, 22.33795
1736, 17.36000, 19.46093
1737, 17.37000, 16.88009
1738, 17.38000, 22.95577
1739, 17.39000, 18.80815
1740, 17.40000, 21.84913
1741, 17.41000, 25.72476
1742, 17.42000, 22.66879
1743, 17.43000, 28.64938
1744, 17.44000, 20.79525
1745, 17.45000, 26.42233
1746, 17.46000, 21.65395
1747, 17.47000, 25.09182
1748, 17.48000, 20.54242
1749, 17.49000, 20.83299
1750, 17.50000, 21.15853
1751, 17.51000, 18.35313
1752, 17.52000, 16.82869
1753, 17.53000, 21.87823
1754, 17.54000, 18.21500
1755, 17.55000, 24.24104
1756, 17.56000, 22.83993
1757, 17.57000, 24.61598
1758, 17.58000, 27.53384
1759, 17.59000, 21.13576
1760, 17.60000, 23.97511
1761, 17.61000, 21.20776
1762, 17.62000, 22.38451
1763, 17.63000, 22.63775
1764, 17.64000, 20.40477
1765, 17.65000, 24.34337
1766, 17.66000, 24.02604
1767, 17.67000, 24.60595
1768, 17.68000, 21.53098
1769, 17.69000, 14.88009
1770, 17.70000, 15.72195
1771, 17.71000, 20.62687
1772, 17.72000, 21.04058
1773, 17.73000, 21.94474
1774, 17.74000, 23.81014
1775, 17.75000, 20.77958
1776, 17.76000, 22.25166
1777, 17.77000, 28.07155
1778, 17.78000, 22.63350
1779, 17.79000, 20.91871
1780, 17.80000, 18.81548
1781, 17.81000, 19.68699
1782, 17.82000, 14.40677
1783, 17.83000, 14.51735
1784, 17.84000, 16.77434
1785, 17.85000, 18.29992
1786, 17.86000, 20.12229
1787, 17.87000, 32.72626
1788, 17.88000, 24.59611
1789, 17.89000, 25.08587
1790, 17.90000, 19.72046
1791, 17.91000, 17.33542
1792, 17.92000, 21.71384
1793, 17.93000, 23.35603
1794, 17.94000, 19.67456
1795, 17.95000, 20.74902
1796, 17.96000, 17.20580
1797, 17.97000, 17.47050
1798, 17.98000, 18.73610
1799, 17.99000, 18.37562
1800, 18.00000, 19.08206
1801, 18.01000, 20.91522
1802, 18.02000, 18.91257
1803, 18.03000, 18.22761
1804, 18.04000, 25.59134
1805, 18.05000, 23.53322
1806, 18.06000, 20.99511
1807, 18.07000, 23.68004
1808, 18.08000, 21.45405
1809, 18.09000, 20.30095
1810, 18.10000, 17.20899
1811, 18.11000, 18.77387
1812, 18.12000, 16.02395
1813, 18.13000, 19.04609
1814, 18.14000, 17.04548
1815, 18.15000, 16.88147
1816, 18.16000, 18.60192
1817, 18.17000, 17.44122
1818, 18.18000, 18.58282
1819, 18.19000, 23.75959
1820, 18.20000, 16.91498
1821, 18.21000, 19.91084
1822, 18.22000, 23.01429
1823, 18.23000, 21.23670
1824, 18.24000, 18.34066
1825, 18.25000, 19.93956
1826, 18.26000, 17.78764
1827, 18.27000, 20.43995
1828, 18.28000, 23.77666
1829, 18.29000, 20.09486
1830, 18.30000, 19.40988
1831, 18.31000, 16.39147
1832, 18.32000, 14.26686
1833, 18.33000, 14.78578
1834, 18.34000, 15.02285
1835, 18.35000, 17.30010
1836, 18.36000, 23.12577
1837, 18.37000, 21.33835
1838, 18.38000, 25.60725
1839, 18.39000, 22.54460
1840, 18.40000, 19.52575
1841, 18.41000, 23.38328
1842, 18.42000, 23.89144
1843, 18.43000, 25.76178
1844, 18.44000, 23.69653
1845, 18.45000, 17.61918
1846, 18.46000, 14.17816
1847, 18.47000, 14.68200
1848, 18.48000, 14.83618
1849, 18.49000, 16.33779
1850, 18.50000, 13.62445
1851, 18.51000, 13.80178
1852, 18.52000, 21.51786
1853, 18.53000, 15.96586
1854, 18.54000, 19.35465
1855, 18.55000, 18.30246
1856, 18.56000, 23.08115
1857, 18.57000, 17.45866
1858, 18.58000, 16.02866
1859, 18.59000, 19.46467
1860, 18.60000, 23.46671
1861, 18.61000, 17.24051
1862, 18.62000, 14.99323
1863, 18.63000, 12.31174
1864, 18.64000, 13.25728
1865, 18.65000, 14.32601
1866, 18.66000, 13.10602
1867, 18.67000, 16.29475
1868, 18.68000, 17.18321
1869, 18.69000, 19.72275
1870, 18.70000, 19.46152
1871, 18.71000, 15.75332
1872, 18.72000, 16.21641
1873, 18.73000, 22.28405
1874, 18.74000, 20.32620
1875, 18.75000, 16.58593
1876, 18.76000, 16.63380
1877, 18.77000, 13.46091
1878, 18.78000, 17.09819
1879, 18.79000, 12.50905
1880, 18.80000, 13.29914
1881, 18.81000, 17.15280
1882, 18.82000, 17.76706
1883, 18.83000, 15.65946
1884, 18.84000, 14.20076
1885, 18.85000, 17.70482
1886, 18.86000, 16.27188
1887, 18.87000, 17.80250
1888, 18.88000, 16.61800
1889, 18.89000, 19.77984
1890, 18.90000, 18.83236
1891, 18.91000, 18.33273
1892, 18.92000, 17.35425
1893, 18.93000, 14.83696
1894, 18.94000, 11.15749
1895, 18.95000, 17.92492
1896, 18.96000, 11.41540
1897, 18.97000, 17.53725
1898, 18.98000, 15.45492
1899, 18.99000, 11.63403
1900, 19.00000, 11.22181
1901, 19.01000, 12.60105
1902, 19.02000, 14.37352
1903, 19.03000, 14.28369
1904, 19.04000, 15.93683
1905, 19.05000, 15.47693
1906, 19.06000, 14.18641
1907, 19.07000, 14.37201
1908, 19.08000, 14.30302
1909, 19.09000, 12.51267
1910, 19.10000, 12.66545
1911, 19.11000, 12.22873
1912, 19.12000, 13.93657
1913, 19.13000, 11.89530
1914, 19.14000, 12.07554
1915, 19.15000, 13.69573
1916, 19.16000, 14.25347
1917, 19.17000, 17.32199
1918, 19.18000, 17.70478
1919, 19.19000, 15.77618
1920, 19.20000, 15.79219
1921, 19.21000, 14.60870
1922, 19.22000, 13.87703
1923, 19.23000, 14.83077
1924, 19.24000, 14.78175
1925, 19.25000, 15.46749
1926, 19.26000, 12.66823
1927, 19.27000, 11.66679
1928, 19.28000, 11.45483
1929, 19.29000, 13.12146
1930, 19.30000, 11.02416
1931, 19.31000, 13.29229
1932, 19.32000, 12.10282
1933, 19.33000, 14.05806
1934, 19.34000, 16.53881
1935, 19.35000, 12.38534
1936, 19.36000, 12.56968
1937, 19.37000, 15.49530
1938, 19.38000, 14.16117
1939, 19.39000, 11.42888
1940, 19.40000, 13.62708
1941, 19.41000, 13.64878
1942, 19.42000, 11.76908
1943, 19.43000, 13.56029
1944, 19.44000, 10.02950
1945, 19.45000, 9.58408
1946, 19.46000, 9.80077
1947, 19.47000, 12.13639
1948, 19.48000, 13.24946
1949, 19.49000, 13.07777
1950, 19.50000, 15.32929
1951, 19.51000, 15.30685
1952, 19.52000, 11.84882
1953, 19.53000, 12.96930
1954, 19.54000, 11.07930
1955, 19.55000, 12.63835
1956, 19.56000, 12.71078
1957, 19.57000, 12.32827
1958, 19.58000, 13.70548
1959, 19.59000, 8.81294
1960, 19.60000, 8.94093
1961, 19.61000, 10.17981
1962, 19.62000, 9.63910
1963, 19.63000, 11.66686
1964, 19.64000, 8.94490
1965, 19.65000, 10.27630
1966, 19.66000, 11.05176
1967, 19.67000, 10.43093
1968, 19.68000, 10.72743
1969, 19.69000, 10.77814
1970, 19.70000, 12.07672
1971, 19.71000, 10.46273
1972, 19.72000, 12.03389
1973, 19.73000, 13.27101
1974, 19.74000, 9.58557
1975, 19.75000, 8.47587
1976, 19.76000, 9.48608
1977, 19.77000, 9.06678
1978, 19.78000, 8.45506
1979, 19.79000, 8.65384
1980, 19.80000, 8.53089
1981, 19.81000, 9.94545
1982, 19.82000, 8.70725
1983, 19.83000, 10.43328
1984, 19.84000, 10.13192
1985, 19.85000, 11.13376
1986, 19.86000, 12.00228
1987, 19.87000, 10.00772
1988, 19.88000, 10.51620
1989, 19.89000, 11.44846
1990, 19.90000, 8.88231
1991, 19.91000, 8.05192
1992, 19.92000, 8.31001
1993, 19.93000, 7.26139
1994, 19.94000, 9.26838
1995, 19.95000, 7.07472
1996, 19.96000, 6.33668
1997, 19.97000, 5.59215
1998, 19.98000, 8.59756
1999, 19.99000, 7.91788
2000, 20.00000, 7.73060
2001, 20.01000, 7.59188
