nt, t, solve_time
1, 0.01000, 82.82391
2, 0.02000, 58.91427
3, 0.03000, 48.76628
4, 0.04000, 48.39582
5, 0.05000, 54.50501
6, 0.06000, 60.80099
7, 0.07000, 27.34746
8, 0.08000, 33.91312
9, 0.09000, 43.35456
10, 0.10000, 39.84660
11, 0.11000, 43.18971
12, 0.12000, 27.48541
13, 0.13000, 22.86231
14, 0.14000, 30.34636
15, 0.15000, 24.44754
16, 0.16000, 27.95811
17, 0.17000, 33.39512
18, 0.18000, 34.96533
19, 0.19000, 30.78438
20, 0.20000, 49.81069
21, 0.21000, 40.68744
22, 0.22000, 28.37169
23, 0.23000, 43.02948
24, 0.24000, 52.11819
25, 0.25000, 39.76283
26, 0.26000, 30.69468
27, 0.27000, 32.88276
28, 0.28000, 34.87706
29, 0.29000, 29.42442
30, 0.30000, 33.55306
31, 0.31000, 35.32248
32, 0.32000, 27.62256
33, 0.33000, 27.96129
34, 0.34000, 27.32390
35, 0.35000, 34.37078
36, 0.36000, 33.44131
37, 0.37000, 37.86302
38, 0.38000, 35.25593
39, 0.39000, 19.83553
40, 0.40000, 20.96546
41, 0.41000, 20.67114
42, 0.42000, 25.51180
43, 0.43000, 20.04632
44, 0.44000, 15.17697
45, 0.45000, 16.07269
46, 0.46000, 18.00746
47, 0.47000, 24.66158
48, 0.48000, 19.37993
49, 0.49000, 26.89808
50, 0.50000, 19.68473
51, 0.51000, 25.04789
52, 0.52000, 28.35828
53, 0.53000, 33.45571
54, 0.54000, 37.49787
55, 0.55000, 26.40240
56, 0.56000, 25.06342
57, 0.57000, 23.42802
58, 0.58000, 16.35428
59, 0.59000, 16.11441
60, 0.60000, 18.60089
61, 0.61000, 28.40287
62, 0.62000, 21.13320
63, 0.63000, 16.20136
64, 0.64000, 18.06689
65, 0.65000, 15.53220
66, 0.66000, 14.36728
67, 0.67000, 17.56768
68, 0.68000, 15.38766
69, 0.69000, 18.56358
70, 0.70000, 16.94861
71, 0.71000, 18.75103
72, 0.72000, 21.92880
73, 0.73000, 13.52057
74, 0.74000, 20.39009
75, 0.75000, 16.25248
76, 0.76000, 17.00078
77, 0.77000, 15.29273
78, 0.78000, 21.78372
79, 0.79000, 15.46152
80, 0.80000, 20.56123
81, 0.81000, 19.47351
82, 0.82000, 14.87325
83, 0.83000, 12.72534
84, 0.84000, 16.98740
85, 0.85000, 23.69142
86, 0.86000, 19.31316
87, 0.87000, 19.56341
88, 0.88000, 20.35922
89, 0.89000, 20.19162
90, 0.90000, 21.25601
91, 0.91000, 20.68612
92, 0.92000, 20.46371
93, 0.93000, 15.34660
94, 0.94000, 15.81412
95, 0.95000, 18.14833
96, 0.96000, 17.47639
97, 0.97000, 13.60055
98, 0.98000, 11.54882
99, 0.99000, 16.16213
100, 1.00000, 10.39182
101, 1.01000, 16.57463
102, 1.02000, 19.61096
103, 1.03000, 23.73733
104, 1.04000, 15.69524
105, 1.05000, 26.83542
106, 1.06000, 28.91606
107, 1.07000, 30.40017
108, 1.08000, 23.88512
109, 1.09000, 28.50691
110, 1.10000, 31.78866
111, 1.11000, 25.57408
112, 1.12000, 29.74540
113, 1.13000, 35.86294
114, 1.14000, 37.14776
115, 1.15000, 35.18781
116, 1.16000, 30.32872
117, 1.17000, 24.02658
118, 1.18000, 26.34712
119, 1.19000, 31.10187
120, 1.20000, 27.06901
121, 1.21000, 31.03347
122, 1.22000, 38.97195
123, 1.23000, 35.20959
124, 1.24000, 25.73114
125, 1.25000, 26.80801
126, 1.26000, 17.75538
127, 1.27000, 24.99774
128, 1.28000, 36.89850
129, 1.29000, 35.61144
130, 1.30000, 32.79042
131, 1.31000, 29.36597
132, 1.32000, 34.40407
133, 1.33000, 38.47184
134, 1.34000, 23.33868
135, 1.35000, 29.59389
136, 1.36000, 21.26012
137, 1.37000, 29.05695
138, 1.38000, 29.73994
139, 1.39000, 25.84057
140, 1.40000, 25.32623
141, 1.41000, 23.88562
142, 1.42000, 25.43924
143, 1.43000, 24.02963
144, 1.44000, 20.95483
145, 1.45000, 24.06174
146, 1.46000, 36.97000
147, 1.47000, 19.35774
148, 1.48000, 19.71573
149, 1.49000, 25.54904
150, 1.50000, 32.66033
151, 1.51000, 27.53154
152, 1.52000, 34.65266
153, 1.53000, 22.76184
154, 1.54000, 30.36505
155, 1.55000, 31.65348
156, 1.56000, 26.09385
157, 1.57000, 29.87943
158, 1.58000, 30.62558
159, 1.59000, 33.68310
160, 1.60000, 32.68732
161, 1.61000, 27.12992
162, 1.62000, 28.28103
163, 1.63000, 28.88781
164, 1.64000, 35.44743
165, 1.65000, 25.83238
166, 1.66000, 35.29649
167, 1.67000, 33.37440
168, 1.68000, 27.58790
169, 1.69000, 30.39808
170, 1.70000, 35.21003
171, 1.71000, 31.24931
172, 1.72000, 32.94470
173, 1.73000, 29.12816
174, 1.74000, 21.51642
175, 1.75000, 23.71071
176, 1.76000, 21.52184
177, 1.77000, 34.93363
178, 1.78000, 30.65142
179, 1.79000, 31.01444
180, 1.80000, 29.56559
181, 1.81000, 37.09491
182, 1.82000, 31.03135
183, 1.83000, 36.96617
184, 1.84000, 27.86781
185, 1.85000, 17.94461
186, 1.86000, 25.80063
187, 1.87000, 26.41394
188, 1.88000, 33.12059
189, 1.89000, 21.80978
190, 1.90000, 35.75204
191, 1.91000, 31.95131
192, 1.92000, 26.82009
193, 1.93000, 34.75040
194, 1.94000, 29.47792
195, 1.95000, 36.78977
196, 1.96000, 29.86034
197, 1.97000, 31.87192
198, 1.98000, 39.19654
199, 1.99000, 34.44035
200, 2.00000, 28.31026
201, 2.01000, 35.07043
202, 2.02000, 30.42362
203, 2.03000, 25.51437
204, 2.04000, 29.19000
205, 2.05000, 33.72226
206, 2.06000, 28.71189
207, 2.07000, 33.09235
208, 2.08000, 30.74201
209, 2.09000, 39.44413
210, 2.10000, 32.49515
211, 2.11000, 36.34513
212, 2.12000, 31.97170
213, 2.13000, 28.39580
214, 2.14000, 32.77526
215, 2.15000, 28.06837
216, 2.16000, 32.69729
217, 2.17000, 37.09833
218, 2.18000, 31.22658
219, 2.19000, 25.73522
220, 2.20000, 21.60034
221, 2.21000, 25.98416
222, 2.22000, 32.19372
223, 2.23000, 31.55296
224, 2.24000, 26.87971
225, 2.25000, 33.47566
226, 2.26000, 37.10007
227, 2.27000, 32.67982
228, 2.28000, 42.63534
229, 2.29000, 32.99224
230, 2.30000, 30.58085
231, 2.31000, 22.99601
232, 2.32000, 28.97851
233, 2.33000, 34.95703
234, 2.34000, 37.74452
235, 2.35000, 37.50537
236, 2.36000, 31.39666
237, 2.37000, 35.85348
238, 2.38000, 36.71045
239, 2.39000, 40.20140
240, 2.40000, 30.56582
241, 2.41000, 24.29120
242, 2.42000, 25.09945
243, 2.43000, 31.63247
244, 2.44000, 35.43872
245, 2.45000, 28.98288
246, 2.46000, 20.63255
247, 2.47000, 23.30246
248, 2.48000, 18.56283
249, 2.49000, 16.96912
250, 2.50000, 19.15692
251, 2.51000, 19.14568
252, 2.52000, 21.27311
253, 2.53000, 24.72409
254, 2.54000, 26.23001
255, 2.55000, 29.44293
256, 2.56000, 18.42969
257, 2.57000, 19.38622
258, 2.58000, 24.50815
259, 2.59000, 28.26942
260, 2.60000, 28.79508
261, 2.61000, 28.43423
262, 2.62000, 35.00454
263, 2.63000, 18.98707
264, 2.64000, 23.06550
265, 2.65000, 22.09406
266, 2.66000, 27.49595
267, 2.67000, 22.63065
268, 2.68000, 21.79943
269, 2.69000, 27.73459
270, 2.70000, 21.95949
271, 2.71000, 19.83261
272, 2.72000, 20.93924
273, 2.73000, 17.76675
274, 2.74000, 21.80682
275, 2.75000, 15.26606
276, 2.76000, 21.12634
277, 2.77000, 23.15678
278, 2.78000, 30.08528
279, 2.79000, 27.71171
280, 2.80000, 20.08763
281, 2.81000, 26.13693
282, 2.82000, 17.94463
283, 2.83000, 24.16950
284, 2.84000, 24.95192
285, 2.85000, 23.15591
286, 2.86000, 23.45510
287, 2.87000, 24.57006
288, 2.88000, 27.41760
289, 2.89000, 25.76987
290, 2.90000, 28.41663
291, 2.91000, 26.71406
292, 2.92000, 23.45548
293, 2.93000, 19.57235
294, 2.94000, 19.46308
295, 2.95000, 19.22192
296, 2.96000, 21.86437
297, 2.97000, 23.84843
298, 2.98000, 32.17829
299, 2.99000, 28.78188
300, 3.00000, 21.48897
301, 3.01000, 28.52428
302, 3.02000, 30.05507
303, 3.03000, 26.95543
304, 3.04000, 30.98607
305, 3.05000, 31.97671
306, 3.06000, 24.84856
307, 3.07000, 26.77971
308, 3.08000, 17.83754
309, 3.09000, 22.03209
310, 3.10000, 21.31898
311, 3.11000, 20.60547
312, 3.12000, 20.46010
313, 3.13000, 22.57518
314, 3.14000, 20.86540
315, 3.15000, 17.55846
316, 3.16000, 16.91176
317, 3.17000, 19.66357
318, 3.18000, 21.24016
319, 3.19000, 22.66270
320, 3.20000, 20.88396
321, 3.21000, 22.51745
322, 3.22000, 27.66649
323, 3.23000, 30.78982
324, 3.24000, 22.55707
325, 3.25000, 19.89094
326, 3.26000, 18.51365
327, 3.27000, 16.67260
328, 3.28000, 20.32186
329, 3.29000, 21.62502
330, 3.30000, 21.09601
331, 3.31000, 26.61734
332, 3.32000, 20.03633
333, 3.33000, 22.24014
334, 3.34000, 24.41890
335, 3.35000, 22.08137
336, 3.36000, 18.51874
337, 3.37000, 19.07062
338, 3.38000, 23.58870
339, 3.39000, 25.32107
340, 3.40000, 24.10289
341, 3.41000, 24.01738
342, 3.42000, 32.20914
343, 3.43000, 34.13289
344, 3.44000, 24.27518
345, 3.45000, 18.41677
346, 3.46000, 30.63047
347, 3.47000, 31.80435
348, 3.48000, 27.71714
349, 3.49000, 23.25662
350, 3.50000, 21.69297
351, 3.51000, 21.84122
352, 3.52000, 22.35671
353, 3.53000, 19.63537
354, 3.54000, 23.19746
355, 3.55000, 24.28529
356, 3.56000, 21.59298
357, 3.57000, 22.57738
358, 3.58000, 20.89476
359, 3.59000, 18.67552
360, 3.60000, 27.15143
361, 3.61000, 21.75686
362, 3.62000, 19.17849
363, 3.63000, 16.26407
364, 3.64000, 15.98629
365, 3.65000, 18.56879
366, 3.66000, 20.85244
367, 3.67000, 19.15419
368, 3.68000, 25.46282
369, 3.69000, 24.95202
370, 3.70000, 26.60571
371, 3.71000, 28.48335
372, 3.72000, 24.31564
373, 3.73000, 26.32892
374, 3.74000, 26.32763
375, 3.75000, 28.23863
376, 3.76000, 34.11361
377, 3.77000, 34.73900
378, 3.78000, 30.17613
379, 3.79000, 23.44771
380, 3.80000, 30.56812
381, 3.81000, 25.55652
382, 3.82000, 26.09766
383, 3.83000, 34.02856
384, 3.84000, 29.67034
385, 3.85000, 33.73983
386, 3.86000, 28.49584
387, 3.87000, 28.01719
388, 3.88000, 29.41562
389, 3.89000, 26.46934
390, 3.90000, 24.09026
391, 3.91000, 18.15594
392, 3.92000, 35.51065
393, 3.93000, 27.54117
394, 3.94000, 27.16218
395, 3.95000, 31.29672
396, 3.96000, 25.25172
397, 3.97000, 17.79032
398, 3.98000, 21.27894
399, 3.99000, 22.58194
400, 4.00000, 23.88609
401, 4.01000, 24.41576
402, 4.02000, 21.36382
403, 4.03000, 20.62602
404, 4.04000, 24.57740
405, 4.05000, 26.97154
406, 4.06000, 25.52677
407, 4.07000, 27.97110
408, 4.08000, 24.42433
409, 4.09000, 24.84713
410, 4.10000, 26.56981
411, 4.11000, 28.66932
412, 4.12000, 34.54708
413, 4.13000, 28.42040
414, 4.14000, 36.55046
415, 4.15000, 30.05652
416, 4.16000, 23.72228
417, 4.17000, 27.28254
418, 4.18000, 27.77490
419, 4.19000, 26.73886
420, 4.20000, 39.39693
421, 4.21000, 27.20371
422, 4.22000, 24.38195
423, 4.23000, 26.24304
424, 4.24000, 31.35543
425, 4.25000, 29.81468
426, 4.26000, 29.34774
427, 4.27000, 27.92586
428, 4.28000, 25.25501
429, 4.29000, 28.14530
430, 4.30000, 22.67776
431, 4.31000, 30.83548
432, 4.32000, 27.28913
433, 4.33000, 24.61513
434, 4.34000, 22.50119
435, 4.35000, 30.34033
436, 4.36000, 23.85402
437, 4.37000, 19.45945
438, 4.38000, 19.14876
439, 4.39000, 19.87391
440, 4.40000, 19.79649
441, 4.41000, 22.11417
442, 4.42000, 22.33808
443, 4.43000, 18.77139
444, 4.44000, 18.91316
445, 4.45000, 27.23832
446, 4.46000, 22.24034
447, 4.47000, 27.19384
448, 4.48000, 28.63103
449, 4.49000, 23.41896
450, 4.50000, 25.98124
451, 4.51000, 23.61079
452, 4.52000, 24.58894
453, 4.53000, 24.75878
454, 4.54000, 22.09192
455, 4.55000, 28.18810
456, 4.56000, 20.55224
457, 4.57000, 22.30419
458, 4.58000, 25.66952
459, 4.59000, 25.28052
460, 4.60000, 25.96728
461, 4.61000, 26.72858
462, 4.62000, 25.29068
463, 4.63000, 21.96809
464, 4.64000, 20.06954
465, 4.65000, 23.06950
466, 4.66000, 19.83857
467, 4.67000, 24.41941
468, 4.68000, 23.37208
469, 4.69000, 21.53285
470, 4.70000, 21.90442
471, 4.71000, 22.60655
472, 4.72000, 24.12699
473, 4.73000, 26.47929
474, 4.74000, 25.51870
475, 4.75000, 23.88284
476, 4.76000, 20.73563
477, 4.77000, 20.61343
478, 4.78000, 21.44514
479, 4.79000, 18.79783
480, 4.80000, 30.33257
481, 4.81000, 24.39065
482, 4.82000, 26.60729
483, 4.83000, 22.82156
484, 4.84000, 29.53888
485, 4.85000, 28.74904
486, 4.86000, 24.29815
487, 4.87000, 26.15253
488, 4.88000, 26.70846
489, 4.89000, 29.55929
490, 4.90000, 26.64600
491, 4.91000, 19.79411
492, 4.92000, 20.99119
493, 4.93000, 17.09835
494, 4.94000, 17.89475
495, 4.95000, 16.52847
496, 4.96000, 17.80344
497, 4.97000, 20.01513
498, 4.98000, 22.27987
499, 4.99000, 23.65404
500, 5.00000, 18.00526
501, 5.01000, 17.19962
502, 5.02000, 22.56305
503, 5.03000, 18.38692
504, 5.04000, 19.08518
505, 5.05000, 20.66097
506, 5.06000, 25.91518
507, 5.07000, 29.87281
508, 5.08000, 29.95949
509, 5.09000, 21.39278
510, 5.10000, 21.62974
511, 5.11000, 19.74093
512, 5.12000, 16.51610
513, 5.13000, 14.83278
514, 5.14000, 16.69246
515, 5.15000, 18.36712
516, 5.16000, 21.84591
517, 5.17000, 19.36356
518, 5.18000, 23.91771
519, 5.19000, 26.14645
520, 5.20000, 22.96697
521, 5.21000, 28.00111
522, 5.22000, 28.91471
523, 5.23000, 21.32897
524, 5.24000, 20.69684
525, 5.25000, 22.37401
526, 5.26000, 26.89933
527, 5.27000, 21.69260
528, 5.28000, 21.42674
529, 5.29000, 19.92654
530, 5.30000, 20.41926
531, 5.31000, 19.95460
532, 5.32000, 20.85941
533, 5.33000, 23.41235
534, 5.34000, 24.57835
535, 5.35000, 23.55922
536, 5.36000, 24.50779
537, 5.37000, 20.09898
538, 5.38000, 20.98790
539, 5.39000, 23.85292
540, 5.40000, 26.49363
541, 5.41000, 26.21165
542, 5.42000, 24.27319
543, 5.43000, 21.94798
544, 5.44000, 22.71056
545, 5.45000, 28.20117
546, 5.46000, 27.55418
547, 5.47000, 28.21807
548, 5.48000, 29.88423
549, 5.49000, 31.21156
550, 5.50000, 28.79758
551, 5.51000, 25.26795
552, 5.52000, 19.79962
553, 5.53000, 24.18570
554, 5.54000, 28.09157
555, 5.55000, 25.44386
556, 5.56000, 26.77891
557, 5.57000, 26.33337
558, 5.58000, 19.35769
559, 5.59000, 18.92100
560, 5.60000, 17.36649
561, 5.61000, 18.21965
562, 5.62000, 23.73079
563, 5.63000, 28.54071
564, 5.64000, 29.82963
565, 5.65000, 25.40365
566, 5.66000, 19.26558
567, 5.67000, 19.82246
568, 5.68000, 22.29557
569, 5.69000, 24.86122
570, 5.70000, 23.53649
571, 5.71000, 25.59894
572, 5.72000, 22.80096
573, 5.73000, 22.38766
574, 5.74000, 25.95941
575, 5.75000, 23.91369
576, 5.76000, 24.14130
577, 5.77000, 20.21484
578, 5.78000, 19.71789
579, 5.79000, 22.43807
580, 5.80000, 27.37593
581, 5.81000, 24.40719
582, 5.82000, 19.95189
583, 5.83000, 20.03436
584, 5.84000, 25.23532
585, 5.85000, 29.16934
586, 5.86000, 35.27068
587, 5.87000, 29.81828
588, 5.88000, 31.05107
589, 5.89000, 29.33942
590, 5.90000, 22.71156
591, 5.91000, 23.33471
592, 5.92000, 29.42528
593, 5.93000, 23.21576
594, 5.94000, 22.33124
595, 5.95000, 18.87719
596, 5.96000, 19.18515
597, 5.97000, 18.27460
598, 5.98000, 18.84367
599, 5.99000, 19.85653
600, 6.00000, 22.78371
601, 6.01000, 31.44535
602, 6.02000, 22.72546
603, 6.03000, 27.95865
604, 6.04000, 22.74933
605, 6.05000, 20.17069
606, 6.06000, 19.80908
607, 6.07000, 22.87821
608, 6.08000, 21.66481
609, 6.09000, 21.50006
610, 6.10000, 19.13872
611, 6.11000, 20.61108
612, 6.12000, 19.72818
613, 6.13000, 20.85139
614, 6.14000, 20.59378
615, 6.15000, 24.39465
616, 6.16000, 25.82557
617, 6.17000, 27.54681
618, 6.18000, 19.64292
619, 6.19000, 22.25852
620, 6.20000, 20.58882
621, 6.21000, 23.09425
622, 6.22000, 26.04633
623, 6.23000, 25.11363
624, 6.24000, 28.02184
625, 6.25000, 26.77651
626, 6.26000, 30.15172
627, 6.27000, 25.81891
628, 6.28000, 27.70860
629, 6.29000, 21.98368
630, 6.30000, 24.72269
631, 6.31000, 20.14022
632, 6.32000, 21.33479
633, 6.33000, 21.79723
634, 6.34000, 18.71610
635, 6.35000, 24.42274
636, 6.36000, 28.24693
637, 6.37000, 24.70501
638, 6.38000, 23.91339
639, 6.39000, 20.77366
640, 6.40000, 23.34394
641, 6.41000, 19.95043
642, 6.42000, 21.20351
643, 6.43000, 26.19219
644, 6.44000, 23.27626
645, 6.45000, 24.82355
646, 6.46000, 25.09875
647, 6.47000, 27.66006
648, 6.48000, 24.20961
649, 6.49000, 20.42417
650, 6.50000, 20.12214
651, 6.51000, 24.14264
652, 6.52000, 23.33483
653, 6.53000, 18.85692
654, 6.54000, 17.58572
655, 6.55000, 22.03850
656, 6.56000, 19.25637
657, 6.57000, 15.66659
658, 6.58000, 20.48278
659, 6.59000, 23.49533
660, 6.60000, 25.73896
661, 6.61000, 25.28211
662, 6.62000, 29.45162
663, 6.63000, 27.69197
664, 6.64000, 26.69359
665, 6.65000, 27.21409
666, 6.66000, 23.76936
667, 6.67000, 27.96232
668, 6.68000, 26.52928
669, 6.69000, 29.53898
670, 6.70000, 23.13116
671, 6.71000, 15.11094
672, 6.72000, 18.43502
673, 6.73000, 17.14811
674, 6.74000, 18.94687
675, 6.75000, 24.57952
676, 6.76000, 18.44659
677, 6.77000, 24.89083
678, 6.78000, 33.18021
679, 6.79000, 30.33817
680, 6.80000, 26.26586
681, 6.81000, 28.13604
682, 6.82000, 28.03712
683, 6.83000, 23.70298
684, 6.84000, 22.98251
685, 6.85000, 23.69938
686, 6.86000, 26.18940
687, 6.87000, 26.88174
688, 6.88000, 25.16951
689, 6.89000, 19.64634
690, 6.90000, 21.17273
691, 6.91000, 23.78573
692, 6.92000, 25.49923
693, 6.93000, 21.26508
694, 6.94000, 21.00042
695, 6.95000, 18.94136
696, 6.96000, 20.62249
697, 6.97000, 18.51300
698, 6.98000, 17.69631
699, 6.99000, 18.76556
700, 7.00000, 14.79911
701, 7.01000, 18.28009
702, 7.02000, 20.85296
703, 7.03000, 15.60757
704, 7.04000, 20.99503
705, 7.05000, 24.97122
706, 7.06000, 20.76347
707, 7.07000, 23.59076
708, 7.08000, 20.50717
709, 7.09000, 19.50743
710, 7.10000, 22.84067
711, 7.11000, 27.46459
712, 7.12000, 27.79630
713, 7.13000, 24.25543
714, 7.14000, 21.77775
715, 7.15000, 19.24975
716, 7.16000, 24.95040
717, 7.17000, 23.46022
718, 7.18000, 25.44753
719, 7.19000, 19.93818
720, 7.20000, 14.89876
721, 7.21000, 16.17324
722, 7.22000, 14.40165
723, 7.23000, 21.75978
724, 7.24000, 24.78850
725, 7.25000, 31.51170
726, 7.26000, 30.36237
727, 7.27000, 26.83228
728, 7.28000, 30.58500
729, 7.29000, 27.23108
730, 7.30000, 29.65977
731, 7.31000, 27.24352
732, 7.32000, 25.46400
733, 7.33000, 25.05139
734, 7.34000, 25.54912
735, 7.35000, 20.02080
736, 7.36000, 19.57715
737, 7.37000, 26.77902
738, 7.38000, 28.35582
739, 7.39000, 30.15731
740, 7.40000, 24.20628
741, 7.41000, 23.38374
742, 7.42000, 16.77878
743, 7.43000, 21.28562
744, 7.44000, 25.91985
745, 7.45000, 20.88415
746, 7.46000, 27.70444
747, 7.47000, 21.66475
748, 7.48000, 21.52615
749, 7.49000, 23.04252
750, 7.50000, 22.11304
751, 7.51000, 24.97412
752, 7.52000, 24.20753
753, 7.53000, 21.02183
754, 7.54000, 22.18263
755, 7.55000, 26.04511
756, 7.56000, 31.09442
757, 7.57000, 31.16269
758, 7.58000, 22.47847
759, 7.59000, 24.45295
760, 7.60000, 26.91365
761, 7.61000, 25.45098
762, 7.62000, 28.27952
763, 7.63000, 28.49452
764, 7.64000, 25.43876
765, 7.65000, 20.16224
766, 7.66000, 23.34219
767, 7.67000, 21.36009
768, 7.68000, 23.29674
769, 7.69000, 24.50371
770, 7.70000, 28.60338
771, 7.71000, 26.26476
772, 7.72000, 20.92761
773, 7.73000, 22.51831
774, 7.74000, 23.79269
775, 7.75000, 23.04537
776, 7.76000, 17.80859
777, 7.77000, 16.69510
778, 7.78000, 23.57431
779, 7.79000, 28.02170
780, 7.80000, 31.06744
781, 7.81000, 31.29907
782, 7.82000, 25.39980
783, 7.83000, 17.95096
784, 7.84000, 18.57792
785, 7.85000, 18.24697
786, 7.86000, 19.39312
787, 7.87000, 21.44374
788, 7.88000, 20.24806
789, 7.89000, 21.66591
790, 7.90000, 22.39776
791, 7.91000, 27.96456
792, 7.92000, 28.68543
793, 7.93000, 27.92739
794, 7.94000, 29.16495
795, 7.95000, 23.89642
796, 7.96000, 21.60568
797, 7.97000, 20.17283
798, 7.98000, 28.67570
799, 7.99000, 25.62167
800, 8.00000, 27.64971
801, 8.01000, 25.72763
802, 8.02000, 21.63152
803, 8.03000, 22.86289
804, 8.04000, 26.15954
805, 8.05000, 27.70728
806, 8.06000, 19.50576
807, 8.07000, 13.36272
808, 8.08000, 22.27526
809, 8.09000, 21.20757
810, 8.10000, 22.00576
811, 8.11000, 23.88661
812, 8.12000, 22.89930
813, 8.13000, 23.68306
814, 8.14000, 31.07489
815, 8.15000, 27.06593
816, 8.16000, 19.42152
817, 8.17000, 17.83072
818, 8.18000, 22.03328
819, 8.19000, 22.63139
820, 8.20000, 21.97832
821, 8.21000, 23.85527
822, 8.22000, 24.80609
823, 8.23000, 25.15612
824, 8.24000, 26.24175
825, 8.25000, 20.08583
826, 8.26000, 20.85322
827, 8.27000, 25.19791
828, 8.28000, 28.39829
829, 8.29000, 23.01679
830, 8.30000, 26.22306
831, 8.31000, 25.26708
832, 8.32000, 24.16454
833, 8.33000, 25.00791
834, 8.34000, 29.31935
835, 8.35000, 27.79822
836, 8.36000, 23.59586
837, 8.37000, 20.85886
838, 8.38000, 23.52711
839, 8.39000, 31.45490
840, 8.40000, 21.15778
841, 8.41000, 23.35496
842, 8.42000, 26.31261
843, 8.43000, 23.53416
844, 8.44000, 18.10442
845, 8.45000, 29.57246
846, 8.46000, 25.31477
847, 8.47000, 26.29647
848, 8.48000, 23.68349
849, 8.49000, 26.84526
850, 8.50000, 31.76167
851, 8.51000, 19.64865
852, 8.52000, 19.75931
853, 8.53000, 18.86092
854, 8.54000, 23.10723
855, 8.55000, 25.33288
856, 8.56000, 31.86746
857, 8.57000, 27.28409
858, 8.58000, 22.52536
859, 8.59000, 31.17562
860, 8.60000, 22.43407
861, 8.61000, 27.49623
862, 8.62000, 21.66652
863, 8.63000, 26.85117
864, 8.64000, 28.88556
865, 8.65000, 21.31676
866, 8.66000, 23.52964
867, 8.67000, 19.66832
868, 8.68000, 18.90344
869, 8.69000, 21.94272
870, 8.70000, 25.26328
871, 8.71000, 26.23149
872, 8.72000, 25.53295
873, 8.73000, 20.30370
874, 8.74000, 29.65904
875, 8.75000, 24.20275
876, 8.76000, 24.93209
877, 8.77000, 25.56083
878, 8.78000, 25.30784
879, 8.79000, 26.72078
880, 8.80000, 23.85222
881, 8.81000, 21.71094
882, 8.82000, 18.65235
883, 8.83000, 23.27414
884, 8.84000, 20.95832
885, 8.85000, 23.97056
886, 8.86000, 17.67537
887, 8.87000, 18.56198
888, 8.88000, 21.27570
889, 8.89000, 19.65133
890, 8.90000, 20.81564
891, 8.91000, 18.35998
892, 8.92000, 17.19900
893, 8.93000, 23.51884
894, 8.94000, 21.26797
895, 8.95000, 20.33393
896, 8.96000, 18.19760
897, 8.97000, 27.90592
898, 8.98000, 29.76711
899, 8.99000, 25.08492
900, 9.00000, 27.71210
901, 9.01000, 26.58752
902, 9.02000, 27.26903
903, 9.03000, 29.02107
904, 9.04000, 31.88862
905, 9.05000, 27.96068
906, 9.06000, 25.41783
907, 9.07000, 19.15184
908, 9.08000, 18.73884
909, 9.09000, 22.30713
910, 9.10000, 20.09740
911, 9.11000, 19.23473
912, 9.12000, 19.98416
913, 9.13000, 22.71185
914, 9.14000, 28.71439
915, 9.15000, 26.96404
916, 9.16000, 22.75039
917, 9.17000, 18.06404
918, 9.18000, 23.15029
919, 9.19000, 25.23526
920, 9.20000, 25.75192
921, 9.21000, 24.61271
922, 9.22000, 27.54347
923, 9.23000, 23.06738
924, 9.24000, 26.14270
925, 9.25000, 29.79995
926, 9.26000, 21.73760
927, 9.27000, 24.18358
928, 9.28000, 28.18609
929, 9.29000, 27.51744
930, 9.30000, 20.30746
931, 9.31000, 28.67060
932, 9.32000, 29.60341
933, 9.33000, 24.31344
934, 9.34000, 25.80692
935, 9.35000, 23.49856
936, 9.36000, 22.87816
937, 9.37000, 21.06838
938, 9.38000, 22.03217
939, 9.39000, 23.84902
940, 9.40000, 21.11123
941, 9.41000, 14.68818
942, 9.42000, 14.84441
943, 9.43000, 16.17139
944, 9.44000, 23.60497
945, 9.45000, 20.19148
946, 9.46000, 21.63457
947, 9.47000, 18.32019
948, 9.48000, 25.49713
949, 9.49000, 21.47176
950, 9.50000, 19.44291
951, 9.51000, 19.11480
952, 9.52000, 26.82056
953, 9.53000, 20.38980
954, 9.54000, 22.99527
955, 9.55000, 24.51612
956, 9.56000, 20.35616
957, 9.57000, 21.10192
958, 9.58000, 23.82500
959, 9.59000, 25.82136
960, 9.60000, 19.06694
961, 9.61000, 17.36214
962, 9.62000, 27.29485
963, 9.63000, 24.40448
964, 9.64000, 24.44230
965, 9.65000, 29.41478
966, 9.66000, 21.73912
967, 9.67000, 24.87737
968, 9.68000, 26.18128
969, 9.69000, 20.72455
970, 9.70000, 22.35511
971, 9.71000, 21.05067
972, 9.72000, 20.73981
973, 9.73000, 24.31995
974, 9.74000, 21.32338
975, 9.75000, 22.70752
976, 9.76000, 26.87627
977, 9.77000, 34.56039
978, 9.78000, 26.53373
979, 9.79000, 25.21853
980, 9.80000, 27.94028
981, 9.81000, 25.13775
982, 9.82000, 20.19945
983, 9.83000, 23.00075
984, 9.84000, 22.47541
985, 9.85000, 24.18657
986, 9.86000, 19.49846
987, 9.87000, 21.17475
988, 9.88000, 21.96677
989, 9.89000, 24.77744
990, 9.90000, 26.87182
991, 9.91000, 23.45382
992, 9.92000, 23.56047
993, 9.93000, 21.75008
994, 9.94000, 26.73263
995, 9.95000, 21.53731
996, 9.96000, 22.31027
997, 9.97000, 30.82807
998, 9.98000, 29.93013
999, 9.99000, 27.45750
1000, 10.00000, 23.11758
1001, 10.01000, 20.84417
1002, 10.02000, 24.18901
1003, 10.03000, 23.22601
1004, 10.04000, 24.13214
1005, 10.05000, 23.24881
1006, 10.06000, 20.27384
1007, 10.07000, 19.50989
1008, 10.08000, 14.99566
1009, 10.09000, 17.05036
1010, 10.10000, 23.08020
1011, 10.11000, 18.70422
1012, 10.12000, 18.70196
1013, 10.13000, 19.86112
1014, 10.14000, 19.63412
1015, 10.15000, 17.61745
1016, 10.16000, 23.81394
1017, 10.17000, 21.28061
1018, 10.18000, 26.78429
1019, 10.19000, 21.09918
1020, 10.20000, 26.25798
1021, 10.21000, 26.29713
1022, 10.22000, 23.34399
1023, 10.23000, 24.00763
1024, 10.24000, 21.12102
1025, 10.25000, 21.10725
1026, 10.26000, 19.88718
1027, 10.27000, 23.68612
1028, 10.28000, 19.83818
1029, 10.29000, 19.26419
1030, 10.30000, 20.70721
1031, 10.31000, 23.36103
1032, 10.32000, 28.63640
1033, 10.33000, 27.88837
1034, 10.34000, 19.52357
1035, 10.35000, 22.89568
1036, 10.36000, 26.52399
1037, 10.37000, 23.88775
1038, 10.38000, 26.35346
1039, 10.39000, 21.31831
1040, 10.40000, 27.05703
1041, 10.41000, 20.14894
1042, 10.42000, 25.90379
1043, 10.43000, 21.20736
1044, 10.44000, 23.26489
1045, 10.45000, 27.44040
1046, 10.46000, 23.95988
1047, 10.47000, 25.98713
1048, 10.48000, 25.15131
1049, 10.49000, 25.52330
1050, 10.50000, 26.96502
1051, 10.51000, 22.45493
1052, 10.52000, 16.76957
1053, 10.53000, 18.92104
1054, 10.54000, 17.76254
1055, 10.55000, 18.80818
1056, 10.56000, 21.44337
1057, 10.57000, 23.50039
1058, 10.58000, 22.25431
1059, 10.59000, 26.67998
1060, 10.60000, 21.55770
1061, 10.61000, 25.18964
1062, 10.62000, 21.29114
1063, 10.63000, 24.18929
1064, 10.64000, 24.58536
1065, 10.65000, 26.54829
1066, 10.66000, 26.63383
1067, 10.67000, 27.23238
1068, 10.68000, 25.97507
1069, 10.69000, 24.18235
1070, 10.70000, 26.08164
1071, 10.71000, 25.11500
1072, 10.72000, 24.22913
1073, 10.73000, 29.83640
1074, 10.74000, 24.80492
1075, 10.75000, 25.05571
1076, 10.76000, 25.05541
1077, 10.77000, 23.80127
1078, 10.78000, 26.66852
1079, 10.79000, 26.79666
1080, 10.80000, 22.63632
1081, 10.81000, 24.23390
1082, 10.82000, 26.88118
1083, 10.83000, 25.57320
1084, 10.84000, 25.62372
1085, 10.85000, 22.53982
1086, 10.86000, 21.86930
1087, 10.87000, 25.63718
1088, 10.88000, 23.02966
1089, 10.89000, 22.76170
1090, 10.90000, 28.77747
1091, 10.91000, 29.29483
1092, 10.92000, 18.09678
1093, 10.93000, 17.52239
1094, 10.94000, 23.34769
1095, 10.95000, 27.36121
1096, 10.96000, 19.52509
1097, 10.97000, 17.96541
1098, 10.98000, 18.56246
1099, 10.99000, 23.95458
1100, 11.00000, 26.20103
1101, 11.01000, 24.32853
1102, 11.02000, 22.11358
1103, 11.03000, 18.73472
1104, 11.04000, 17.80023
1105, 11.05000, 22.72774
1106, 11.06000, 24.93572
1107, 11.07000, 22.59147
1108, 11.08000, 27.15561
1109, 11.09000, 27.24093
1110, 11.10000, 27.22411
1111, 11.11000, 30.04194
1112, 11.12000, 32.34893
1113, 11.13000, 28.10867
1114, 11.14000, 23.23752
1115, 11.15000, 19.50502
1116, 11.16000, 23.76195
1117, 11.17000, 27.57766
1118, 11.18000, 20.62894
1119, 11.19000, 20.35428
1120, 11.20000, 23.05699
1121, 11.21000, 19.42768
1122, 11.22000, 16.91634
1123, 11.23000, 24.57188
1124, 11.24000, 20.04412
1125, 11.25000, 21.19120
1126, 11.26000, 22.25954
1127, 11.27000, 22.34166
1128, 11.28000, 28.27836
1129, 11.29000, 24.90783
1130, 11.30000, 23.87299
1131, 11.31000, 23.41750
1132, 11.32000, 23.63382
1133, 11.33000, 18.86781
1134, 11.34000, 24.59493
1135, 11.35000, 22.94831
1136, 11.36000, 15.89715
1137, 11.37000, 19.06545
1138, 11.38000, 26.19282
1139, 11.39000, 17.62475
1140, 11.40000, 23.20449
1141, 11.41000, 27.46509
1142, 11.42000, 19.65529
1143, 11.43000, 20.51588
1144, 11.44000, 25.30346
1145, 11.45000, 22.66421
1146, 11.46000, 18.98934
1147, 11.47000, 24.94859
1148, 11.48000, 27.84578
1149, 11.49000, 31.18629
1150, 11.50000, 30.48991
1151, 11.51000, 21.95875
1152, 11.52000, 22.86695
1153, 11.53000, 29.17871
1154, 11.54000, 24.27471
1155, 11.55000, 28.60355
1156, 11.56000, 24.83804
1157, 11.57000, 25.99279
1158, 11.58000, 25.79604
1159, 11.59000, 31.71504
1160, 11.60000, 30.33106
1161, 11.61000, 21.97460
1162, 11.62000, 16.80727
1163, 11.63000, 17.52306
1164, 11.64000, 18.70451
1165, 11.65000, 17.12904
1166, 11.66000, 25.43004
1167, 11.67000, 20.24212
1168, 11.68000, 17.94852
1169, 11.69000, 15.76923
1170, 11.70000, 13.67936
1171, 11.71000, 14.78496
1172, 11.72000, 16.99266
1173, 11.73000, 15.53671
1174, 11.74000, 17.14261
1175, 11.75000, 18.07779
1176, 11.76000, 29.19622
1177, 11.77000, 25.55779
1178, 11.78000, 24.47341
1179, 11.79000, 24.08564
1180, 11.80000, 21.20969
1181, 11.81000, 26.35679
1182, 11.82000, 27.11585
1183, 11.83000, 27.59075
1184, 11.84000, 25.52317
1185, 11.85000, 18.90462
1186, 11.86000, 20.33775
1187, 11.87000, 23.69829
1188, 11.88000, 22.86171
1189, 11.89000, 22.35065
1190, 11.90000, 23.68643
1191, 11.91000, 24.70984
1192, 11.92000, 23.23043
1193, 11.93000, 26.21498
1194, 11.94000, 30.70134
1195, 11.95000, 28.87146
1196, 11.96000, 31.98591
1197, 11.97000, 25.48828
1198, 11.98000, 28.80426
1199, 11.99000, 30.32923
1200, 12.00000, 25.30576
1201, 12.01000, 23.18602
1202, 12.02000, 21.61839
1203, 12.03000, 19.64943
1204, 12.04000, 24.81676
1205, 12.05000, 14.77352
1206, 12.06000, 16.09441
1207, 12.07000, 19.79795
1208, 12.08000, 26.64225
1209, 12.09000, 24.76701
1210, 12.10000, 20.78268
1211, 12.11000, 24.79926
1212, 12.12000, 23.29004
1213, 12.13000, 27.00600
1214, 12.14000, 25.58266
1215, 12.15000, 28.05774
1216, 12.16000, 20.29727
1217, 12.17000, 23.51395
1218, 12.18000, 20.05702
1219, 12.19000, 20.12471
1220, 12.20000, 23.42419
1221, 12.21000, 25.51818
1222, 12.22000, 27.82597
1223, 12.23000, 24.28860
1224, 12.24000, 23.87743
1225, 12.25000, 26.79356
1226, 12.26000, 29.76036
1227, 12.27000, 24.10978
1228, 12.28000, 26.30047
1229, 12.29000, 28.10011
1230, 12.30000, 22.93372
1231, 12.31000, 22.46238
1232, 12.32000, 19.64692
1233, 12.33000, 27.59765
1234, 12.34000, 32.45178
1235, 12.35000, 29.90954
1236, 12.36000, 22.00334
1237, 12.37000, 32.38701
1238, 12.38000, 23.17032
1239, 12.39000, 21.54572
1240, 12.40000, 22.64287
1241, 12.41000, 27.02158
1242, 12.42000, 30.33962
1243, 12.43000, 20.73310
1244, 12.44000, 23.01036
1245, 12.45000, 22.57627
1246, 12.46000, 21.29935
1247, 12.47000, 21.28252
1248, 12.48000, 19.81686
1249, 12.49000, 18.68236
1250, 12.50000, 24.50544
1251, 12.51000, 25.45567
1252, 12.52000, 18.58710
1253, 12.53000, 22.55081
1254, 12.54000, 25.48426
1255, 12.55000, 28.22763
1256, 12.56000, 21.07964
1257, 12.57000, 21.76545
1258, 12.58000, 21.26951
1259, 12.59000, 19.03309
1260, 12.60000, 22.01994
1261, 12.61000, 21.21966
1262, 12.62000, 21.22671
1263, 12.63000, 20.32385
1264, 12.64000, 22.47586
1265, 12.65000, 21.77545
1266, 12.66000, 22.57673
1267, 12.67000, 29.24518
1268, 12.68000, 21.99878
1269, 12.69000, 22.13509
1270, 12.70000, 20.55155
1271, 12.71000, 26.14175
1272, 12.72000, 24.32114
1273, 12.73000, 22.42254
1274, 12.74000, 26.20836
1275, 12.75000, 24.69294
1276, 12.76000, 26.81793
1277, 12.77000, 26.54856
1278, 12.78000, 22.35932
1279, 12.79000, 21.53032
1280, 12.80000, 22.82083
1281, 12.81000, 20.22031
1282, 12.82000, 17.96012
1283, 12.83000, 16.74774
1284, 12.84000, 20.62751
1285, 12.85000, 24.18875
1286, 12.86000, 29.24923
1287, 12.87000, 25.48919
1288, 12.88000, 30.27566
1289, 12.89000, 16.85538
1290, 12.90000, 22.21717
1291, 12.91000, 21.25237
1292, 12.92000, 29.25646
1293, 12.93000, 26.93879
1294, 12.94000, 17.88830
1295, 12.95000, 20.56895
1296, 12.96000, 25.98397
1297, 12.97000, 26.82231
1298, 12.98000, 19.84266
1299, 12.99000, 22.08344
1300, 13.00000, 24.64477
1301, 13.01000, 29.27646
1302, 13.02000, 21.97488
1303, 13.03000, 26.84672
1304, 13.04000, 24.20016
1305, 13.05000, 27.71133
1306, 13.06000, 25.05088
1307, 13.07000, 23.39993
1308, 13.08000, 21.60767
1309, 13.09000, 24.15032
1310, 13.10000, 29.72422
1311, 13.11000, 27.57860
1312, 13.12000, 27.00191
1313, 13.13000, 27.76172
1314, 13.14000, 28.96437
1315, 13.15000, 23.86769
1316, 13.16000, 22.07208
1317, 13.17000, 25.27300
1318, 13.18000, 20.81914
1319, 13.19000, 23.18109
1320, 13.20000, 20.99878
1321, 13.21000, 20.07388
1322, 13.22000, 25.60093
1323, 13.23000, 25.59653
1324, 13.24000, 22.85895
1325, 13.25000, 27.14874
1326, 13.26000, 21.51515
1327, 13.27000, 18.12481
1328, 13.28000, 27.34860
1329, 13.29000, 25.21109
1330, 13.30000, 24.31472
1331, 13.31000, 18.54406
1332, 13.32000, 21.79956
1333, 13.33000, 28.31100
1334, 13.34000, 24.34507
1335, 13.35000, 20.95488
1336, 13.36000, 22.46916
1337, 13.37000, 22.54443
1338, 13.38000, 18.49684
1339, 13.39000, 16.02614
1340, 13.40000, 27.72557
1341, 13.41000, 20.42948
1342, 13.42000, 23.11818
1343, 13.43000, 22.86651
1344, 13.44000, 27.61552
1345, 13.45000, 22.19304
1346, 13.46000, 24.75848
1347, 13.47000, 24.27418
1348, 13.48000, 19.78409
1349, 13.49000, 15.75307
1350, 13.50000, 20.50655
1351, 13.51000, 27.30343
1352, 13.52000, 23.97022
1353, 13.53000, 25.96855
1354, 13.54000, 28.07795
1355, 13.55000, 21.12045
1356, 13.56000, 20.86052
1357, 13.57000, 22.28675
1358, 13.58000, 21.91400
1359, 13.59000, 16.53619
1360, 13.60000, 21.88143
1361, 13.61000, 18.32371
1362, 13.62000, 15.18779
1363, 13.63000, 19.66052
1364, 13.64000, 19.13856
1365, 13.65000, 20.15593
1366, 13.66000, 21.70337
1367, 13.67000, 19.69160
1368, 13.68000, 22.87161
1369, 13.69000, 15.85298
1370, 13.70000, 22.32066
1371, 13.71000, 25.50020
1372, 13.72000, 22.54959
1373, 13.73000, 18.91436
1374, 13.74000, 18.74417
1375, 13.75000, 20.16022
1376, 13.76000, 19.60187
1377, 13.77000, 18.45962
1378, 13.78000, 23.63094
1379, 13.79000, 27.05290
1380, 13.80000, 20.27274
1381, 13.81000, 25.82267
1382, 13.82000, 13.54353
1383, 13.83000, 24.70421
1384, 13.84000, 26.41615
1385, 13.85000, 24.75581
1386, 13.86000, 26.46664
1387, 13.87000, 27.13017
1388, 13.88000, 27.33519
1389, 13.89000, 24.75388
1390, 13.90000, 23.48613
1391, 13.91000, 19.37578
1392, 13.92000, 21.14341
1393, 13.93000, 22.40522
1394, 13.94000, 25.96498
1395, 13.95000, 27.30348
1396, 13.96000, 25.16973
1397, 13.97000, 27.22134
1398, 13.98000, 26.94110
1399, 13.99000, 29.87920
1400, 14.00000, 30.19509
1401, 14.01000, 24.14817
1402, 14.02000, 21.79516
1403, 14.03000, 20.42854
1404, 14.04000, 19.10006
1405, 14.05000, 28.80001
1406, 14.06000, 25.18779
1407, 14.07000, 25.84953
1408, 14.08000, 28.93111
1409, 14.09000, 23.14094
1410, 14.10000, 24.18784
1411, 14.11000, 26.45513
1412, 14.12000, 21.75206
1413, 14.13000, 19.53953
1414, 14.14000, 23.12242
1415, 14.15000, 24.12181
1416, 14.16000, 26.65709
1417, 14.17000, 25.08082
1418, 14.18000, 24.81233
1419, 14.19000, 19.18419
1420, 14.20000, 26.19639
1421, 14.21000, 25.88875
1422, 14.22000, 25.92730
1423, 14.23000, 21.52200
1424, 14.24000, 19.14712
1425, 14.25000, 21.17114
1426, 14.26000, 28.68169
1427, 14.27000, 26.08309
1428, 14.28000, 30.07019
1429, 14.29000, 25.19206
1430, 14.30000, 23.80965
1431, 14.31000, 22.48604
1432, 14.32000, 20.48865
1433, 14.33000, 22.96063
1434, 14.34000, 27.68372
1435, 14.35000, 23.28676
1436, 14.36000, 23.28693
1437, 14.37000, 29.98286
1438, 14.38000, 24.26599
1439, 14.39000, 30.33502
1440, 14.40000, 23.82957
1441, 14.41000, 21.01163
1442, 14.42000, 18.24248
1443, 14.43000, 20.38810
1444, 14.44000, 25.11152
1445, 14.45000, 20.27286
1446, 14.46000, 24.99059
1447, 14.47000, 19.88845
1448, 14.48000, 15.16504
1449, 14.49000, 17.34592
1450, 14.50000, 22.31424
1451, 14.51000, 22.29159
1452, 14.52000, 17.75741
1453, 14.53000, 18.74245
1454, 14.54000, 26.22298
1455, 14.55000, 22.21240
1456, 14.56000, 24.28306
1457, 14.57000, 20.63026
1458, 14.58000, 22.48758
1459, 14.59000, 29.07496
1460, 14.60000, 19.02892
1461, 14.61000, 23.21901
1462, 14.62000, 23.51475
1463, 14.63000, 26.39686
1464, 14.64000, 25.70155
1465, 14.65000, 23.21238
1466, 14.66000, 23.02050
1467, 14.67000, 25.20301
1468, 14.68000, 19.69823
1469, 14.69000, 21.35182
1470, 14.70000, 24.85950
1471, 14.71000, 27.60918
1472, 14.72000, 24.12719
1473, 14.73000, 19.67394
1474, 14.74000, 14.97480
1475, 14.75000, 18.97349
1476, 14.76000, 22.95310
1477, 14.77000, 16.01676
1478, 14.78000, 15.22316
1479, 14.79000, 19.99880
1480, 14.80000, 22.31946
1481, 14.81000, 25.81725
1482, 14.82000, 25.79803
1483, 14.83000, 22.38786
1484, 14.84000, 19.93092
1485, 14.85000, 18.83833
1486, 14.86000, 19.05957
1487, 14.87000, 18.06912
1488, 14.88000, 25.25824
1489, 14.89000, 20.44535
1490, 14.90000, 13.57738
1491, 14.91000, 16.32738
1492, 14.92000, 21.48690
1493, 14.93000, 19.79006
1494, 14.94000, 19.50524
1495, 14.95000, 21.69085
1496, 14.96000, 22.73553
1497, 14.97000, 20.82622
1498, 14.98000, 22.19761
1499, 14.99000, 16.97777
1500, 15.00000, 21.95161
1501, 15.01000, 18.59854
1502, 15.02000, 20.69554
1503, 15.03000, 19.48329
1504, 15.04000, 27.11422
1505, 15.05000, 26.58289
1506, 15.06000, 24.88481
1507, 15.07000, 25.86484
1508, 15.08000, 27.72211
1509, 15.09000, 18.25574
1510, 15.10000, 18.79161
1511, 15.11000, 25.27354
1512, 15.12000, 24.69175
1513, 15.13000, 20.25147
1514, 15.14000, 22.60419
1515, 15.15000, 21.15105
1516, 15.16000, 23.73520
1517, 15.17000, 24.18957
1518, 15.18000, 27.65047
1519, 15.19000, 21.45849
1520, 15.20000, 21.86918
1521, 15.21000, 16.33753
1522, 15.22000, 25.64860
1523, 15.23000, 27.23343
1524, 15.24000, 30.88941
1525, 15.25000, 29.63458
1526, 15.26000, 29.17217
1527, 15.27000, 22.05694
1528, 15.28000, 24.62061
1529, 15.29000, 15.16652
1530, 15.30000, 17.98788
1531, 15.31000, 25.71356
1532, 15.32000, 24.57088
1533, 15.33000, 23.37029
1534, 15.34000, 29.35114
1535, 15.35000, 27.66096
1536, 15.36000, 23.37617
1537, 15.37000, 23.69155
1538, 15.38000, 17.00057
1539, 15.39000, 18.40829
1540, 15.40000, 17.35977
1541, 15.41000, 17.95124
1542, 15.42000, 21.18867
1543, 15.43000, 21.99675
1544, 15.44000, 21.56176
1545, 15.45000, 18.41610
1546, 15.46000, 18.90296
1547, 15.47000, 22.30978
1548, 15.48000, 19.16116
1549, 15.49000, 24.43686
1550, 15.50000, 22.90907
1551, 15.51000, 24.06019
1552, 15.52000, 24.45310
1553, 15.53000, 17.25528
1554, 15.54000, 21.07917
1555, 15.55000, 24.88809
1556, 15.56000, 19.66107
1557, 15.57000, 18.71974
1558, 15.58000, 21.31529
1559, 15.59000, 21.41375
1560, 15.60000, 25.05246
1561, 15.61000, 20.48134
1562, 15.62000, 23.44616
1563, 15.63000, 18.93338
1564, 15.64000, 21.34987
1565, 15.65000, 25.91111
1566, 15.66000, 20.37544
1567, 15.67000, 19.56179
1568, 15.68000, 20.82180
1569, 15.69000, 21.46621
1570, 15.70000, 25.78672
1571, 15.71000, 23.93944
1572, 15.72000, 15.12100
1573, 15.73000, 22.84482
1574, 15.74000, 24.85151
1575, 15.75000, 28.86372
1576, 15.76000, 20.68523
1577, 15.77000, 29.86755
1578, 15.78000, 24.65533
1579, 15.79000, 20.30283
1580, 15.80000, 19.64538
1581, 15.81000, 23.19755
1582, 15.82000, 24.41530
1583, 15.83000, 24.12526
1584, 15.84000, 20.82830
1585, 15.85000, 18.16006
1586, 15.86000, 14.18675
1587, 15.87000, 17.49256
1588, 15.88000, 21.57328
1589, 15.89000, 22.97657
1590, 15.90000, 25.32301
1591, 15.91000, 21.37547
1592, 15.92000, 20.12412
1593, 15.93000, 19.37413
1594, 15.94000, 22.43069
1595, 15.95000, 24.95982
1596, 15.96000, 20.37775
1597, 15.97000, 18.43462
1598, 15.98000, 20.65513
1599, 15.99000, 27.48243
1600, 16.00000, 21.82333
1601, 16.01000, 15.85256
1602, 16.02000, 19.02003
1603, 16.03000, 18.12148
1604, 16.04000, 18.22642
1605, 16.05000, 20.89554
1606, 16.06000, 24.76319
1607, 16.07000, 25.84197
1608, 16.08000, 27.23419
1609, 16.09000, 23.15572
1610, 16.10000, 25.02226
1611, 16.11000, 20.18494
1612, 16.12000, 18.94082
1613, 16.13000, 30.69262
1614, 16.14000, 30.31770
1615, 16.15000, 27.80353
1616, 16.16000, 23.91316
1617, 16.17000, 27.55946
1618, 16.18000, 20.54548
1619, 16.19000, 22.60328
1620, 16.20000, 26.29085
1621, 16.21000, 28.88301
1622, 16.22000, 22.33191
1623, 16.23000, 20.38393
1624, 16.24000, 27.27538
1625, 16.25000, 22.34427
1626, 16.26000, 18.63491
1627, 16.27000, 19.93123
1628, 16.28000, 21.74015
1629, 16.29000, 24.81237
1630, 16.30000, 19.31973
1631, 16.31000, 18.47548
1632, 16.32000, 23.51840
1633, 16.33000, 22.02655
1634, 16.34000, 20.31907
1635, 16.35000, 24.56790
1636, 16.36000, 26.64187
1637, 16.37000, 24.18926
1638, 16.38000, 26.33580
1639, 16.39000, 26.89412
1640, 16.40000, 26.17376
1641, 16.41000, 25.13253
1642, 16.42000, 23.19695
1643, 16.43000, 17.53732
1644, 16.44000, 19.14559
1645, 16.45000, 24.11885
1646, 16.46000, 27.37388
1647, 16.47000, 20.10608
1648, 16.48000, 19.35266
1649, 16.49000, 17.34009
1650, 16.50000, 26.47981
1651, 16.51000, 22.94617
1652, 16.52000, 20.26973
1653, 16.53000, 24.65571
1654, 16.54000, 28.11295
1655, 16.55000, 22.16811
1656, 16.56000, 24.89730
1657, 16.57000, 22.55914
1658, 16.58000, 24.85954
1659, 16.59000, 26.33516
1660, 16.60000, 19.00801
1661, 16.61000, 17.36325
1662, 16.62000, 19.09885
1663, 16.63000, 26.03886
1664, 16.64000, 27.13557
1665, 16.65000, 29.29344
1666, 16.66000, 26.23921
1667, 16.67000, 20.33664
1668, 16.68000, 26.63563
1669, 16.69000, 26.88153
1670, 16.70000, 22.49065
1671, 16.71000, 24.25159
1672, 16.72000, 27.36891
1673, 16.73000, 20.96072
1674, 16.74000, 22.87193
1675, 16.75000, 22.04354
1676, 16.76000, 25.39652
1677, 16.77000, 18.59864
1678, 16.78000, 26.84866
1679, 16.79000, 27.23390
1680, 16.80000, 26.07363
1681, 16.81000, 22.30071
1682, 16.82000, 18.80323
1683, 16.83000, 19.38031
1684, 16.84000, 26.55032
1685, 16.85000, 30.33754
1686, 16.86000, 27.79053
1687, 16.87000, 25.40100
1688, 16.88000, 26.27807
1689, 16.89000, 24.50024
1690, 16.90000, 17.13394
1691, 16.91000, 14.56736
1692, 16.92000, 16.62860
1693, 16.93000, 23.48517
1694, 16.94000, 27.77213
1695, 16.95000, 24.73876
1696, 16.96000, 23.96106
1697, 16.97000, 20.25313
1698, 16.98000, 20.12720
1699, 16.99000, 15.37445
1700, 17.00000, 19.06544
1701, 17.01000, 19.60945
1702, 17.02000, 23.36944
1703, 17.03000, 20.44724
1704, 17.04000, 24.92862
1705, 17.05000, 21.90238
1706, 17.06000, 20.53381
1707, 17.07000, 19.25556
1708, 17.08000, 23.97602
1709, 17.09000, 22.17136
1710, 17.10000, 26.30850
1711, 17.11000, 23.42055
1712, 17.12000, 23.48058
1713, 17.13000, 24.70300
1714, 17.14000, 25.85813
1715, 17.15000, 21.18911
1716, 17.16000, 16.76177
1717, 17.17000, 21.21209
1718, 17.18000, 21.57599
1719, 17.19000, 26.24851
1720, 17.20000, 18.71707
1721, 17.21000, 23.60698
1722, 17.22000, 21.44491
1723, 17.23000, 26.04871
1724, 17.24000, 29.93886
1725, 17.25000, 29.28114
1726, 17.26000, 27.52665
1727, 17.27000, 27.62380
1728, 17.28000, 24.01242
1729, 17.29000, 20.59036
1730, 17.30000, 21.67627
1731, 17.31000, 20.77225
1732, 17.32000, 19.91574
1733, 17.33000, 17.94602
1734, 17.34000, 16.78608
1735, 17.35000, 18.45488
1736, 17.36000, 17.40681
1737, 17.37000, 20.08152
1738, 17.38000, 20.78528
1739, 17.39000, 19.79336
1740, 17.40000, 18.04044
1741, 17.41000, 23.96350
1742, 17.42000, 22.88449
1743, 17.43000, 20.48780
1744, 17.44000, 25.22407
1745, 17.45000, 29.77135
1746, 17.46000, 23.73794
1747, 17.47000, 24.03405
1748, 17.48000, 19.79082
1749, 17.49000, 27.90614
1750, 17.50000, 23.08804
1751, 17.51000, 24.43693
1752, 17.52000, 22.23023
1753, 17.53000, 18.48515
1754, 17.54000, 19.82877
1755, 17.55000, 27.11313
1756, 17.56000, 19.06062
1757, 17.57000, 22.40442
1758, 17.58000, 22.30646
1759, 17.59000, 20.95207
1760, 17.60000, 20.88199
1761, 17.61000, 21.56080
1762, 17.62000, 20.52565
1763, 17.63000, 22.95167
1764, 17.64000, 18.50393
1765, 17.65000, 17.41366
1766, 17.66000, 18.93772
1767, 17.67000, 21.34554
1768, 17.68000, 23.02240
1769, 17.69000, 20.25080
1770, 17.70000, 22.33209
1771, 17.71000, 21.11534
1772, 17.72000, 20.74047
1773, 17.73000, 24.26571
1774, 17.74000, 24.50879
1775, 17.75000, 22.40449
1776, 17.76000, 22.81123
1777, 17.77000, 24.19226
1778, 17.78000, 27.80399
1779, 17.79000, 22.46340
1780, 17.80000, 26.72547
1781, 17.81000, 17.04883
1782, 17.82000, 22.75529
1783, 17.83000, 23.80892
1784, 17.84000, 23.16353
1785, 17.85000, 16.35258
1786, 17.86000, 14.24252
1787, 17.87000, 15.87586
1788, 17.88000, 19.92189
1789, 17.89000, 24.87154
1790, 17.90000, 23.94571
1791, 17.91000, 21.02814
1792, 17.92000, 25.96297
1793, 17.93000, 19.88865
1794, 17.94000, 21.05393
1795, 17.95000, 24.81080
1796, 17.96000, 21.88330
1797, 17.97000, 19.57191
1798, 17.98000, 19.29769
1799, 17.99000, 23.28859
1800, 18.00000, 25.44220
1801, 18.01000, 17.40468
1802, 18.02000, 25.03967
1803, 18.03000, 26.44533
1804, 18.04000, 24.61242
1805, 18.05000, 21.18416
1806, 18.06000, 20.46245
1807, 18.07000, 22.49112
1808, 18.08000, 28.17560
1809, 18.09000, 22.87992
1810, 18.10000, 27.25236
1811, 18.11000, 24.18117
1812, 18.12000, 17.70266
1813, 18.13000, 20.80276
1814, 18.14000, 25.44585
1815, 18.15000, 26.72102
1816, 18.16000, 29.86999
1817, 18.17000, 21.34373
1818, 18.18000, 16.87551
1819, 18.19000, 24.15958
1820, 18.20000, 21.97293
1821, 18.21000, 22.76024
1822, 18.22000, 21.02745
1823, 18.23000, 28.81895
1824, 18.24000, 22.58033
1825, 18.25000, 20.14673
1826, 18.26000, 21.00396
1827, 18.27000, 16.88548
1828, 18.28000, 14.46574
1829, 18.29000, 17.12976
1830, 18.30000, 18.39370
1831, 18.31000, 18.76976
1832, 18.32000, 18.58963
1833, 18.33000, 16.66594
1834, 18.34000, 15.84025
1835, 18.35000, 16.82625
1836, 18.36000, 21.19058
1837, 18.37000, 23.08985
1838, 18.38000, 23.34397
1839, 18.39000, 21.62263
1840, 18.40000, 20.41821
1841, 18.41000, 25.10646
1842, 18.42000, 24.01259
1843, 18.43000, 26.39226
1844, 18.44000, 25.60572
1845, 18.45000, 25.06205
1846, 18.46000, 23.17355
1847, 18.47000, 17.23643
1848, 18.48000, 20.11711
1849, 18.49000, 18.32724
1850, 18.50000, 21.72280
1851, 18.51000, 22.57305
1852, 18.52000, 25.53294
1853, 18.53000, 25.98155
1854, 18.54000, 21.50800
1855, 18.55000, 22.11576
1856, 18.56000, 19.78823
1857, 18.57000, 15.68107
1858, 18.58000, 17.89186
1859, 18.59000, 20.60496
1860, 18.60000, 23.84276
1861, 18.61000, 24.49899
1862, 18.62000, 21.31805
1863, 18.63000, 17.73362
1864, 18.64000, 24.09278
1865, 18.65000, 21.16423
1866, 18.66000, 23.58473
1867, 18.67000, 19.15030
1868, 18.68000, 23.09606
1869, 18.69000, 27.34536
1870, 18.70000, 27.29007
1871, 18.71000, 22.54550
1872, 18.72000, 24.55872
1873, 18.73000, 17.75085
1874, 18.74000, 17.90221
1875, 18.75000, 23.60657
1876, 18.76000, 25.44301
1877, 18.77000, 17.43710
1878, 18.78000, 18.91725
1879, 18.79000, 20.37534
1880, 18.80000, 22.41211
1881, 18.81000, 23.71488
1882, 18.82000, 24.41391
1883, 18.83000, 14.40672
1884, 18.84000, 18.05353
1885, 18.85000, 19.25466
1886, 18.86000, 18.47977
1887, 18.87000, 26.32817
1888, 18.88000, 17.39823
1889, 18.89000, 19.91209
1890, 18.90000, 24.38516
1891, 18.91000, 21.97890
1892, 18.92000, 23.48305
1893, 18.93000, 19.78368
1894, 18.94000, 23.41933
1895, 18.95000, 24.02623
1896, 18.96000, 20.47641
1897, 18.97000, 22.64698
1898, 18.98000, 25.44278
1899, 18.99000, 23.51153
1900, 19.00000, 24.25093
1901, 19.01000, 21.43551
1902, 19.02000, 26.10038
1903, 19.03000, 26.36397
1904, 19.04000, 25.09484
1905, 19.05000, 23.33682
1906, 19.06000, 20.85257
1907, 19.07000, 19.67000
1908, 19.08000, 19.20255
1909, 19.09000, 22.75890
1910, 19.10000, 21.04341
1911, 19.11000, 22.74096
1912, 19.12000, 19.12004
1913, 19.13000, 20.82968
1914, 19.14000, 24.57150
1915, 19.15000, 21.15404
1916, 19.16000, 24.43529
1917, 19.17000, 26.97047
1918, 19.18000, 24.25490
1919, 19.19000, 24.14859
1920, 19.20000, 25.05005
1921, 19.21000, 29.09668
1922, 19.22000, 26.30947
1923, 19.23000, 21.32384
1924, 19.24000, 19.91770
1925, 19.25000, 18.11261
1926, 19.26000, 22.26671
1927, 19.27000, 22.07344
1928, 19.28000, 21.15054
1929, 19.29000, 20.89992
1930, 19.30000, 24.05353
1931, 19.31000, 19.94008
1932, 19.32000, 23.08112
1933, 19.33000, 23.97172
1934, 19.34000, 21.77509
1935, 19.35000, 20.00845
1936, 19.36000, 18.41976
1937, 19.37000, 23.07116
1938, 19.38000, 24.61676
1939, 19.39000, 25.33415
1940, 19.40000, 25.57377
1941, 19.41000, 29.47218
1942, 19.42000, 25.84148
1943, 19.43000, 22.37461
1944, 19.44000, 20.67981
1945, 19.45000, 18.40886
1946, 19.46000, 19.44028
1947, 19.47000, 21.58540
1948, 19.48000, 22.43973
1949, 19.49000, 16.90624
1950, 19.50000, 17.67891
1951, 19.51000, 21.03763
1952, 19.52000, 21.96112
1953, 19.53000, 24.68729
1954, 19.54000, 18.23836
1955, 19.55000, 23.80300
1956, 19.56000, 17.07062
1957, 19.57000, 22.06230
1958, 19.58000, 18.00552
1959, 19.59000, 16.40272
1960, 19.60000, 18.13684
1961, 19.61000, 19.40827
1962, 19.62000, 18.00626
1963, 19.63000, 17.96490
1964, 19.64000, 19.49190
1965, 19.65000, 21.51950
1966, 19.66000, 25.10053
1967, 19.67000, 30.26280
1968, 19.68000, 25.64195
1969, 19.69000, 20.51167
1970, 19.70000, 17.95261
1971, 19.71000, 23.03566
1972, 19.72000, 23.37462
1973, 19.73000, 20.78298
1974, 19.74000, 15.25518
1975, 19.75000, 23.10354
1976, 19.76000, 20.58690
1977, 19.77000, 19.50613
1978, 19.78000, 21.24903
1979, 19.79000, 23.57530
1980, 19.80000, 27.93367
1981, 19.81000, 19.20883
1982, 19.82000, 21.82251
1983, 19.83000, 21.27402
1984, 19.84000, 17.93023
1985, 19.85000, 20.40584
1986, 19.86000, 16.21895
1987, 19.87000, 16.45608
1988, 19.88000, 14.97933
1989, 19.89000, 15.49690
1990, 19.90000, 21.55095
1991, 19.91000, 30.83226
1992, 19.92000, 24.82729
1993, 19.93000, 18.70698
1994, 19.94000, 21.38225
1995, 19.95000, 22.13563
1996, 19.96000, 21.96233
1997, 19.97000, 23.85771
1998, 19.98000, 24.76779
1999, 19.99000, 25.97115
2000, 20.00000, 21.19024
2001, 20.01000, 18.75469
