nt, t, solve_time
1, 0.01000, 67.10253
2, 0.02000, 72.09424
3, 0.03000, 48.65464
4, 0.04000, 29.09908
5, 0.05000, 49.44337
6, 0.06000, 28.34553
7, 0.07000, 25.34112
8, 0.08000, 37.00517
9, 0.09000, 31.47952
10, 0.10000, 26.69526
11, 0.11000, 22.19992
12, 0.12000, 29.40665
13, 0.13000, 32.31438
14, 0.14000, 37.26573
15, 0.15000, 38.90407
16, 0.16000, 53.25455
17, 0.17000, 37.88459
18, 0.18000, 25.15364
19, 0.19000, 36.29663
20, 0.20000, 47.36037
21, 0.21000, 39.62565
22, 0.22000, 36.39200
23, 0.23000, 27.86797
24, 0.24000, 28.74194
25, 0.25000, 34.16899
26, 0.26000, 9.22052
27, 0.27000, 17.29504
28, 0.28000, 20.10998
29, 0.29000, 16.51614
30, 0.30000, 36.25584
31, 0.31000, 34.36889
32, 0.32000, 18.41599
33, 0.33000, 40.11316
34, 0.34000, 30.41075
35, 0.35000, 23.48255
36, 0.36000, 27.11826
37, 0.37000, 19.99619
38, 0.38000, 30.46616
39, 0.39000, 21.25388
40, 0.40000, 18.41155
41, 0.41000, 27.40144
42, 0.42000, 22.86791
43, 0.43000, 16.15026
44, 0.44000, 18.08490
45, 0.45000, 24.10984
46, 0.46000, 29.61957
47, 0.47000, 26.13000
48, 0.48000, 28.49766
49, 0.49000, 25.45528
50, 0.50000, 13.04342
51, 0.51000, 20.38270
52, 0.52000, 24.62924
53, 0.53000, 33.15254
54, 0.54000, 32.25131
55, 0.55000, 27.16531
56, 0.56000, 24.73952
57, 0.57000, 31.56891
58, 0.58000, 20.03943
59, 0.59000, 14.47006
60, 0.60000, 25.19700
61, 0.61000, 31.93978
62, 0.62000, 28.75330
63, 0.63000, 19.07639
64, 0.64000, 16.52665
65, 0.65000, 17.65249
66, 0.66000, 12.81189
67, 0.67000, 22.72969
68, 0.68000, 16.32927
69, 0.69000, 16.47494
70, 0.70000, 14.18113
71, 0.71000, 21.40787
72, 0.72000, 14.65024
73, 0.73000, 13.20379
74, 0.74000, 14.05041
75, 0.75000, 17.69306
76, 0.76000, 14.18716
77, 0.77000, 18.99749
78, 0.78000, 13.46400
79, 0.79000, 14.13540
80, 0.80000, 13.21132
81, 0.81000, 13.09217
82, 0.82000, 15.70405
83, 0.83000, 17.08062
84, 0.84000, 14.31415
85, 0.85000, 17.63651
86, 0.86000, 14.09327
87, 0.87000, 17.52561
88, 0.88000, 19.31242
89, 0.89000, 18.88511
90, 0.90000, 14.95539
91, 0.91000, 14.72149
92, 0.92000, 13.71176
93, 0.93000, 18.89270
94, 0.94000, 19.55360
95, 0.95000, 19.56816
96, 0.96000, 18.13400
97, 0.97000, 13.71556
98, 0.98000, 20.14184
99, 0.99000, 19.45337
100, 1.00000, 29.20045
101, 1.01000, 14.15508
102, 1.02000, 19.99004
103, 1.03000, 17.13705
104, 1.04000, 12.50752
105, 1.05000, 16.40086
106, 1.06000, 16.87362
107, 1.07000, 26.37650
108, 1.08000, 21.56061
109, 1.09000, 16.88886
110, 1.10000, 12.07106
111, 1.11000, 14.66588
112, 1.12000, 8.11206
113, 1.13000, 18.66735
114, 1.14000, 9.46149
115, 1.15000, 19.42945
116, 1.16000, 15.75123
117, 1.17000, 17.03541
118, 1.18000, 18.00045
119, 1.19000, 20.75497
120, 1.20000, 24.77743
121, 1.21000, 14.75614
122, 1.22000, 16.70983
123, 1.23000, 11.11717
124, 1.24000, 17.64246
125, 1.25000, 13.97816
126, 1.26000, 8.08919
127, 1.27000, 14.65291
128, 1.28000, 24.34673
129, 1.29000, 15.32083
130, 1.30000, 25.66618
131, 1.31000, 19.47249
132, 1.32000, 24.89528
133, 1.33000, 23.10424
134, 1.34000, 14.79525
135, 1.35000, 18.75365
136, 1.36000, 17.42385
137, 1.37000, 15.05487
138, 1.38000, 15.18598
139, 1.39000, 17.47033
140, 1.40000, 21.87806
141, 1.41000, 20.50964
142, 1.42000, 19.73772
143, 1.43000, 19.49276
144, 1.44000, 18.13165
145, 1.45000, 16.07888
146, 1.46000, 16.15947
147, 1.47000, 19.63844
148, 1.48000, 11.75370
149, 1.49000, 15.99290
150, 1.50000, 14.93535
151, 1.51000, 9.44795
152, 1.52000, 11.32819
153, 1.53000, 19.27477
154, 1.54000, 22.71763
155, 1.55000, 25.95300
156, 1.56000, 12.04148
157, 1.57000, 18.73482
158, 1.58000, 10.37519
159, 1.59000, 14.65161
160, 1.60000, 25.06096
161, 1.61000, 18.08228
162, 1.62000, 15.84659
163, 1.63000, 19.52238
164, 1.64000, 20.06544
165, 1.65000, 23.56283
166, 1.66000, 19.15768
167, 1.67000, 19.32601
168, 1.68000, 13.25942
169, 1.69000, 21.29387
170, 1.70000, 17.88827
171, 1.71000, 22.31660
172, 1.72000, 13.76431
173, 1.73000, 22.05215
174, 1.74000, 17.38550
175, 1.75000, 22.60994
176, 1.76000, 13.99909
177, 1.77000, 19.82541
178, 1.78000, 12.50610
179, 1.79000, 17.90014
180, 1.80000, 18.75854
181, 1.81000, 18.33482
182, 1.82000, 22.48190
183, 1.83000, 18.52930
184, 1.84000, 16.35943
185, 1.85000, 20.73867
186, 1.86000, 16.60890
187, 1.87000, 13.82456
188, 1.88000, 21.53508
189, 1.89000, 14.97150
190, 1.90000, 17.89942
191, 1.91000, 14.09096
192, 1.92000, 20.98315
193, 1.93000, 22.21819
194, 1.94000, 17.99367
195, 1.95000, 23.31178
196, 1.96000, 26.22447
197, 1.97000, 23.55913
198, 1.98000, 18.68364
199, 1.99000, 18.87991
200, 2.00000, 11.03890
201, 2.01000, 14.03884
202, 2.02000, 22.69813
203, 2.03000, 16.50382
204, 2.04000, 18.53660
205, 2.05000, 19.32616
206, 2.06000, 18.75206
207, 2.07000, 13.94200
208, 2.08000, 18.27812
209, 2.09000, 22.52199
210, 2.10000, 20.77124
211, 2.11000, 21.56863
212, 2.12000, 15.78695
213, 2.13000, 23.06078
214, 2.14000, 27.93081
215, 2.15000, 24.62669
216, 2.16000, 26.26842
217, 2.17000, 22.83757
218, 2.18000, 37.30850
219, 2.19000, 33.34615
220, 2.20000, 34.99417
221, 2.21000, 23.28826
222, 2.22000, 24.23311
223, 2.23000, 24.26099
224, 2.24000, 27.43582
225, 2.25000, 24.53966
226, 2.26000, 26.02301
227, 2.27000, 28.70509
228, 2.28000, 24.43239
229, 2.29000, 22.54778
230, 2.30000, 21.57021
231, 2.31000, 19.81159
232, 2.32000, 18.78919
233, 2.33000, 13.22448
234, 2.34000, 17.35244
235, 2.35000, 26.33777
236, 2.36000, 25.33893
237, 2.37000, 20.70202
238, 2.38000, 17.17907
239, 2.39000, 18.42471
240, 2.40000, 19.35953
241, 2.41000, 25.70641
242, 2.42000, 20.69667
243, 2.43000, 25.98420
244, 2.44000, 30.10305
245, 2.45000, 22.28751
246, 2.46000, 23.72443
247, 2.47000, 27.89937
248, 2.48000, 32.87801
249, 2.49000, 26.30708
250, 2.50000, 21.76212
251, 2.51000, 23.00042
252, 2.52000, 23.45748
253, 2.53000, 20.23138
254, 2.54000, 18.85169
255, 2.55000, 20.18256
256, 2.56000, 22.98347
257, 2.57000, 25.23302
258, 2.58000, 23.10502
259, 2.59000, 26.72123
260, 2.60000, 26.93696
261, 2.61000, 27.09644
262, 2.62000, 17.95474
263, 2.63000, 21.80812
264, 2.64000, 20.18855
265, 2.65000, 13.36895
266, 2.66000, 19.73004
267, 2.67000, 18.27904
268, 2.68000, 26.48741
269, 2.69000, 18.64925
270, 2.70000, 24.82552
271, 2.71000, 26.10663
272, 2.72000, 23.65309
273, 2.73000, 22.89422
274, 2.74000, 27.35200
275, 2.75000, 26.33816
276, 2.76000, 23.60906
277, 2.77000, 22.50404
278, 2.78000, 22.76613
279, 2.79000, 20.98184
280, 2.80000, 28.66070
281, 2.81000, 35.00422
282, 2.82000, 25.36255
283, 2.83000, 21.91705
284, 2.84000, 23.29658
285, 2.85000, 26.32956
286, 2.86000, 24.57939
287, 2.87000, 22.62305
288, 2.88000, 17.85843
289, 2.89000, 22.10799
290, 2.90000, 21.11022
291, 2.91000, 26.16643
292, 2.92000, 24.76113
293, 2.93000, 28.77892
294, 2.94000, 30.46100
295, 2.95000, 31.96952
296, 2.96000, 26.46411
297, 2.97000, 20.86559
298, 2.98000, 18.40302
299, 2.99000, 11.65287
300, 3.00000, 20.85209
301, 3.01000, 25.78004
302, 3.02000, 20.39367
303, 3.03000, 20.95311
304, 3.04000, 18.38527
305, 3.05000, 18.34869
306, 3.06000, 23.91556
307, 3.07000, 23.35270
308, 3.08000, 19.98646
309, 3.09000, 18.77834
310, 3.10000, 19.17873
311, 3.11000, 19.77532
312, 3.12000, 16.13819
313, 3.13000, 11.13503
314, 3.14000, 19.54365
315, 3.15000, 27.84632
316, 3.16000, 28.30096
317, 3.17000, 21.38567
318, 3.18000, 22.16731
319, 3.19000, 16.55242
320, 3.20000, 27.21815
321, 3.21000, 20.46650
322, 3.22000, 23.14637
323, 3.23000, 20.97238
324, 3.24000, 17.37020
325, 3.25000, 21.42134
326, 3.26000, 20.38216
327, 3.27000, 15.32768
328, 3.28000, 17.82165
329, 3.29000, 17.52668
330, 3.30000, 16.59509
331, 3.31000, 20.00024
332, 3.32000, 24.63349
333, 3.33000, 14.57015
334, 3.34000, 15.71880
335, 3.35000, 18.87046
336, 3.36000, 19.09699
337, 3.37000, 22.96875
338, 3.38000, 18.12289
339, 3.39000, 17.50649
340, 3.40000, 15.21201
341, 3.41000, 17.13199
342, 3.42000, 16.22428
343, 3.43000, 19.27533
344, 3.44000, 24.61682
345, 3.45000, 23.30484
346, 3.46000, 17.04262
347, 3.47000, 20.33040
348, 3.48000, 23.20145
349, 3.49000, 21.63821
350, 3.50000, 23.00734
351, 3.51000, 21.39956
352, 3.52000, 19.50295
353, 3.53000, 21.47946
354, 3.54000, 18.43707
355, 3.55000, 19.05476
356, 3.56000, 16.34547
357, 3.57000, 17.82918
358, 3.58000, 14.42165
359, 3.59000, 13.82411
360, 3.60000, 12.93243
361, 3.61000, 15.57459
362, 3.62000, 18.90312
363, 3.63000, 17.85130
364, 3.64000, 18.82972
365, 3.65000, 18.24391
366, 3.66000, 18.42818
367, 3.67000, 19.64391
368, 3.68000, 19.45764
369, 3.69000, 24.41855
370, 3.70000, 17.26226
371, 3.71000, 16.18909
372, 3.72000, 18.39012
373, 3.73000, 17.85122
374, 3.74000, 15.57384
375, 3.75000, 11.01709
376, 3.76000, 13.56935
377, 3.77000, 14.65407
378, 3.78000, 19.17557
379, 3.79000, 17.62692
380, 3.80000, 17.30884
381, 3.81000, 13.43828
382, 3.82000, 16.61286
383, 3.83000, 16.02642
384, 3.84000, 20.29411
385, 3.85000, 21.30568
386, 3.86000, 21.48177
387, 3.87000, 20.25512
388, 3.88000, 15.40171
389, 3.89000, 17.02856
390, 3.90000, 12.46614
391, 3.91000, 18.35279
392, 3.92000, 20.26074
393, 3.93000, 19.92779
394, 3.94000, 19.70524
395, 3.95000, 22.17361
396, 3.96000, 20.57654
397, 3.97000, 19.27581
398, 3.98000, 15.97635
399, 3.99000, 16.32258
400, 4.00000, 20.99656
401, 4.01000, 16.94014
402, 4.02000, 15.35405
403, 4.03000, 19.82518
404, 4.04000, 24.32080
405, 4.05000, 16.17995
406, 4.06000, 14.68948
407, 4.07000, 21.12709
408, 4.08000, 20.30070
409, 4.09000, 25.94869
410, 4.10000, 21.94143
411, 4.11000, 21.33020
412, 4.12000, 19.30256
413, 4.13000, 20.26970
414, 4.14000, 24.16701
415, 4.15000, 20.30845
416, 4.16000, 17.92463
417, 4.17000, 20.97119
418, 4.18000, 20.72728
419, 4.19000, 19.22922
420, 4.20000, 24.06627
421, 4.21000, 22.44416
422, 4.22000, 24.84772
423, 4.23000, 25.01573
424, 4.24000, 19.82287
425, 4.25000, 18.89932
426, 4.26000, 21.77958
427, 4.27000, 21.15903
428, 4.28000, 16.72381
429, 4.29000, 14.66629
430, 4.30000, 18.82064
431, 4.31000, 18.25115
432, 4.32000, 18.26363
433, 4.33000, 21.02976
434, 4.34000, 15.53714
435, 4.35000, 17.87458
436, 4.36000, 16.93640
437, 4.37000, 13.14696
438, 4.38000, 18.51456
439, 4.39000, 13.99659
440, 4.40000, 17.49049
441, 4.41000, 21.63926
442, 4.42000, 24.74644
443, 4.43000, 21.20741
444, 4.44000, 28.60707
445, 4.45000, 20.92702
446, 4.46000, 18.11879
447, 4.47000, 15.06450
448, 4.48000, 15.66861
449, 4.49000, 17.49837
450, 4.50000, 16.56537
451, 4.51000, 17.92730
452, 4.52000, 22.10015
453, 4.53000, 17.34624
454, 4.54000, 19.78971
455, 4.55000, 18.24919
456, 4.56000, 14.63190
457, 4.57000, 16.99963
458, 4.58000, 16.07438
459, 4.59000, 16.41700
460, 4.60000, 17.57507
461, 4.61000, 15.08781
462, 4.62000, 15.74628
463, 4.63000, 17.99628
464, 4.64000, 16.91812
465, 4.65000, 18.44015
466, 4.66000, 16.62737
467, 4.67000, 17.61241
468, 4.68000, 15.82354
469, 4.69000, 15.86972
470, 4.70000, 18.01963
471, 4.71000, 15.39203
472, 4.72000, 22.23458
473, 4.73000, 19.30819
474, 4.74000, 17.32110
475, 4.75000, 16.10277
476, 4.76000, 12.10210
477, 4.77000, 15.72504
478, 4.78000, 19.11214
479, 4.79000, 18.63893
480, 4.80000, 22.84145
481, 4.81000, 19.26315
482, 4.82000, 16.32402
483, 4.83000, 16.05315
484, 4.84000, 17.39898
485, 4.85000, 18.14652
486, 4.86000, 18.38636
487, 4.87000, 22.30454
488, 4.88000, 18.29876
489, 4.89000, 16.81704
490, 4.90000, 20.64857
491, 4.91000, 12.71845
492, 4.92000, 16.70849
493, 4.93000, 12.66777
494, 4.94000, 32.50311
495, 4.95000, 27.37195
496, 4.96000, 26.43783
497, 4.97000, 31.06325
498, 4.98000, 13.22158
499, 4.99000, 14.28938
500, 5.00000, 11.57843
501, 5.01000, 14.72030
502, 5.02000, 15.55325
503, 5.03000, 21.59354
504, 5.04000, 23.87554
505, 5.05000, 27.73513
506, 5.06000, 26.54547
507, 5.07000, 24.25231
508, 5.08000, 17.26194
509, 5.09000, 18.49918
510, 5.10000, 14.14017
511, 5.11000, 20.15676
512, 5.12000, 18.08529
513, 5.13000, 14.92016
514, 5.14000, 13.68967
515, 5.15000, 13.65623
516, 5.16000, 14.55253
517, 5.17000, 18.74341
518, 5.18000, 19.10605
519, 5.19000, 18.14023
520, 5.20000, 20.70876
521, 5.21000, 20.06550
522, 5.22000, 30.13761
523, 5.23000, 23.44043
524, 5.24000, 21.28712
525, 5.25000, 20.55499
526, 5.26000, 26.99380
527, 5.27000, 28.96266
528, 5.28000, 18.39188
529, 5.29000, 20.83265
530, 5.30000, 15.80139
531, 5.31000, 27.04662
532, 5.32000, 30.94356
533, 5.33000, 21.38718
534, 5.34000, 27.36841
535, 5.35000, 25.83894
536, 5.36000, 31.29260
537, 5.37000, 27.98497
538, 5.38000, 29.25686
539, 5.39000, 22.86608
540, 5.40000, 12.13577
541, 5.41000, 29.89297
542, 5.42000, 28.67145
543, 5.43000, 16.92930
544, 5.44000, 16.44860
545, 5.45000, 17.47596
546, 5.46000, 16.72948
547, 5.47000, 20.92989
548, 5.48000, 17.88504
549, 5.49000, 16.75747
550, 5.50000, 16.95699
551, 5.51000, 20.05998
552, 5.52000, 18.33535
553, 5.53000, 15.11995
554, 5.54000, 13.94095
555, 5.55000, 18.36557
556, 5.56000, 18.92644
557, 5.57000, 15.17168
558, 5.58000, 23.15099
559, 5.59000, 27.50675
560, 5.60000, 19.03546
561, 5.61000, 24.13019
562, 5.62000, 21.57048
563, 5.63000, 19.34380
564, 5.64000, 21.75230
565, 5.65000, 20.31038
566, 5.66000, 22.63727
567, 5.67000, 20.24925
568, 5.68000, 19.19506
569, 5.69000, 18.58395
570, 5.70000, 18.30946
571, 5.71000, 18.72957
572, 5.72000, 19.65328
573, 5.73000, 21.67451
574, 5.74000, 21.80086
575, 5.75000, 17.89104
576, 5.76000, 23.38158
577, 5.77000, 27.38173
578, 5.78000, 30.03018
579, 5.79000, 22.71703
580, 5.80000, 20.06892
581, 5.81000, 15.13393
582, 5.82000, 17.76349
583, 5.83000, 20.67596
584, 5.84000, 22.17109
585, 5.85000, 22.42181
586, 5.86000, 20.13824
587, 5.87000, 16.10740
588, 5.88000, 13.33904
589, 5.89000, 20.26020
590, 5.90000, 22.83641
591, 5.91000, 16.93936
592, 5.92000, 13.71961
593, 5.93000, 16.26731
594, 5.94000, 20.88846
595, 5.95000, 18.58352
596, 5.96000, 20.28765
597, 5.97000, 15.44640
598, 5.98000, 15.98909
599, 5.99000, 19.20523
600, 6.00000, 18.09566
601, 6.01000, 17.32090
602, 6.02000, 19.32410
603, 6.03000, 19.27469
604, 6.04000, 21.87816
605, 6.05000, 15.92474
606, 6.06000, 17.18764
607, 6.07000, 21.17771
608, 6.08000, 18.12069
609, 6.09000, 19.06375
610, 6.10000, 17.79992
611, 6.11000, 16.95983
612, 6.12000, 22.89884
613, 6.13000, 26.86909
614, 6.14000, 23.07460
615, 6.15000, 17.90471
616, 6.16000, 17.57946
617, 6.17000, 16.27371
618, 6.18000, 21.76885
619, 6.19000, 23.09730
620, 6.20000, 19.04258
621, 6.21000, 18.06875
622, 6.22000, 14.22995
623, 6.23000, 14.15340
624, 6.24000, 16.59444
625, 6.25000, 19.70536
626, 6.26000, 17.70598
627, 6.27000, 11.96824
628, 6.28000, 15.40816
629, 6.29000, 19.33166
630, 6.30000, 22.69912
631, 6.31000, 28.68769
632, 6.32000, 27.97333
633, 6.33000, 22.67168
634, 6.34000, 19.15052
635, 6.35000, 16.80872
636, 6.36000, 14.73857
637, 6.37000, 19.31020
638, 6.38000, 15.56641
639, 6.39000, 19.01914
640, 6.40000, 21.49387
641, 6.41000, 16.52121
642, 6.42000, 19.22444
643, 6.43000, 19.79417
644, 6.44000, 18.10823
645, 6.45000, 20.64746
646, 6.46000, 24.36918
647, 6.47000, 28.57549
648, 6.48000, 25.12788
649, 6.49000, 30.10202
650, 6.50000, 19.60649
651, 6.51000, 11.96779
652, 6.52000, 13.31190
653, 6.53000, 20.13900
654, 6.54000, 21.84274
655, 6.55000, 16.53767
656, 6.56000, 16.88650
657, 6.57000, 16.79701
658, 6.58000, 20.28488
659, 6.59000, 22.25635
660, 6.60000, 17.81490
661, 6.61000, 17.89243
662, 6.62000, 18.47714
663, 6.63000, 17.61077
664, 6.64000, 15.91265
665, 6.65000, 18.21069
666, 6.66000, 18.57628
667, 6.67000, 22.14169
668, 6.68000, 21.09727
669, 6.69000, 13.11003
670, 6.70000, 21.25483
671, 6.71000, 22.52183
672, 6.72000, 21.17661
673, 6.73000, 22.63536
674, 6.74000, 20.43577
675, 6.75000, 22.92999
676, 6.76000, 18.24212
677, 6.77000, 15.22438
678, 6.78000, 19.53198
679, 6.79000, 19.46982
680, 6.80000, 21.09534
681, 6.81000, 21.28432
682, 6.82000, 30.52287
683, 6.83000, 27.26515
684, 6.84000, 27.75941
685, 6.85000, 22.76457
686, 6.86000, 24.76884
687, 6.87000, 20.84651
688, 6.88000, 18.19830
689, 6.89000, 23.26539
690, 6.90000, 17.08702
691, 6.91000, 19.63832
692, 6.92000, 17.21542
693, 6.93000, 14.71790
694, 6.94000, 14.43570
695, 6.95000, 19.02816
696, 6.96000, 24.46081
697, 6.97000, 19.74172
698, 6.98000, 17.64648
699, 6.99000, 18.22844
700, 7.00000, 22.94769
701, 7.01000, 24.07914
702, 7.02000, 22.79233
703, 7.03000, 26.59529
704, 7.04000, 25.28072
705, 7.05000, 19.96437
706, 7.06000, 25.98628
707, 7.07000, 23.92240
708, 7.08000, 23.28552
709, 7.09000, 20.79464
710, 7.10000, 20.99425
711, 7.11000, 15.83303
712, 7.12000, 20.04783
713, 7.13000, 25.61136
714, 7.14000, 21.65541
715, 7.15000, 16.90381
716, 7.16000, 16.95436
717, 7.17000, 18.80839
718, 7.18000, 25.46297
719, 7.19000, 24.34374
720, 7.20000, 24.31929
721, 7.21000, 26.95153
722, 7.22000, 22.33382
723, 7.23000, 13.49057
724, 7.24000, 14.29320
725, 7.25000, 13.03482
726, 7.26000, 15.12300
727, 7.27000, 19.24605
728, 7.28000, 17.53349
729, 7.29000, 16.13425
730, 7.30000, 14.10486
731, 7.31000, 11.68573
732, 7.32000, 18.33852
733, 7.33000, 24.92801
734, 7.34000, 23.18385
735, 7.35000, 21.85252
736, 7.36000, 30.09315
737, 7.37000, 25.79078
738, 7.38000, 24.75453
739, 7.39000, 21.05692
740, 7.40000, 18.05647
741, 7.41000, 14.01423
742, 7.42000, 15.24654
743, 7.43000, 16.89013
744, 7.44000, 16.14261
745, 7.45000, 15.37395
746, 7.46000, 19.52519
747, 7.47000, 15.46659
748, 7.48000, 17.53633
749, 7.49000, 16.16511
750, 7.50000, 15.65804
751, 7.51000, 16.74529
752, 7.52000, 15.60188
753, 7.53000, 28.77566
754, 7.54000, 28.45647
755, 7.55000, 22.85704
756, 7.56000, 19.76376
757, 7.57000, 17.19466
758, 7.58000, 17.72473
759, 7.59000, 16.04578
760, 7.60000, 14.52286
761, 7.61000, 12.75199
762, 7.62000, 14.42202
763, 7.63000, 13.01820
764, 7.64000, 20.54783
765, 7.65000, 20.34366
766, 7.66000, 21.99278
767, 7.67000, 22.33467
768, 7.68000, 15.36357
769, 7.69000, 15.01675
770, 7.70000, 14.17066
771, 7.71000, 18.73054
772, 7.72000, 21.32352
773, 7.73000, 29.05067
774, 7.74000, 23.56028
775, 7.75000, 21.97399
776, 7.76000, 17.45991
777, 7.77000, 16.79519
778, 7.78000, 14.64662
779, 7.79000, 18.15803
780, 7.80000, 16.02105
781, 7.81000, 18.96204
782, 7.82000, 20.71202
783, 7.83000, 25.19762
784, 7.84000, 23.40184
785, 7.85000, 16.13604
786, 7.86000, 16.29668
787, 7.87000, 17.40335
788, 7.88000, 18.97716
789, 7.89000, 25.39517
790, 7.90000, 23.36722
791, 7.91000, 28.04450
792, 7.92000, 21.36495
793, 7.93000, 24.06645
794, 7.94000, 22.91180
795, 7.95000, 26.99672
796, 7.96000, 19.56758
797, 7.97000, 19.78688
798, 7.98000, 12.59688
799, 7.99000, 20.94168
800, 8.00000, 19.82243
801, 8.01000, 18.42072
802, 8.02000, 13.63225
803, 8.03000, 11.94872
804, 8.04000, 13.56970
805, 8.05000, 16.85071
806, 8.06000, 16.96381
807, 8.07000, 17.85382
808, 8.08000, 25.57597
809, 8.09000, 28.91948
810, 8.10000, 24.12183
811, 8.11000, 18.57744
812, 8.12000, 12.05603
813, 8.13000, 15.27645
814, 8.14000, 13.20017
815, 8.15000, 18.21018
816, 8.16000, 24.28045
817, 8.17000, 18.90351
818, 8.18000, 17.16378
819, 8.19000, 19.86642
820, 8.20000, 21.40148
821, 8.21000, 26.50493
822, 8.22000, 22.44305
823, 8.23000, 19.26483
824, 8.24000, 23.81227
825, 8.25000, 27.73554
826, 8.26000, 24.94601
827, 8.27000, 22.91815
828, 8.28000, 26.03562
829, 8.29000, 27.49457
830, 8.30000, 26.44311
831, 8.31000, 20.51432
832, 8.32000, 22.55043
833, 8.33000, 23.14599
834, 8.34000, 15.49189
835, 8.35000, 19.78008
836, 8.36000, 22.16413
837, 8.37000, 19.20680
838, 8.38000, 17.87269
839, 8.39000, 17.01287
840, 8.40000, 13.76462
841, 8.41000, 15.73383
842, 8.42000, 15.28334
843, 8.43000, 26.89924
844, 8.44000, 24.74935
845, 8.45000, 25.17487
846, 8.46000, 25.82202
847, 8.47000, 24.36572
848, 8.48000, 14.95295
849, 8.49000, 17.43165
850, 8.50000, 20.43654
851, 8.51000, 15.58624
852, 8.52000, 17.50590
853, 8.53000, 21.10406
854, 8.54000, 23.94383
855, 8.55000, 14.48473
856, 8.56000, 16.52087
857, 8.57000, 15.34448
858, 8.58000, 15.91548
859, 8.59000, 14.47669
860, 8.60000, 13.37915
861, 8.61000, 19.84088
862, 8.62000, 23.36416
863, 8.63000, 22.77770
864, 8.64000, 29.50018
865, 8.65000, 29.20004
866, 8.66000, 18.89036
867, 8.67000, 20.39391
868, 8.68000, 18.79043
869, 8.69000, 19.80742
870, 8.70000, 23.52950
871, 8.71000, 19.55958
872, 8.72000, 23.60540
873, 8.73000, 24.61057
874, 8.74000, 22.30800
875, 8.75000, 19.99081
876, 8.76000, 15.97383
877, 8.77000, 16.40743
878, 8.78000, 21.13576
879, 8.79000, 28.40892
880, 8.80000, 23.74550
881, 8.81000, 26.01292
882, 8.82000, 24.94263
883, 8.83000, 27.01243
884, 8.84000, 21.36645
885, 8.85000, 15.55225
886, 8.86000, 18.38514
887, 8.87000, 17.61295
888, 8.88000, 19.22115
889, 8.89000, 18.58029
890, 8.90000, 16.45304
891, 8.91000, 18.00624
892, 8.92000, 20.62790
893, 8.93000, 20.57049
894, 8.94000, 17.84510
895, 8.95000, 19.30106
896, 8.96000, 23.68373
897, 8.97000, 22.62034
898, 8.98000, 24.75851
899, 8.99000, 30.00435
900, 9.00000, 30.55293
901, 9.01000, 22.05032
902, 9.02000, 17.17432
903, 9.03000, 11.41187
904, 9.04000, 17.17513
905, 9.05000, 19.86874
906, 9.06000, 19.89636
907, 9.07000, 18.11373
908, 9.08000, 18.34987
909, 9.09000, 19.90214
910, 9.10000, 15.62236
911, 9.11000, 17.32780
912, 9.12000, 19.40839
913, 9.13000, 19.58803
914, 9.14000, 21.82624
915, 9.15000, 27.45977
916, 9.16000, 30.89514
917, 9.17000, 22.30686
918, 9.18000, 22.78344
919, 9.19000, 15.51598
920, 9.20000, 16.99862
921, 9.21000, 16.26140
922, 9.22000, 17.96610
923, 9.23000, 18.20808
924, 9.24000, 19.22458
925, 9.25000, 18.78722
926, 9.26000, 14.02082
927, 9.27000, 15.12315
928, 9.28000, 15.62506
929, 9.29000, 16.00022
930, 9.30000, 14.07524
931, 9.31000, 18.34062
932, 9.32000, 23.64068
933, 9.33000, 25.12483
934, 9.34000, 26.10493
935, 9.35000, 21.83670
936, 9.36000, 21.15582
937, 9.37000, 24.57954
938, 9.38000, 21.67235
939, 9.39000, 14.92334
940, 9.40000, 15.12641
941, 9.41000, 17.94627
942, 9.42000, 18.66495
943, 9.43000, 17.73950
944, 9.44000, 20.29508
945, 9.45000, 17.40078
946, 9.46000, 13.32130
947, 9.47000, 18.50551
948, 9.48000, 19.81611
949, 9.49000, 19.40753
950, 9.50000, 16.45998
951, 9.51000, 22.71255
952, 9.52000, 15.58387
953, 9.53000, 18.08479
954, 9.54000, 19.08886
955, 9.55000, 20.37141
956, 9.56000, 20.06224
957, 9.57000, 19.72367
958, 9.58000, 16.75501
959, 9.59000, 15.64591
960, 9.60000, 17.96621
961, 9.61000, 15.72001
962, 9.62000, 17.82782
963, 9.63000, 19.98219
964, 9.64000, 19.12561
965, 9.65000, 18.42767
966, 9.66000, 17.72474
967, 9.67000, 13.13606
968, 9.68000, 19.26073
969, 9.69000, 20.80713
970, 9.70000, 21.48342
971, 9.71000, 20.61196
972, 9.72000, 21.33119
973, 9.73000, 24.07593
974, 9.74000, 25.42408
975, 9.75000, 21.54750
976, 9.76000, 15.01005
977, 9.77000, 17.08029
978, 9.78000, 18.83736
979, 9.79000, 17.09703
980, 9.80000, 14.15653
981, 9.81000, 17.25536
982, 9.82000, 17.06293
983, 9.83000, 18.58926
984, 9.84000, 20.10257
985, 9.85000, 20.29539
986, 9.86000, 21.88084
987, 9.87000, 24.89316
988, 9.88000, 20.30808
989, 9.89000, 25.38835
990, 9.90000, 21.75603
991, 9.91000, 19.05690
992, 9.92000, 18.36746
993, 9.93000, 14.36184
994, 9.94000, 12.43553
995, 9.95000, 12.19195
996, 9.96000, 16.76280
997, 9.97000, 20.39174
998, 9.98000, 25.01511
999, 9.99000, 20.42779
1000, 10.00000, 22.16142
1001, 10.01000, 15.95974
1002, 10.02000, 19.65185
1003, 10.03000, 23.31888
1004, 10.04000, 27.40063
1005, 10.05000, 18.71462
1006, 10.06000, 20.84984
1007, 10.07000, 19.25195
1008, 10.08000, 25.33168
1009, 10.09000, 20.80295
1010, 10.10000, 12.49990
1011, 10.11000, 13.87596
1012, 10.12000, 15.45201
1013, 10.13000, 14.68184
1014, 10.14000, 17.62731
1015, 10.15000, 16.28289
1016, 10.16000, 14.33981
1017, 10.17000, 16.09016
1018, 10.18000, 18.83005
1019, 10.19000, 17.24936
1020, 10.20000, 16.66266
1021, 10.21000, 16.93090
1022, 10.22000, 25.37409
1023, 10.23000, 20.82864
1024, 10.24000, 21.59802
1025, 10.25000, 21.39016
1026, 10.26000, 21.94079
1027, 10.27000, 16.20198
1028, 10.28000, 17.99892
1029, 10.29000, 15.74733
1030, 10.30000, 20.76937
1031, 10.31000, 18.73182
1032, 10.32000, 16.59513
1033, 10.33000, 20.94703
1034, 10.34000, 13.66177
1035, 10.35000, 14.87667
1036, 10.36000, 18.57195
1037, 10.37000, 21.79553
1038, 10.38000, 21.62915
1039, 10.39000, 22.21159
1040, 10.40000, 30.17219
1041, 10.41000, 33.27403
1042, 10.42000, 26.39059
1043, 10.43000, 22.62659
1044, 10.44000, 25.00450
1045, 10.45000, 15.29603
1046, 10.46000, 20.28416
1047, 10.47000, 17.36515
1048, 10.48000, 14.90700
1049, 10.49000, 16.09577
1050, 10.50000, 18.39420
1051, 10.51000, 18.55842
1052, 10.52000, 17.55785
1053, 10.53000, 21.22614
1054, 10.54000, 19.42609
1055, 10.55000, 16.16504
1056, 10.56000, 18.39793
1057, 10.57000, 14.60030
1058, 10.58000, 20.70102
1059, 10.59000, 25.93565
1060, 10.60000, 22.12887
1061, 10.61000, 23.92320
1062, 10.62000, 25.21251
1063, 10.63000, 14.82109
1064, 10.64000, 14.56402
1065, 10.65000, 13.43776
1066, 10.66000, 15.15544
1067, 10.67000, 18.14219
1068, 10.68000, 20.72259
1069, 10.69000, 17.77784
1070, 10.70000, 18.19541
1071, 10.71000, 17.90100
1072, 10.72000, 13.35568
1073, 10.73000, 13.38270
1074, 10.74000, 14.84951
1075, 10.75000, 18.95047
1076, 10.76000, 20.76920
1077, 10.77000, 20.29098
1078, 10.78000, 21.38383
1079, 10.79000, 21.39827
1080, 10.80000, 24.31037
1081, 10.81000, 28.79832
1082, 10.82000, 21.20607
1083, 10.83000, 24.71592
1084, 10.84000, 21.59625
1085, 10.85000, 17.77671
1086, 10.86000, 23.45624
1087, 10.87000, 17.61776
1088, 10.88000, 22.83835
1089, 10.89000, 19.56642
1090, 10.90000, 15.25564
1091, 10.91000, 16.85533
1092, 10.92000, 21.39166
1093, 10.93000, 22.27852
1094, 10.94000, 25.60323
1095, 10.95000, 25.14433
1096, 10.96000, 16.83873
1097, 10.97000, 21.54116
1098, 10.98000, 15.55633
1099, 10.99000, 17.32651
1100, 11.00000, 12.48993
1101, 11.01000, 11.17627
1102, 11.02000, 14.34605
1103, 11.03000, 15.56720
1104, 11.04000, 17.75280
1105, 11.05000, 17.49425
1106, 11.06000, 23.61619
1107, 11.07000, 17.03121
1108, 11.08000, 21.02029
1109, 11.09000, 15.57233
1110, 11.10000, 21.18774
1111, 11.11000, 26.99116
1112, 11.12000, 19.91561
1113, 11.13000, 28.61147
1114, 11.14000, 27.18438
1115, 11.15000, 23.50824
1116, 11.16000, 26.77767
1117, 11.17000, 22.46113
1118, 11.18000, 15.13158
1119, 11.19000, 20.12514
1120, 11.20000, 15.49482
1121, 11.21000, 11.77286
1122, 11.22000, 19.20626
1123, 11.23000, 18.00515
1124, 11.24000, 16.58780
1125, 11.25000, 23.07398
1126, 11.26000, 21.36574
1127, 11.27000, 19.99134
1128, 11.28000, 17.15982
1129, 11.29000, 14.98954
1130, 11.30000, 23.85490
1131, 11.31000, 24.84145
1132, 11.32000, 26.37511
1133, 11.33000, 18.43976
1134, 11.34000, 9.85350
1135, 11.35000, 18.61894
1136, 11.36000, 17.72942
1137, 11.37000, 19.69864
1138, 11.38000, 17.46971
1139, 11.39000, 15.87179
1140, 11.40000, 13.40202
1141, 11.41000, 15.16143
1142, 11.42000, 16.12636
1143, 11.43000, 15.38103
1144, 11.44000, 18.73583
1145, 11.45000, 23.71795
1146, 11.46000, 21.23306
1147, 11.47000, 23.23845
1148, 11.48000, 26.02677
1149, 11.49000, 19.81853
1150, 11.50000, 28.00278
1151, 11.51000, 24.90642
1152, 11.52000, 25.29301
1153, 11.53000, 19.07389
1154, 11.54000, 11.59718
1155, 11.55000, 18.45946
1156, 11.56000, 16.61735
1157, 11.57000, 16.19591
1158, 11.58000, 13.35966
1159, 11.59000, 18.65201
1160, 11.60000, 16.60136
1161, 11.61000, 20.88611
1162, 11.62000, 19.67367
1163, 11.63000, 18.09326
1164, 11.64000, 17.13575
1165, 11.65000, 20.64119
1166, 11.66000, 22.70570
1167, 11.67000, 22.17280
1168, 11.68000, 23.47982
1169, 11.69000, 21.00359
1170, 11.70000, 19.79225
1171, 11.71000, 17.25425
1172, 11.72000, 18.76671
1173, 11.73000, 17.25237
1174, 11.74000, 17.73326
1175, 11.75000, 23.27142
1176, 11.76000, 17.06661
1177, 11.77000, 14.23585
1178, 11.78000, 18.23810
1179, 11.79000, 18.90818
1180, 11.80000, 17.58355
1181, 11.81000, 18.59246
1182, 11.82000, 16.81971
1183, 11.83000, 21.25018
1184, 11.84000, 24.71656
1185, 11.85000, 25.49783
1186, 11.86000, 22.33967
1187, 11.87000, 26.98276
1188, 11.88000, 19.58529
1189, 11.89000, 17.07356
1190, 11.90000, 17.10611
1191, 11.91000, 15.03260
1192, 11.92000, 15.56576
1193, 11.93000, 19.34378
1194, 11.94000, 19.86248
1195, 11.95000, 17.29116
1196, 11.96000, 15.45448
1197, 11.97000, 15.19265
1198, 11.98000, 14.79378
1199, 11.99000, 16.10710
1200, 12.00000, 19.25041
1201, 12.01000, 21.43152
1202, 12.02000, 25.94875
1203, 12.03000, 26.10010
1204, 12.04000, 27.85672
1205, 12.05000, 22.78225
1206, 12.06000, 14.81510
1207, 12.07000, 17.26435
1208, 12.08000, 20.40552
1209, 12.09000, 18.88244
1210, 12.10000, 17.04209
1211, 12.11000, 13.50412
1212, 12.12000, 14.99927
1213, 12.13000, 14.01095
1214, 12.14000, 14.72367
1215, 12.15000, 19.10278
1216, 12.16000, 20.05145
1217, 12.17000, 19.41167
1218, 12.18000, 16.07054
1219, 12.19000, 18.46241
1220, 12.20000, 16.89625
1221, 12.21000, 23.79671
1222, 12.22000, 23.77501
1223, 12.23000, 34.10589
1224, 12.24000, 19.60117
1225, 12.25000, 16.20812
1226, 12.26000, 18.30928
1227, 12.27000, 16.55305
1228, 12.28000, 16.21409
1229, 12.29000, 16.05111
1230, 12.30000, 15.61297
1231, 12.31000, 18.36622
1232, 12.32000, 20.14592
1233, 12.33000, 19.77566
1234, 12.34000, 18.54736
1235, 12.35000, 16.41045
1236, 12.36000, 14.54125
1237, 12.37000, 16.59220
1238, 12.38000, 24.16637
1239, 12.39000, 28.17386
1240, 12.40000, 29.62842
1241, 12.41000, 27.18628
1242, 12.42000, 24.58081
1243, 12.43000, 20.19399
1244, 12.44000, 19.15517
1245, 12.45000, 19.11459
1246, 12.46000, 16.54591
1247, 12.47000, 15.73116
1248, 12.48000, 16.78757
1249, 12.49000, 19.10067
1250, 12.50000, 16.47338
1251, 12.51000, 19.31968
1252, 12.52000, 19.47659
1253, 12.53000, 20.48964
1254, 12.54000, 24.20638
1255, 12.55000, 18.94275
1256, 12.56000, 20.23120
1257, 12.57000, 19.94815
1258, 12.58000, 24.07529
1259, 12.59000, 21.10666
1260, 12.60000, 19.09912
1261, 12.61000, 14.85108
1262, 12.62000, 14.51550
1263, 12.63000, 16.34543
1264, 12.64000, 19.44425
1265, 12.65000, 21.91640
1266, 12.66000, 20.93177
1267, 12.67000, 21.12302
1268, 12.68000, 19.06757
1269, 12.69000, 23.83691
1270, 12.70000, 22.39583
1271, 12.71000, 14.48902
1272, 12.72000, 14.27709
1273, 12.73000, 21.73827
1274, 12.74000, 27.76373
1275, 12.75000, 28.86300
1276, 12.76000, 22.46087
1277, 12.77000, 14.12562
1278, 12.78000, 12.30439
1279, 12.79000, 14.29820
1280, 12.80000, 15.85968
1281, 12.81000, 19.33847
1282, 12.82000, 16.06003
1283, 12.83000, 18.51175
1284, 12.84000, 23.49791
1285, 12.85000, 17.12308
1286, 12.86000, 15.84275
1287, 12.87000, 20.75568
1288, 12.88000, 15.37987
1289, 12.89000, 13.67034
1290, 12.90000, 23.00918
1291, 12.91000, 19.22491
1292, 12.92000, 18.91579
1293, 12.93000, 20.10164
1294, 12.94000, 19.36361
1295, 12.95000, 19.84428
1296, 12.96000, 17.26256
1297, 12.97000, 14.81051
1298, 12.98000, 13.48323
1299, 12.99000, 15.07785
1300, 13.00000, 11.72190
1301, 13.01000, 11.66971
1302, 13.02000, 14.52852
1303, 13.03000, 16.92833
1304, 13.04000, 14.31608
1305, 13.05000, 13.87290
1306, 13.06000, 15.21757
1307, 13.07000, 15.37915
1308, 13.08000, 17.25342
1309, 13.09000, 20.73125
1310, 13.10000, 24.30072
1311, 13.11000, 21.21277
1312, 13.12000, 19.18631
1313, 13.13000, 15.67923
1314, 13.14000, 17.24940
1315, 13.15000, 14.95890
1316, 13.16000, 15.97152
1317, 13.17000, 14.55082
1318, 13.18000, 20.35998
1319, 13.19000, 16.83311
1320, 13.20000, 16.35049
1321, 13.21000, 15.05595
1322, 13.22000, 13.82961
1323, 13.23000, 17.41601
1324, 13.24000, 19.08704
1325, 13.25000, 22.01724
1326, 13.26000, 25.04239
1327, 13.27000, 29.73218
1328, 13.28000, 20.72434
1329, 13.29000, 23.56165
1330, 13.30000, 20.75726
1331, 13.31000, 24.08586
1332, 13.32000, 27.27858
1333, 13.33000, 17.86472
1334, 13.34000, 20.31366
1335, 13.35000, 19.25098
1336, 13.36000, 15.77271
1337, 13.37000, 18.05055
1338, 13.38000, 20.24205
1339, 13.39000, 17.07235
1340, 13.40000, 18.17787
1341, 13.41000, 17.85028
1342, 13.42000, 21.09196
1343, 13.43000, 20.07875
1344, 13.44000, 22.81664
1345, 13.45000, 29.44407
1346, 13.46000, 30.27496
1347, 13.47000, 23.08724
1348, 13.48000, 16.31418
1349, 13.49000, 15.94974
1350, 13.50000, 19.21261
1351, 13.51000, 14.21767
1352, 13.52000, 19.23632
1353, 13.53000, 16.50344
1354, 13.54000, 16.24800
1355, 13.55000, 16.20026
1356, 13.56000, 18.97785
1357, 13.57000, 25.87699
1358, 13.58000, 19.18654
1359, 13.59000, 22.51632
1360, 13.60000, 16.73866
1361, 13.61000, 16.49432
1362, 13.62000, 20.74829
1363, 13.63000, 24.47997
1364, 13.64000, 17.15315
1365, 13.65000, 19.98425
1366, 13.66000, 23.88247
1367, 13.67000, 15.72693
1368, 13.68000, 19.56982
1369, 13.69000, 18.87626
1370, 13.70000, 20.56492
1371, 13.71000, 24.86534
1372, 13.72000, 20.57799
1373, 13.73000, 17.63436
1374, 13.74000, 19.04670
1375, 13.75000, 26.74097
1376, 13.76000, 22.92951
1377, 13.77000, 19.02803
1378, 13.78000, 19.19602
1379, 13.79000, 16.97571
1380, 13.80000, 23.95122
1381, 13.81000, 24.23843
1382, 13.82000, 20.77616
1383, 13.83000, 23.99598
1384, 13.84000, 24.11677
1385, 13.85000, 19.01229
1386, 13.86000, 19.70406
1387, 13.87000, 16.75738
1388, 13.88000, 17.16166
1389, 13.89000, 14.04615
1390, 13.90000, 14.22642
1391, 13.91000, 18.30706
1392, 13.92000, 19.39457
1393, 13.93000, 23.22020
1394, 13.94000, 20.91270
1395, 13.95000, 22.04842
1396, 13.96000, 21.74596
1397, 13.97000, 20.08516
1398, 13.98000, 28.08727
1399, 13.99000, 31.70229
1400, 14.00000, 19.54815
1401, 14.01000, 19.05448
1402, 14.02000, 19.87780
1403, 14.03000, 19.49136
1404, 14.04000, 20.07005
1405, 14.05000, 19.47639
1406, 14.06000, 16.74507
1407, 14.07000, 14.66127
1408, 14.08000, 15.77038
1409, 14.09000, 16.50001
1410, 14.10000, 17.56257
1411, 14.11000, 16.04910
1412, 14.12000, 13.15678
1413, 14.13000, 14.46827
1414, 14.14000, 18.78544
1415, 14.15000, 20.16792
1416, 14.16000, 22.57861
1417, 14.17000, 15.77032
1418, 14.18000, 12.98125
1419, 14.19000, 15.79237
1420, 14.20000, 15.71545
1421, 14.21000, 13.17342
1422, 14.22000, 16.26424
1423, 14.23000, 16.94404
1424, 14.24000, 17.89060
1425, 14.25000, 16.15591
1426, 14.26000, 16.24621
1427, 14.27000, 15.66226
1428, 14.28000, 17.85027
1429, 14.29000, 15.39185
1430, 14.30000, 15.44500
1431, 14.31000, 13.14865
1432, 14.32000, 14.14776
1433, 14.33000, 15.65267
1434, 14.34000, 17.39379
1435, 14.35000, 20.88264
1436, 14.36000, 23.55138
1437, 14.37000, 25.08874
1438, 14.38000, 25.68107
1439, 14.39000, 20.89774
1440, 14.40000, 12.45860
1441, 14.41000, 14.78703
1442, 14.42000, 13.46696
1443, 14.43000, 16.27736
1444, 14.44000, 16.76647
1445, 14.45000, 17.47824
1446, 14.46000, 18.62597
1447, 14.47000, 16.41033
1448, 14.48000, 16.82821
1449, 14.49000, 15.64301
1450, 14.50000, 15.41193
1451, 14.51000, 13.15456
1452, 14.52000, 18.60358
1453, 14.53000, 21.24115
1454, 14.54000, 23.83961
1455, 14.55000, 23.85576
1456, 14.56000, 14.10075
1457, 14.57000, 18.36251
1458, 14.58000, 15.82164
1459, 14.59000, 15.75260
1460, 14.60000, 19.58914
1461, 14.61000, 15.32152
1462, 14.62000, 15.32784
1463, 14.63000, 17.94840
1464, 14.64000, 18.24422
1465, 14.65000, 18.68846
1466, 14.66000, 15.20004
1467, 14.67000, 19.16510
1468, 14.68000, 20.81477
1469, 14.69000, 21.81292
1470, 14.70000, 17.78741
1471, 14.71000, 23.79736
1472, 14.72000, 19.01250
1473, 14.73000, 26.97216
1474, 14.74000, 23.55966
1475, 14.75000, 31.15229
1476, 14.76000, 22.73823
1477, 14.77000, 17.51694
1478, 14.78000, 15.58206
1479, 14.79000, 21.82533
1480, 14.80000, 17.17747
1481, 14.81000, 16.83797
1482, 14.82000, 14.78439
1483, 14.83000, 17.22090
1484, 14.84000, 15.81719
1485, 14.85000, 19.33896
1486, 14.86000, 19.13037
1487, 14.87000, 19.84346
1488, 14.88000, 22.89809
1489, 14.89000, 23.99027
1490, 14.90000, 18.54262
1491, 14.91000, 22.71235
1492, 14.92000, 22.94748
1493, 14.93000, 17.06224
1494, 14.94000, 14.51566
1495, 14.95000, 17.92690
1496, 14.96000, 16.22278
1497, 14.97000, 17.63924
1498, 14.98000, 15.17756
1499, 14.99000, 17.89671
1500, 15.00000, 21.67814
1501, 15.01000, 16.64933
1502, 15.02000, 22.81902
1503, 15.03000, 22.60022
1504, 15.04000, 18.32093
1505, 15.05000, 17.29395
1506, 15.06000, 16.84940
1507, 15.07000, 20.11150
1508, 15.08000, 19.15835
1509, 15.09000, 24.37325
1510, 15.10000, 18.44301
1511, 15.11000, 20.54688
1512, 15.12000, 14.72363
1513, 15.13000, 19.99632
1514, 15.14000, 20.90671
1515, 15.15000, 20.48099
1516, 15.16000, 21.02879
1517, 15.17000, 21.03726
1518, 15.18000, 18.79714
1519, 15.19000, 20.90057
1520, 15.20000, 18.66831
1521, 15.21000, 14.70724
1522, 15.22000, 16.11898
1523, 15.23000, 25.55002
1524, 15.24000, 23.42309
1525, 15.25000, 23.19958
1526, 15.26000, 19.82548
1527, 15.27000, 23.77484
1528, 15.28000, 23.19828
1529, 15.29000, 17.01813
1530, 15.30000, 14.65162
1531, 15.31000, 12.89052
1532, 15.32000, 19.77030
1533, 15.33000, 20.22192
1534, 15.34000, 16.24531
1535, 15.35000, 20.48790
1536, 15.36000, 20.05426
1537, 15.37000, 18.94879
1538, 15.38000, 18.76776
1539, 15.39000, 20.80343
1540, 15.40000, 21.17144
1541, 15.41000, 25.71069
1542, 15.42000, 17.54298
1543, 15.43000, 16.91135
1544, 15.44000, 17.46777
1545, 15.45000, 19.87094
1546, 15.46000, 15.53856
1547, 15.47000, 18.43041
1548, 15.48000, 18.66906
1549, 15.49000, 15.76545
1550, 15.50000, 16.00305
1551, 15.51000, 13.25828
1552, 15.52000, 12.70543
1553, 15.53000, 12.12988
1554, 15.54000, 14.97462
1555, 15.55000, 12.98925
1556, 15.56000, 12.10971
1557, 15.57000, 12.72401
1558, 15.58000, 13.57598
1559, 15.59000, 20.24946
1560, 15.60000, 20.05945
1561, 15.61000, 23.73560
1562, 15.62000, 19.86782
1563, 15.63000, 15.48689
1564, 15.64000, 12.91874
1565, 15.65000, 12.60302
1566, 15.66000, 13.95115
1567, 15.67000, 17.02332
1568, 15.68000, 15.94028
1569, 15.69000, 14.40645
1570, 15.70000, 16.25683
1571, 15.71000, 16.65611
1572, 15.72000, 18.86912
1573, 15.73000, 18.34452
1574, 15.74000, 20.81796
1575, 15.75000, 19.06093
1576, 15.76000, 14.75424
1577, 15.77000, 18.28825
1578, 15.78000, 19.41066
1579, 15.79000, 21.35875
1580, 15.80000, 21.07659
1581, 15.81000, 18.48745
1582, 15.82000, 18.34132
1583, 15.83000, 18.11569
1584, 15.84000, 15.27284
1585, 15.85000, 14.90204
1586, 15.86000, 16.99278
1587, 15.87000, 19.25825
1588, 15.88000, 16.98638
1589, 15.89000, 16.08994
1590, 15.90000, 18.34187
1591, 15.91000, 13.73649
1592, 15.92000, 13.29164
1593, 15.93000, 17.19329
1594, 15.94000, 17.43644
1595, 15.95000, 27.30526
1596, 15.96000, 22.57836
1597, 15.97000, 17.61749
1598, 15.98000, 17.69198
1599, 15.99000, 13.50104
1600, 16.00000, 12.46829
1601, 16.01000, 13.65228
1602, 16.02000, 13.17566
1603, 16.03000, 18.49477
1604, 16.04000, 18.00538
1605, 16.05000, 20.74058
1606, 16.06000, 23.83308
1607, 16.07000, 15.72904
1608, 16.08000, 12.86331
1609, 16.09000, 11.90640
1610, 16.10000, 11.70060
1611, 16.11000, 12.07245
1612, 16.12000, 27.13717
1613, 16.13000, 23.26352
1614, 16.14000, 26.02433
1615, 16.15000, 27.23414
1616, 16.16000, 22.80928
1617, 16.17000, 30.45036
1618, 16.18000, 25.69831
1619, 16.19000, 21.36285
1620, 16.20000, 18.58006
1621, 16.21000, 22.57840
1622, 16.22000, 16.09092
1623, 16.23000, 21.01128
1624, 16.24000, 18.89307
1625, 16.25000, 17.77613
1626, 16.26000, 20.10769
1627, 16.27000, 14.91245
1628, 16.28000, 18.23451
1629, 16.29000, 24.64072
1630, 16.30000, 17.09867
1631, 16.31000, 24.03997
1632, 16.32000, 20.45672
1633, 16.33000, 21.58696
1634, 16.34000, 21.94208
1635, 16.35000, 21.19673
1636, 16.36000, 20.95526
1637, 16.37000, 21.09347
1638, 16.38000, 18.07660
1639, 16.39000, 23.55049
1640, 16.40000, 16.85056
1641, 16.41000, 20.68200
1642, 16.42000, 20.79804
1643, 16.43000, 18.56656
1644, 16.44000, 16.77829
1645, 16.45000, 19.88234
1646, 16.46000, 17.56497
1647, 16.47000, 16.23227
1648, 16.48000, 20.39464
1649, 16.49000, 26.21812
1650, 16.50000, 20.96265
1651, 16.51000, 23.51322
1652, 16.52000, 26.97127
1653, 16.53000, 24.22713
1654, 16.54000, 23.42836
1655, 16.55000, 16.77692
1656, 16.56000, 16.08127
1657, 16.57000, 12.84541
1658, 16.58000, 13.53537
1659, 16.59000, 18.92032
1660, 16.60000, 16.60136
1661, 16.61000, 15.65039
1662, 16.62000, 20.11273
1663, 16.63000, 14.76191
1664, 16.64000, 16.58465
1665, 16.65000, 12.44456
1666, 16.66000, 20.58472
1667, 16.67000, 30.61166
1668, 16.68000, 20.76125
1669, 16.69000, 20.97003
1670, 16.70000, 25.24962
1671, 16.71000, 14.15783
1672, 16.72000, 16.11136
1673, 16.73000, 16.51285
1674, 16.74000, 16.22503
1675, 16.75000, 13.96353
1676, 16.76000, 21.63879
1677, 16.77000, 23.67237
1678, 16.78000, 19.84861
1679, 16.79000, 20.08200
1680, 16.80000, 18.03995
1681, 16.81000, 21.98973
1682, 16.82000, 17.80198
1683, 16.83000, 16.01520
1684, 16.84000, 18.09706
1685, 16.85000, 23.24334
1686, 16.86000, 23.36570
1687, 16.87000, 25.75362
1688, 16.88000, 24.56039
1689, 16.89000, 26.37656
1690, 16.90000, 16.99291
1691, 16.91000, 13.95071
1692, 16.92000, 13.02933
1693, 16.93000, 14.36661
1694, 16.94000, 16.25570
1695, 16.95000, 15.80718
1696, 16.96000, 15.87622
1697, 16.97000, 19.53476
1698, 16.98000, 19.68022
1699, 16.99000, 14.60811
1700, 17.00000, 17.40621
1701, 17.01000, 14.59386
1702, 17.02000, 17.63458
1703, 17.03000, 14.00955
1704, 17.04000, 15.73334
1705, 17.05000, 14.80719
1706, 17.06000, 22.37407
1707, 17.07000, 23.98251
1708, 17.08000, 24.43088
1709, 17.09000, 18.26805
1710, 17.10000, 18.00963
1711, 17.11000, 20.46383
1712, 17.12000, 20.43194
1713, 17.13000, 17.35465
1714, 17.14000, 15.51060
1715, 17.15000, 16.56535
1716, 17.16000, 16.08208
1717, 17.17000, 17.27687
1718, 17.18000, 16.19179
1719, 17.19000, 19.15073
1720, 17.20000, 22.84659
1721, 17.21000, 22.84281
1722, 17.22000, 26.89468
1723, 17.23000, 24.07284
1724, 17.24000, 23.39820
1725, 17.25000, 16.31828
1726, 17.26000, 16.42171
1727, 17.27000, 13.40559
1728, 17.28000, 16.64974
1729, 17.29000, 18.38842
1730, 17.30000, 15.02512
1731, 17.31000, 10.67205
1732, 17.32000, 14.30146
1733, 17.33000, 16.16543
1734, 17.34000, 20.67470
1735, 17.35000, 19.51693
1736, 17.36000, 19.21795
1737, 17.37000, 17.69656
1738, 17.38000, 30.61149
1739, 17.39000, 32.23228
1740, 17.40000, 26.13396
1741, 17.41000, 23.01385
1742, 17.42000, 21.51178
1743, 17.43000, 19.39466
1744, 17.44000, 16.70305
1745, 17.45000, 13.61304
1746, 17.46000, 12.87492
1747, 17.47000, 13.29472
1748, 17.48000, 18.43355
1749, 17.49000, 18.95371
1750, 17.50000, 16.05304
1751, 17.51000, 16.94903
1752, 17.52000, 16.80000
1753, 17.53000, 16.60441
1754, 17.54000, 14.68001
1755, 17.55000, 11.62666
1756, 17.56000, 14.48334
1757, 17.57000, 14.36133
1758, 17.58000, 21.55966
1759, 17.59000, 25.61146
1760, 17.60000, 21.93773
1761, 17.61000, 27.58802
1762, 17.62000, 16.95373
1763, 17.63000, 17.09192
1764, 17.64000, 13.53484
1765, 17.65000, 13.86607
1766, 17.66000, 13.60002
1767, 17.67000, 14.68282
1768, 17.68000, 19.19152
1769, 17.69000, 20.16767
1770, 17.70000, 20.75766
1771, 17.71000, 22.41015
1772, 17.72000, 21.73415
1773, 17.73000, 25.69051
1774, 17.74000, 28.83435
1775, 17.75000, 26.22622
1776, 17.76000, 23.93754
1777, 17.77000, 25.33562
1778, 17.78000, 19.00988
1779, 17.79000, 14.86664
1780, 17.80000, 19.41427
1781, 17.81000, 18.64858
1782, 17.82000, 17.80506
1783, 17.83000, 18.15654
1784, 17.84000, 17.64619
1785, 17.85000, 14.68738
1786, 17.86000, 16.62066
1787, 17.87000, 16.87734
1788, 17.88000, 17.79064
1789, 17.89000, 13.54174
1790, 17.90000, 15.67000
1791, 17.91000, 18.67556
1792, 17.92000, 15.48953
1793, 17.93000, 17.54028
1794, 17.94000, 19.41797
1795, 17.95000, 19.71682
1796, 17.96000, 18.54465
1797, 17.97000, 18.14575
1798, 17.98000, 14.27917
1799, 17.99000, 18.45366
1800, 18.00000, 14.69409
1801, 18.01000, 14.96073
1802, 18.02000, 19.92710
1803, 18.03000, 15.50335
1804, 18.04000, 19.36741
1805, 18.05000, 20.73894
1806, 18.06000, 15.26123
1807, 18.07000, 21.78301
1808, 18.08000, 15.14047
1809, 18.09000, 17.26640
1810, 18.10000, 22.20890
1811, 18.11000, 27.25897
1812, 18.12000, 26.61154
1813, 18.13000, 29.56597
1814, 18.14000, 20.98335
1815, 18.15000, 13.70114
1816, 18.16000, 12.17698
1817, 18.17000, 12.38731
1818, 18.18000, 14.53650
1819, 18.19000, 14.97339
1820, 18.20000, 21.70693
1821, 18.21000, 22.43974
1822, 18.22000, 24.06508
1823, 18.23000, 26.03635
1824, 18.24000, 17.63310
1825, 18.25000, 17.05942
1826, 18.26000, 20.04449
1827, 18.27000, 27.82559
1828, 18.28000, 29.43070
1829, 18.29000, 23.68695
1830, 18.30000, 24.49228
1831, 18.31000, 25.18978
1832, 18.32000, 20.17104
1833, 18.33000, 23.15880
1834, 18.34000, 18.67811
1835, 18.35000, 21.62520
1836, 18.36000, 18.37956
1837, 18.37000, 21.94184
1838, 18.38000, 19.49960
1839, 18.39000, 18.82461
1840, 18.40000, 19.61888
1841, 18.41000, 18.91861
1842, 18.42000, 16.82784
1843, 18.43000, 15.07660
1844, 18.44000, 13.38960
1845, 18.45000, 13.71260
1846, 18.46000, 23.46566
1847, 18.47000, 20.30561
1848, 18.48000, 23.93636
1849, 18.49000, 23.45732
1850, 18.50000, 20.79090
1851, 18.51000, 18.57722
1852, 18.52000, 15.71577
1853, 18.53000, 16.75466
1854, 18.54000, 17.35596
1855, 18.55000, 14.60016
1856, 18.56000, 22.87040
1857, 18.57000, 15.61967
1858, 18.58000, 21.30661
1859, 18.59000, 23.51964
1860, 18.60000, 22.62128
1861, 18.61000, 21.62253
1862, 18.62000, 11.94904
1863, 18.63000, 16.70611
1864, 18.64000, 19.07737
1865, 18.65000, 29.14395
1866, 18.66000, 31.92562
1867, 18.67000, 25.36273
1868, 18.68000, 22.27564
1869, 18.69000, 25.75551
1870, 18.70000, 19.84163
1871, 18.71000, 19.75886
1872, 18.72000, 17.21711
1873, 18.73000, 16.59498
1874, 18.74000, 18.87329
1875, 18.75000, 21.39439
1876, 18.76000, 16.60601
1877, 18.77000, 16.09774
1878, 18.78000, 22.50836
1879, 18.79000, 19.16181
1880, 18.80000, 14.85604
1881, 18.81000, 23.12616
1882, 18.82000, 22.19652
1883, 18.83000, 18.48038
1884, 18.84000, 23.10246
1885, 18.85000, 22.64451
1886, 18.86000, 18.63871
1887, 18.87000, 17.46662
1888, 18.88000, 19.42362
1889, 18.89000, 23.45700
1890, 18.90000, 17.57362
1891, 18.91000, 20.44718
1892, 18.92000, 16.32739
1893, 18.93000, 18.61675
1894, 18.94000, 15.06833
1895, 18.95000, 15.49341
1896, 18.96000, 14.04159
1897, 18.97000, 13.81071
1898, 18.98000, 13.38945
1899, 18.99000, 20.45607
1900, 19.00000, 18.17793
1901, 19.01000, 20.13943
1902, 19.02000, 22.28762
1903, 19.03000, 26.33525
1904, 19.04000, 24.19267
1905, 19.05000, 19.64835
1906, 19.06000, 16.95581
1907, 19.07000, 15.27084
1908, 19.08000, 18.71740
1909, 19.09000, 20.95252
1910, 19.10000, 23.57141
1911, 19.11000, 19.04000
1912, 19.12000, 15.88529
1913, 19.13000, 18.44986
1914, 19.14000, 23.36286
1915, 19.15000, 17.61345
1916, 19.16000, 13.69144
1917, 19.17000, 19.64138
1918, 19.18000, 18.96816
1919, 19.19000, 23.03733
1920, 19.20000, 22.46284
1921, 19.21000, 20.75803
1922, 19.22000, 17.68938
1923, 19.23000, 18.53243
1924, 19.24000, 16.74803
1925, 19.25000, 17.41473
1926, 19.26000, 18.21631
1927, 19.27000, 17.94668
1928, 19.28000, 18.57746
1929, 19.29000, 19.02514
1930, 19.30000, 18.69521
1931, 19.31000, 17.99132
1932, 19.32000, 15.03018
1933, 19.33000, 15.32784
1934, 19.34000, 21.38236
1935, 19.35000, 21.36364
1936, 19.36000, 25.49649
1937, 19.37000, 22.46738
1938, 19.38000, 21.24874
1939, 19.39000, 22.84845
1940, 19.40000, 26.34299
1941, 19.41000, 19.02178
1942, 19.42000, 19.24942
1943, 19.43000, 14.67081
1944, 19.44000, 15.87439
1945, 19.45000, 18.72802
1946, 19.46000, 19.12780
1947, 19.47000, 20.74529
1948, 19.48000, 15.18569
1949, 19.49000, 17.25904
1950, 19.50000, 20.59317
1951, 19.51000, 19.38279
1952, 19.52000, 20.16317
1953, 19.53000, 22.34802
1954, 19.54000, 20.53393
1955, 19.55000, 17.99064
1956, 19.56000, 18.70030
1957, 19.57000, 15.72837
1958, 19.58000, 18.71818
1959, 19.59000, 21.83857
1960, 19.60000, 18.98930
1961, 19.61000, 15.52275
1962, 19.62000, 18.68067
1963, 19.63000, 17.14429
1964, 19.64000, 20.86762
1965, 19.65000, 16.18994
1966, 19.66000, 18.78129
1967, 19.67000, 22.53583
1968, 19.68000, 17.44609
1969, 19.69000, 13.97666
1970, 19.70000, 17.00506
1971, 19.71000, 23.14096
1972, 19.72000, 24.46866
1973, 19.73000, 23.67322
1974, 19.74000, 26.78449
1975, 19.75000, 28.45454
1976, 19.76000, 25.85296
1977, 19.77000, 17.47788
1978, 19.78000, 18.14059
1979, 19.79000, 19.11976
1980, 19.80000, 16.52751
1981, 19.81000, 15.66654
1982, 19.82000, 18.01185
1983, 19.83000, 14.66903
1984, 19.84000, 17.37696
1985, 19.85000, 19.01430
1986, 19.86000, 18.08269
1987, 19.87000, 17.77353
1988, 19.88000, 16.97842
1989, 19.89000, 25.83398
1990, 19.90000, 21.33434
1991, 19.91000, 18.34374
1992, 19.92000, 20.93314
1993, 19.93000, 11.41286
1994, 19.94000, 12.11337
1995, 19.95000, 12.33324
1996, 19.96000, 14.32464
1997, 19.97000, 16.22341
1998, 19.98000, 18.10910
1999, 19.99000, 22.07947
2000, 20.00000, 22.06125
2001, 20.01000, 21.71351
