nt, t, solve_time
1, 0.01000, 62.82259
2, 0.02000, 48.75567
3, 0.03000, 55.63833
4, 0.04000, 28.47820
5, 0.05000, 48.66604
6, 0.06000, 31.46834
7, 0.07000, 31.35830
8, 0.08000, 30.44003
9, 0.09000, 36.13514
10, 0.10000, 37.19527
11, 0.11000, 30.57806
12, 0.12000, 29.73609
13, 0.13000, 40.00689
14, 0.14000, 46.38872
15, 0.15000, 39.82128
16, 0.16000, 32.70914
17, 0.17000, 35.92612
18, 0.18000, 46.91420
19, 0.19000, 29.05118
20, 0.20000, 25.26416
21, 0.21000, 26.53511
22, 0.22000, 24.08438
23, 0.23000, 29.05045
24, 0.24000, 27.63516
25, 0.25000, 33.65410
26, 0.26000, 26.86817
27, 0.27000, 31.31527
28, 0.28000, 14.65414
29, 0.29000, 19.24412
30, 0.30000, 23.73475
31, 0.31000, 25.15704
32, 0.32000, 32.14688
33, 0.33000, 30.12304
34, 0.34000, 24.18812
35, 0.35000, 15.82599
36, 0.36000, 19.12665
37, 0.37000, 26.84259
38, 0.38000, 23.96370
39, 0.39000, 27.70921
40, 0.40000, 23.70730
41, 0.41000, 21.97376
42, 0.42000, 20.95295
43, 0.43000, 18.57834
44, 0.44000, 17.09763
45, 0.45000, 24.33079
46, 0.46000, 15.60086
47, 0.47000, 19.98441
48, 0.48000, 29.36825
49, 0.49000, 22.98445
50, 0.50000, 28.10949
51, 0.51000, 17.19604
52, 0.52000, 34.98963
53, 0.53000, 19.92555
54, 0.54000, 24.31324
55, 0.55000, 16.10154
56, 0.56000, 21.82197
57, 0.57000, 26.47452
58, 0.58000, 22.62929
59, 0.59000, 17.90174
60, 0.60000, 30.83100
61, 0.61000, 31.13768
62, 0.62000, 30.22546
63, 0.63000, 27.58615
64, 0.64000, 23.67852
65, 0.65000, 16.75375
66, 0.66000, 17.21698
67, 0.67000, 16.86290
68, 0.68000, 13.90265
69, 0.69000, 18.57013
70, 0.70000, 18.08079
71, 0.71000, 16.56959
72, 0.72000, 22.61048
73, 0.73000, 18.49006
74, 0.74000, 14.53502
75, 0.75000, 22.69170
76, 0.76000, 25.33232
77, 0.77000, 10.43760
78, 0.78000, 13.17839
79, 0.79000, 13.58193
80, 0.80000, 17.89310
81, 0.81000, 19.88779
82, 0.82000, 17.73787
83, 0.83000, 13.23299
84, 0.84000, 16.63482
85, 0.85000, 20.47674
86, 0.86000, 21.27162
87, 0.87000, 20.01249
88, 0.88000, 22.21547
89, 0.89000, 14.84515
90, 0.90000, 16.20002
91, 0.91000, 10.94391
92, 0.92000, 13.61815
93, 0.93000, 17.37552
94, 0.94000, 22.89978
95, 0.95000, 18.27417
96, 0.96000, 21.26356
97, 0.97000, 18.37173
98, 0.98000, 12.89533
99, 0.99000, 14.49808
100, 1.00000, 16.08079
101, 1.01000, 16.80421
102, 1.02000, 17.42131
103, 1.03000, 20.17405
104, 1.04000, 17.60771
105, 1.05000, 15.66968
106, 1.06000, 17.36418
107, 1.07000, 22.71242
108, 1.08000, 19.13755
109, 1.09000, 24.23283
110, 1.10000, 22.96002
111, 1.11000, 21.85308
112, 1.12000, 17.21497
113, 1.13000, 25.20601
114, 1.14000, 18.41436
115, 1.15000, 23.31560
116, 1.16000, 10.76851
117, 1.17000, 18.22677
118, 1.18000, 19.94842
119, 1.19000, 19.63696
120, 1.20000, 18.92960
121, 1.21000, 19.84215
122, 1.22000, 20.65132
123, 1.23000, 7.75588
124, 1.24000, 14.59599
125, 1.25000, 16.62877
126, 1.26000, 22.84421
127, 1.27000, 23.48040
128, 1.28000, 18.61878
129, 1.29000, 18.07957
130, 1.30000, 19.22051
131, 1.31000, 26.57768
132, 1.32000, 19.50422
133, 1.33000, 20.37953
134, 1.34000, 19.79394
135, 1.35000, 17.37356
136, 1.36000, 14.60149
137, 1.37000, 12.39612
138, 1.38000, 16.22179
139, 1.39000, 18.40477
140, 1.40000, 19.89346
141, 1.41000, 17.03088
142, 1.42000, 18.07013
143, 1.43000, 12.44274
144, 1.44000, 24.42574
145, 1.45000, 17.46389
146, 1.46000, 23.87227
147, 1.47000, 15.87453
148, 1.48000, 22.43564
149, 1.49000, 18.56608
150, 1.50000, 23.22790
151, 1.51000, 21.71067
152, 1.52000, 24.29973
153, 1.53000, 22.03055
154, 1.54000, 19.62825
155, 1.55000, 11.84469
156, 1.56000, 18.91965
157, 1.57000, 19.71464
158, 1.58000, 19.47259
159, 1.59000, 22.45504
160, 1.60000, 21.63083
161, 1.61000, 24.04860
162, 1.62000, 25.24334
163, 1.63000, 33.27580
164, 1.64000, 30.84642
165, 1.65000, 29.01100
166, 1.66000, 32.02958
167, 1.67000, 26.34621
168, 1.68000, 29.12868
169, 1.69000, 21.43538
170, 1.70000, 22.11916
171, 1.71000, 18.93731
172, 1.72000, 28.96404
173, 1.73000, 26.47558
174, 1.74000, 19.86961
175, 1.75000, 24.51361
176, 1.76000, 28.66909
177, 1.77000, 19.73097
178, 1.78000, 40.38356
179, 1.79000, 25.45347
180, 1.80000, 37.65384
181, 1.81000, 30.42241
182, 1.82000, 25.74056
183, 1.83000, 22.19868
184, 1.84000, 26.49433
185, 1.85000, 44.10568
186, 1.86000, 26.36153
187, 1.87000, 30.67980
188, 1.88000, 31.70470
189, 1.89000, 30.78661
190, 1.90000, 33.06007
191, 1.91000, 23.58461
192, 1.92000, 20.19410
193, 1.93000, 30.54106
194, 1.94000, 34.89984
195, 1.95000, 33.34849
196, 1.96000, 32.99641
197, 1.97000, 33.29960
198, 1.98000, 24.69940
199, 1.99000, 27.89386
200, 2.00000, 18.17988
201, 2.01000, 18.70539
202, 2.02000, 28.40189
203, 2.03000, 26.40765
204, 2.04000, 26.75409
205, 2.05000, 27.49085
206, 2.06000, 29.23313
207, 2.07000, 24.09222
208, 2.08000, 19.66747
209, 2.09000, 23.56254
210, 2.10000, 26.05621
211, 2.11000, 21.33213
212, 2.12000, 25.85304
213, 2.13000, 24.98881
214, 2.14000, 27.60349
215, 2.15000, 28.35233
216, 2.16000, 25.94423
217, 2.17000, 23.37324
218, 2.18000, 22.82593
219, 2.19000, 23.73699
220, 2.20000, 23.31623
221, 2.21000, 23.70812
222, 2.22000, 28.61682
223, 2.23000, 15.01757
224, 2.24000, 18.31555
225, 2.25000, 22.82604
226, 2.26000, 18.33566
227, 2.27000, 20.15600
228, 2.28000, 19.45047
229, 2.29000, 25.89593
230, 2.30000, 20.83622
231, 2.31000, 25.26509
232, 2.32000, 26.22588
233, 2.33000, 26.20260
234, 2.34000, 23.61813
235, 2.35000, 23.54186
236, 2.36000, 30.08111
237, 2.37000, 25.79144
238, 2.38000, 19.73830
239, 2.39000, 20.54293
240, 2.40000, 25.03459
241, 2.41000, 21.43179
242, 2.42000, 22.69132
243, 2.43000, 17.66893
244, 2.44000, 19.22572
245, 2.45000, 25.92587
246, 2.46000, 30.05872
247, 2.47000, 25.32353
248, 2.48000, 22.16356
249, 2.49000, 17.86124
250, 2.50000, 23.30133
251, 2.51000, 21.07881
252, 2.52000, 27.66628
253, 2.53000, 24.83113
254, 2.54000, 25.41669
255, 2.55000, 25.35946
256, 2.56000, 25.12672
257, 2.57000, 20.98951
258, 2.58000, 22.27953
259, 2.59000, 24.19411
260, 2.60000, 24.43992
261, 2.61000, 26.45583
262, 2.62000, 31.23861
263, 2.63000, 21.92773
264, 2.64000, 24.03657
265, 2.65000, 22.03803
266, 2.66000, 26.96242
267, 2.67000, 25.19141
268, 2.68000, 25.50116
269, 2.69000, 18.83150
270, 2.70000, 23.28129
271, 2.71000, 20.15333
272, 2.72000, 19.24450
273, 2.73000, 19.71993
274, 2.74000, 24.66682
275, 2.75000, 26.51372
276, 2.76000, 17.39226
277, 2.77000, 27.83789
278, 2.78000, 31.68039
279, 2.79000, 18.08164
280, 2.80000, 22.52281
281, 2.81000, 24.72522
282, 2.82000, 28.66314
283, 2.83000, 26.48812
284, 2.84000, 25.84745
285, 2.85000, 28.29719
286, 2.86000, 16.71195
287, 2.87000, 26.55063
288, 2.88000, 22.08454
289, 2.89000, 26.32744
290, 2.90000, 21.92432
291, 2.91000, 21.75938
292, 2.92000, 30.72811
293, 2.93000, 14.59380
294, 2.94000, 24.54240
295, 2.95000, 27.08577
296, 2.96000, 23.23330
297, 2.97000, 16.86095
298, 2.98000, 15.75861
299, 2.99000, 15.12233
300, 3.00000, 15.85305
301, 3.01000, 22.37336
302, 3.02000, 20.81888
303, 3.03000, 20.89663
304, 3.04000, 20.89080
305, 3.05000, 17.01722
306, 3.06000, 19.49012
307, 3.07000, 18.99441
308, 3.08000, 16.69016
309, 3.09000, 16.89406
310, 3.10000, 22.08487
311, 3.11000, 22.64125
312, 3.12000, 17.78978
313, 3.13000, 22.46148
314, 3.14000, 21.13106
315, 3.15000, 20.14064
316, 3.16000, 20.77300
317, 3.17000, 18.96382
318, 3.18000, 13.98126
319, 3.19000, 18.09450
320, 3.20000, 16.25475
321, 3.21000, 23.88154
322, 3.22000, 30.58183
323, 3.23000, 20.27217
324, 3.24000, 24.22157
325, 3.25000, 27.10961
326, 3.26000, 22.90634
327, 3.27000, 24.94044
328, 3.28000, 19.16627
329, 3.29000, 20.66127
330, 3.30000, 16.24158
331, 3.31000, 18.42381
332, 3.32000, 13.95575
333, 3.33000, 12.00881
334, 3.34000, 13.09787
335, 3.35000, 15.67855
336, 3.36000, 22.47186
337, 3.37000, 18.40969
338, 3.38000, 19.47474
339, 3.39000, 22.17070
340, 3.40000, 22.60383
341, 3.41000, 21.12140
342, 3.42000, 21.41613
343, 3.43000, 21.75894
344, 3.44000, 20.35363
345, 3.45000, 16.16109
346, 3.46000, 20.12962
347, 3.47000, 18.34731
348, 3.48000, 24.10306
349, 3.49000, 21.80682
350, 3.50000, 21.72643
351, 3.51000, 17.24705
352, 3.52000, 19.89083
353, 3.53000, 19.08499
354, 3.54000, 26.62908
355, 3.55000, 19.13021
356, 3.56000, 23.13230
357, 3.57000, 20.99041
358, 3.58000, 25.27842
359, 3.59000, 18.78458
360, 3.60000, 17.69254
361, 3.61000, 18.65721
362, 3.62000, 19.46425
363, 3.63000, 17.82905
364, 3.64000, 21.41738
365, 3.65000, 11.86151
366, 3.66000, 13.16317
367, 3.67000, 12.67574
368, 3.68000, 15.75400
369, 3.69000, 20.21876
370, 3.70000, 19.62063
371, 3.71000, 22.87988
372, 3.72000, 26.80084
373, 3.73000, 27.34000
374, 3.74000, 27.42309
375, 3.75000, 22.92028
376, 3.76000, 24.69883
377, 3.77000, 23.76532
378, 3.78000, 23.18378
379, 3.79000, 21.74921
380, 3.80000, 31.77283
381, 3.81000, 21.48048
382, 3.82000, 16.42809
383, 3.83000, 16.01494
384, 3.84000, 22.02202
385, 3.85000, 16.79434
386, 3.86000, 23.61724
387, 3.87000, 25.18844
388, 3.88000, 26.58899
389, 3.89000, 24.27805
390, 3.90000, 20.11934
391, 3.91000, 21.07586
392, 3.92000, 22.70424
393, 3.93000, 23.35074
394, 3.94000, 20.67623
395, 3.95000, 22.58705
396, 3.96000, 19.34150
397, 3.97000, 20.93736
398, 3.98000, 24.24572
399, 3.99000, 25.88844
400, 4.00000, 23.29889
401, 4.01000, 18.49788
402, 4.02000, 19.28940
403, 4.03000, 18.48763
404, 4.04000, 23.97445
405, 4.05000, 21.47420
406, 4.06000, 27.89577
407, 4.07000, 24.02154
408, 4.08000, 23.67199
409, 4.09000, 37.78165
410, 4.10000, 25.60104
411, 4.11000, 23.53994
412, 4.12000, 20.70021
413, 4.13000, 23.77599
414, 4.14000, 22.04603
415, 4.15000, 24.43497
416, 4.16000, 29.12873
417, 4.17000, 24.08446
418, 4.18000, 19.59760
419, 4.19000, 18.62640
420, 4.20000, 16.75873
421, 4.21000, 18.97607
422, 4.22000, 29.02565
423, 4.23000, 28.28109
424, 4.24000, 21.90503
425, 4.25000, 32.20390
426, 4.26000, 26.78255
427, 4.27000, 24.55305
428, 4.28000, 26.38066
429, 4.29000, 25.32367
430, 4.30000, 28.14760
431, 4.31000, 26.04814
432, 4.32000, 21.71232
433, 4.33000, 24.94195
434, 4.34000, 22.28413
435, 4.35000, 22.14885
436, 4.36000, 26.87826
437, 4.37000, 20.55391
438, 4.38000, 22.41850
439, 4.39000, 26.33485
440, 4.40000, 30.40656
441, 4.41000, 20.01604
442, 4.42000, 20.10631
443, 4.43000, 30.20719
444, 4.44000, 36.75857
445, 4.45000, 24.24251
446, 4.46000, 22.38119
447, 4.47000, 26.21044
448, 4.48000, 27.46235
449, 4.49000, 18.89337
450, 4.50000, 27.06841
451, 4.51000, 31.21960
452, 4.52000, 29.07136
453, 4.53000, 34.54516
454, 4.54000, 24.05859
455, 4.55000, 17.51969
456, 4.56000, 18.82884
457, 4.57000, 25.32815
458, 4.58000, 22.32827
459, 4.59000, 30.45113
460, 4.60000, 26.54509
461, 4.61000, 29.19076
462, 4.62000, 25.68081
463, 4.63000, 25.87774
464, 4.64000, 21.93274
465, 4.65000, 25.30765
466, 4.66000, 25.85332
467, 4.67000, 24.04645
468, 4.68000, 26.22459
469, 4.69000, 17.45815
470, 4.70000, 34.87258
471, 4.71000, 32.13268
472, 4.72000, 28.30328
473, 4.73000, 23.21050
474, 4.74000, 23.90829
475, 4.75000, 22.09715
476, 4.76000, 18.64325
477, 4.77000, 27.90796
478, 4.78000, 32.57168
479, 4.79000, 24.29997
480, 4.80000, 22.45411
481, 4.81000, 33.48178
482, 4.82000, 26.63534
483, 4.83000, 38.93543
484, 4.84000, 28.57547
485, 4.85000, 26.71053
486, 4.86000, 26.81233
487, 4.87000, 31.81032
488, 4.88000, 27.90551
489, 4.89000, 27.96506
490, 4.90000, 31.85537
491, 4.91000, 28.73817
492, 4.92000, 22.87319
493, 4.93000, 17.35715
494, 4.94000, 20.60126
495, 4.95000, 24.91881
496, 4.96000, 24.43424
497, 4.97000, 25.40890
498, 4.98000, 24.66722
499, 4.99000, 26.59950
500, 5.00000, 24.66769
501, 5.01000, 25.49387
502, 5.02000, 28.09531
503, 5.03000, 30.11714
504, 5.04000, 27.66144
505, 5.05000, 19.91512
506, 5.06000, 14.93595
507, 5.07000, 13.36357
508, 5.08000, 19.66458
509, 5.09000, 25.57733
510, 5.10000, 24.48613
511, 5.11000, 24.46539
512, 5.12000, 27.17424
513, 5.13000, 21.05729
514, 5.14000, 25.52276
515, 5.15000, 28.26325
516, 5.16000, 25.09595
517, 5.17000, 17.23582
518, 5.18000, 16.55493
519, 5.19000, 17.72844
520, 5.20000, 20.99762
521, 5.21000, 22.37819
522, 5.22000, 21.51681
523, 5.23000, 27.76790
524, 5.24000, 21.55629
525, 5.25000, 19.54114
526, 5.26000, 19.14106
527, 5.27000, 21.34226
528, 5.28000, 21.25412
529, 5.29000, 22.01876
530, 5.30000, 26.29327
531, 5.31000, 20.01238
532, 5.32000, 21.91392
533, 5.33000, 27.01455
534, 5.34000, 19.66435
535, 5.35000, 18.56924
536, 5.36000, 22.43229
537, 5.37000, 24.00664
538, 5.38000, 29.78050
539, 5.39000, 26.51997
540, 5.40000, 23.77161
541, 5.41000, 27.52169
542, 5.42000, 26.26003
543, 5.43000, 22.99691
544, 5.44000, 27.78127
545, 5.45000, 26.59173
546, 5.46000, 25.44111
547, 5.47000, 20.16305
548, 5.48000, 21.94849
549, 5.49000, 17.20179
550, 5.50000, 19.27237
551, 5.51000, 23.04725
552, 5.52000, 25.71708
553, 5.53000, 21.13576
554, 5.54000, 26.72567
555, 5.55000, 25.10853
556, 5.56000, 22.04726
557, 5.57000, 20.08279
558, 5.58000, 15.83582
559, 5.59000, 18.08331
560, 5.60000, 21.14341
561, 5.61000, 22.24303
562, 5.62000, 22.18838
563, 5.63000, 18.83880
564, 5.64000, 18.19271
565, 5.65000, 27.14076
566, 5.66000, 23.33163
567, 5.67000, 28.33268
568, 5.68000, 27.57536
569, 5.69000, 24.13160
570, 5.70000, 22.31966
571, 5.71000, 22.87784
572, 5.72000, 22.27606
573, 5.73000, 22.93006
574, 5.74000, 23.98657
575, 5.75000, 23.99431
576, 5.76000, 30.25211
577, 5.77000, 26.16628
578, 5.78000, 24.45789
579, 5.79000, 16.81098
580, 5.80000, 20.88510
581, 5.81000, 20.37923
582, 5.82000, 22.66722
583, 5.83000, 25.21305
584, 5.84000, 24.22429
585, 5.85000, 23.60943
586, 5.86000, 26.30360
587, 5.87000, 32.62695
588, 5.88000, 29.24234
589, 5.89000, 28.20163
590, 5.90000, 27.96059
591, 5.91000, 20.87286
592, 5.92000, 20.94711
593, 5.93000, 24.04666
594, 5.94000, 24.53292
595, 5.95000, 26.47474
596, 5.96000, 26.53591
597, 5.97000, 25.23789
598, 5.98000, 26.44766
599, 5.99000, 21.77503
600, 6.00000, 19.22902
601, 6.01000, 23.83584
602, 6.02000, 23.54187
603, 6.03000, 28.54808
604, 6.04000, 23.86303
605, 6.05000, 23.07615
606, 6.06000, 21.17080
607, 6.07000, 19.01411
608, 6.08000, 23.85483
609, 6.09000, 25.21463
610, 6.10000, 25.67549
611, 6.11000, 25.13044
612, 6.12000, 20.36298
613, 6.13000, 19.90597
614, 6.14000, 24.93740
615, 6.15000, 20.84293
616, 6.16000, 21.66777
617, 6.17000, 20.29512
618, 6.18000, 25.98449
619, 6.19000, 22.70751
620, 6.20000, 23.20634
621, 6.21000, 30.35707
622, 6.22000, 27.58561
623, 6.23000, 29.23906
624, 6.24000, 29.14897
625, 6.25000, 23.47338
626, 6.26000, 23.18333
627, 6.27000, 20.80971
628, 6.28000, 20.97961
629, 6.29000, 22.05863
630, 6.30000, 25.69832
631, 6.31000, 20.07199
632, 6.32000, 18.46498
633, 6.33000, 21.70042
634, 6.34000, 24.76672
635, 6.35000, 24.43670
636, 6.36000, 22.78872
637, 6.37000, 25.73895
638, 6.38000, 25.71489
639, 6.39000, 24.10917
640, 6.40000, 31.98941
641, 6.41000, 28.20679
642, 6.42000, 22.85146
643, 6.43000, 23.37533
644, 6.44000, 19.84335
645, 6.45000, 17.16933
646, 6.46000, 16.88274
647, 6.47000, 14.90125
648, 6.48000, 15.94396
649, 6.49000, 28.70434
650, 6.50000, 29.54000
651, 6.51000, 25.07654
652, 6.52000, 23.48818
653, 6.53000, 25.11003
654, 6.54000, 22.04071
655, 6.55000, 20.04644
656, 6.56000, 19.55134
657, 6.57000, 27.35866
658, 6.58000, 22.67980
659, 6.59000, 27.09455
660, 6.60000, 20.92391
661, 6.61000, 28.96835
662, 6.62000, 26.01344
663, 6.63000, 20.02182
664, 6.64000, 20.30451
665, 6.65000, 25.03688
666, 6.66000, 25.35433
667, 6.67000, 23.74172
668, 6.68000, 19.24281
669, 6.69000, 18.69735
670, 6.70000, 20.14297
671, 6.71000, 17.46524
672, 6.72000, 15.06973
673, 6.73000, 16.16945
674, 6.74000, 27.40048
675, 6.75000, 18.13570
676, 6.76000, 21.71286
677, 6.77000, 19.73423
678, 6.78000, 23.09393
679, 6.79000, 27.54719
680, 6.80000, 22.29655
681, 6.81000, 23.03624
682, 6.82000, 23.57136
683, 6.83000, 22.73271
684, 6.84000, 23.65896
685, 6.85000, 26.40135
686, 6.86000, 31.44031
687, 6.87000, 25.62703
688, 6.88000, 19.83954
689, 6.89000, 22.02467
690, 6.90000, 20.99818
691, 6.91000, 20.58428
692, 6.92000, 25.46461
693, 6.93000, 25.66400
694, 6.94000, 25.33278
695, 6.95000, 33.07542
696, 6.96000, 24.22687
697, 6.97000, 20.83618
698, 6.98000, 13.83574
699, 6.99000, 22.65054
700, 7.00000, 27.73127
701, 7.01000, 25.61367
702, 7.02000, 26.82664
703, 7.03000, 29.97671
704, 7.04000, 25.32083
705, 7.05000, 25.31383
706, 7.06000, 24.24647
707, 7.07000, 27.06755
708, 7.08000, 25.03253
709, 7.09000, 25.02522
710, 7.10000, 21.37082
711, 7.11000, 21.97514
712, 7.12000, 21.33808
713, 7.13000, 18.04734
714, 7.14000, 21.54108
715, 7.15000, 23.66635
716, 7.16000, 24.29183
717, 7.17000, 21.82444
718, 7.18000, 25.67027
719, 7.19000, 27.58773
720, 7.20000, 26.38482
721, 7.21000, 23.78927
722, 7.22000, 24.96029
723, 7.23000, 19.37639
724, 7.24000, 17.97913
725, 7.25000, 23.35049
726, 7.26000, 24.55695
727, 7.27000, 28.74856
728, 7.28000, 20.59700
729, 7.29000, 22.00367
730, 7.30000, 17.63820
731, 7.31000, 19.61965
732, 7.32000, 16.60234
733, 7.33000, 16.60483
734, 7.34000, 16.04705
735, 7.35000, 15.78195
736, 7.36000, 19.25307
737, 7.37000, 19.84108
738, 7.38000, 24.76705
739, 7.39000, 22.88738
740, 7.40000, 25.92646
741, 7.41000, 24.94261
742, 7.42000, 24.55039
743, 7.43000, 31.63647
744, 7.44000, 26.66636
745, 7.45000, 26.91576
746, 7.46000, 24.88004
747, 7.47000, 24.33327
748, 7.48000, 25.79868
749, 7.49000, 24.43878
750, 7.50000, 28.84861
751, 7.51000, 29.45705
752, 7.52000, 26.95534
753, 7.53000, 27.05005
754, 7.54000, 22.85827
755, 7.55000, 24.98574
756, 7.56000, 20.94100
757, 7.57000, 22.79711
758, 7.58000, 21.74503
759, 7.59000, 19.90010
760, 7.60000, 24.29471
761, 7.61000, 23.05945
762, 7.62000, 25.83945
763, 7.63000, 26.33652
764, 7.64000, 22.98206
765, 7.65000, 31.97513
766, 7.66000, 29.71556
767, 7.67000, 23.62634
768, 7.68000, 21.86701
769, 7.69000, 28.28608
770, 7.70000, 20.56417
771, 7.71000, 20.80725
772, 7.72000, 22.74789
773, 7.73000, 23.03794
774, 7.74000, 26.30813
775, 7.75000, 21.89849
776, 7.76000, 20.12707
777, 7.77000, 19.31742
778, 7.78000, 18.99565
779, 7.79000, 18.80503
780, 7.80000, 18.29777
781, 7.81000, 17.68561
782, 7.82000, 21.17705
783, 7.83000, 26.85872
784, 7.84000, 22.96480
785, 7.85000, 19.19373
786, 7.86000, 16.58843
787, 7.87000, 18.34404
788, 7.88000, 21.39781
789, 7.89000, 23.80189
790, 7.90000, 26.67528
791, 7.91000, 28.03184
792, 7.92000, 21.32960
793, 7.93000, 20.45130
794, 7.94000, 21.07228
795, 7.95000, 18.71516
796, 7.96000, 23.30002
797, 7.97000, 27.93617
798, 7.98000, 24.78627
799, 7.99000, 25.99686
800, 8.00000, 27.58872
801, 8.01000, 25.16235
802, 8.02000, 17.55255
803, 8.03000, 20.95471
804, 8.04000, 27.82930
805, 8.05000, 21.90025
806, 8.06000, 24.38495
807, 8.07000, 22.41581
808, 8.08000, 21.12314
809, 8.09000, 19.97011
810, 8.10000, 19.76536
811, 8.11000, 16.41196
812, 8.12000, 15.11219
813, 8.13000, 16.61131
814, 8.14000, 15.41268
815, 8.15000, 16.62565
816, 8.16000, 20.51902
817, 8.17000, 21.12811
818, 8.18000, 25.63156
819, 8.19000, 19.04494
820, 8.20000, 22.03313
821, 8.21000, 22.60736
822, 8.22000, 23.37237
823, 8.23000, 27.70195
824, 8.24000, 18.28667
825, 8.25000, 20.68706
826, 8.26000, 25.30782
827, 8.27000, 22.00239
828, 8.28000, 22.47775
829, 8.29000, 29.95700
830, 8.30000, 24.32160
831, 8.31000, 27.65023
832, 8.32000, 23.13282
833, 8.33000, 22.73673
834, 8.34000, 19.76554
835, 8.35000, 24.09548
836, 8.36000, 21.51535
837, 8.37000, 26.87226
838, 8.38000, 23.23175
839, 8.39000, 25.36789
840, 8.40000, 24.45607
841, 8.41000, 21.10208
842, 8.42000, 28.09120
843, 8.43000, 24.41277
844, 8.44000, 18.19267
845, 8.45000, 22.60835
846, 8.46000, 26.72915
847, 8.47000, 26.87178
848, 8.48000, 26.71819
849, 8.49000, 22.68504
850, 8.50000, 25.05588
851, 8.51000, 18.88398
852, 8.52000, 24.84455
853, 8.53000, 29.21533
854, 8.54000, 28.05318
855, 8.55000, 26.26103
856, 8.56000, 26.23905
857, 8.57000, 23.73141
858, 8.58000, 20.88069
859, 8.59000, 23.40803
860, 8.60000, 17.37369
861, 8.61000, 24.72814
862, 8.62000, 21.52820
863, 8.63000, 25.19935
864, 8.64000, 25.42440
865, 8.65000, 27.45016
866, 8.66000, 21.72974
867, 8.67000, 24.45779
868, 8.68000, 25.02947
869, 8.69000, 25.08439
870, 8.70000, 24.12369
871, 8.71000, 22.54465
872, 8.72000, 19.90088
873, 8.73000, 21.67761
874, 8.74000, 23.12126
875, 8.75000, 26.43401
876, 8.76000, 20.61383
877, 8.77000, 19.40498
878, 8.78000, 21.07144
879, 8.79000, 24.95365
880, 8.80000, 32.23303
881, 8.81000, 20.78337
882, 8.82000, 16.44917
883, 8.83000, 21.09559
884, 8.84000, 27.50320
885, 8.85000, 26.80360
886, 8.86000, 25.06072
887, 8.87000, 22.39508
888, 8.88000, 22.85417
889, 8.89000, 23.37354
890, 8.90000, 20.82129
891, 8.91000, 22.01969
892, 8.92000, 20.87530
893, 8.93000, 18.25838
894, 8.94000, 22.40811
895, 8.95000, 20.32213
896, 8.96000, 18.96426
897, 8.97000, 23.19225
898, 8.98000, 22.08966
899, 8.99000, 19.77443
900, 9.00000, 20.78641
901, 9.01000, 18.29358
902, 9.02000, 20.66826
903, 9.03000, 20.54314
904, 9.04000, 24.67684
905, 9.05000, 23.85980
906, 9.06000, 18.86677
907, 9.07000, 18.06244
908, 9.08000, 26.69881
909, 9.09000, 20.00245
910, 9.10000, 20.04953
911, 9.11000, 17.18045
912, 9.12000, 20.05039
913, 9.13000, 25.86715
914, 9.14000, 26.79541
915, 9.15000, 18.54347
916, 9.16000, 22.17202
917, 9.17000, 24.93705
918, 9.18000, 20.04948
919, 9.19000, 18.88073
920, 9.20000, 23.25335
921, 9.21000, 20.66090
922, 9.22000, 18.15800
923, 9.23000, 21.49642
924, 9.24000, 20.19959
925, 9.25000, 24.27169
926, 9.26000, 22.06413
927, 9.27000, 29.24507
928, 9.28000, 24.98810
929, 9.29000, 22.29730
930, 9.30000, 25.01803
931, 9.31000, 30.64226
932, 9.32000, 21.31955
933, 9.33000, 23.90229
934, 9.34000, 26.34860
935, 9.35000, 23.17817
936, 9.36000, 26.75008
937, 9.37000, 32.01218
938, 9.38000, 21.93420
939, 9.39000, 18.20123
940, 9.40000, 19.44865
941, 9.41000, 19.15342
942, 9.42000, 24.14869
943, 9.43000, 26.02643
944, 9.44000, 28.22231
945, 9.45000, 20.34769
946, 9.46000, 15.53666
947, 9.47000, 22.14056
948, 9.48000, 22.16458
949, 9.49000, 25.46517
950, 9.50000, 27.70475
951, 9.51000, 20.61186
952, 9.52000, 22.86627
953, 9.53000, 20.29221
954, 9.54000, 22.16354
955, 9.55000, 23.57093
956, 9.56000, 19.01890
957, 9.57000, 23.71391
958, 9.58000, 19.42834
959, 9.59000, 29.09061
960, 9.60000, 19.03032
961, 9.61000, 25.45279
962, 9.62000, 23.81226
963, 9.63000, 28.23921
964, 9.64000, 22.76263
965, 9.65000, 20.19152
966, 9.66000, 22.15607
967, 9.67000, 29.11098
968, 9.68000, 23.00456
969, 9.69000, 29.62114
970, 9.70000, 24.46848
971, 9.71000, 25.22406
972, 9.72000, 23.56652
973, 9.73000, 23.98759
974, 9.74000, 23.90005
975, 9.75000, 24.98552
976, 9.76000, 28.87946
977, 9.77000, 23.15558
978, 9.78000, 25.05954
979, 9.79000, 18.59169
980, 9.80000, 20.12961
981, 9.81000, 23.86594
982, 9.82000, 16.65511
983, 9.83000, 15.62530
984, 9.84000, 17.30054
985, 9.85000, 19.12834
986, 9.86000, 18.40094
987, 9.87000, 27.37303
988, 9.88000, 23.85508
989, 9.89000, 23.03398
990, 9.90000, 21.19082
991, 9.91000, 22.87268
992, 9.92000, 24.44650
993, 9.93000, 25.03632
994, 9.94000, 21.90432
995, 9.95000, 22.39914
996, 9.96000, 24.83463
997, 9.97000, 22.21729
998, 9.98000, 23.68325
999, 9.99000, 25.46523
1000, 10.00000, 23.38119
1001, 10.01000, 30.29134
1002, 10.02000, 27.29789
1003, 10.03000, 23.93184
1004, 10.04000, 24.95650
1005, 10.05000, 22.94165
1006, 10.06000, 22.85066
1007, 10.07000, 28.50103
1008, 10.08000, 24.78961
1009, 10.09000, 17.92865
1010, 10.10000, 18.94840
1011, 10.11000, 25.09386
1012, 10.12000, 24.06771
1013, 10.13000, 23.02114
1014, 10.14000, 22.09424
1015, 10.15000, 27.79208
1016, 10.16000, 26.50134
1017, 10.17000, 25.34036
1018, 10.18000, 19.41584
1019, 10.19000, 21.45678
1020, 10.20000, 24.08625
1021, 10.21000, 25.06880
1022, 10.22000, 26.50745
1023, 10.23000, 25.47986
1024, 10.24000, 17.96598
1025, 10.25000, 21.83400
1026, 10.26000, 28.99510
1027, 10.27000, 21.71508
1028, 10.28000, 18.64240
1029, 10.29000, 21.22148
1030, 10.30000, 23.15059
1031, 10.31000, 27.87301
1032, 10.32000, 27.25058
1033, 10.33000, 25.81015
1034, 10.34000, 22.87438
1035, 10.35000, 17.53467
1036, 10.36000, 20.41289
1037, 10.37000, 22.98662
1038, 10.38000, 25.30541
1039, 10.39000, 22.94739
1040, 10.40000, 23.09120
1041, 10.41000, 24.02301
1042, 10.42000, 27.51332
1043, 10.43000, 28.84829
1044, 10.44000, 28.32906
1045, 10.45000, 29.39163
1046, 10.46000, 28.33704
1047, 10.47000, 24.07597
1048, 10.48000, 23.82785
1049, 10.49000, 19.99612
1050, 10.50000, 20.75502
1051, 10.51000, 19.83639
1052, 10.52000, 22.97833
1053, 10.53000, 22.86468
1054, 10.54000, 28.18007
1055, 10.55000, 23.02072
1056, 10.56000, 23.23046
1057, 10.57000, 28.27017
1058, 10.58000, 32.79770
1059, 10.59000, 31.37526
1060, 10.60000, 23.52429
1061, 10.61000, 20.48479
1062, 10.62000, 21.26696
1063, 10.63000, 25.40683
1064, 10.64000, 20.79593
1065, 10.65000, 23.14505
1066, 10.66000, 22.89368
1067, 10.67000, 29.92523
1068, 10.68000, 24.85686
1069, 10.69000, 25.10480
1070, 10.70000, 20.92092
1071, 10.71000, 20.67186
1072, 10.72000, 17.82739
1073, 10.73000, 21.43767
1074, 10.74000, 27.34682
1075, 10.75000, 29.51601
1076, 10.76000, 25.90179
1077, 10.77000, 26.29925
1078, 10.78000, 26.97653
1079, 10.79000, 20.25986
1080, 10.80000, 19.77609
1081, 10.81000, 19.37644
1082, 10.82000, 28.50591
1083, 10.83000, 25.68403
1084, 10.84000, 23.69377
1085, 10.85000, 21.78897
1086, 10.86000, 22.62735
1087, 10.87000, 23.46775
1088, 10.88000, 25.83950
1089, 10.89000, 22.73339
1090, 10.90000, 26.03156
1091, 10.91000, 25.72057
1092, 10.92000, 25.16362
1093, 10.93000, 27.01953
1094, 10.94000, 22.43165
1095, 10.95000, 15.96657
1096, 10.96000, 16.89624
1097, 10.97000, 23.57684
1098, 10.98000, 21.15765
1099, 10.99000, 29.74066
1100, 11.00000, 23.43551
1101, 11.01000, 25.39228
1102, 11.02000, 28.84906
1103, 11.03000, 18.90071
1104, 11.04000, 22.20668
1105, 11.05000, 23.04168
1106, 11.06000, 19.18382
1107, 11.07000, 24.89094
1108, 11.08000, 23.54116
1109, 11.09000, 18.35769
1110, 11.10000, 16.93414
1111, 11.11000, 27.94007
1112, 11.12000, 30.77282
1113, 11.13000, 26.34007
1114, 11.14000, 23.27550
1115, 11.15000, 16.32177
1116, 11.16000, 21.33543
1117, 11.17000, 20.26959
1118, 11.18000, 24.14164
1119, 11.19000, 28.09808
1120, 11.20000, 26.37031
1121, 11.21000, 19.34939
1122, 11.22000, 19.54171
1123, 11.23000, 25.85448
1124, 11.24000, 19.99387
1125, 11.25000, 24.23212
1126, 11.26000, 26.06755
1127, 11.27000, 25.37981
1128, 11.28000, 22.78873
1129, 11.29000, 22.64122
1130, 11.30000, 20.85387
1131, 11.31000, 23.65927
1132, 11.32000, 24.60172
1133, 11.33000, 20.38526
1134, 11.34000, 18.03375
1135, 11.35000, 27.36235
1136, 11.36000, 25.76217
1137, 11.37000, 28.85547
1138, 11.38000, 23.96007
1139, 11.39000, 24.14765
1140, 11.40000, 19.96602
1141, 11.41000, 21.66213
1142, 11.42000, 26.55610
1143, 11.43000, 20.60995
1144, 11.44000, 17.36297
1145, 11.45000, 18.48417
1146, 11.46000, 20.61462
1147, 11.47000, 27.43955
1148, 11.48000, 26.64377
1149, 11.49000, 31.32029
1150, 11.50000, 30.41941
1151, 11.51000, 27.33548
1152, 11.52000, 21.02154
1153, 11.53000, 22.64226
1154, 11.54000, 19.57181
1155, 11.55000, 17.11158
1156, 11.56000, 20.99594
1157, 11.57000, 18.64522
1158, 11.58000, 18.93011
1159, 11.59000, 19.32157
1160, 11.60000, 18.85547
1161, 11.61000, 20.43816
1162, 11.62000, 18.50321
1163, 11.63000, 23.97375
1164, 11.64000, 28.26194
1165, 11.65000, 24.55069
1166, 11.66000, 20.75535
1167, 11.67000, 21.41006
1168, 11.68000, 26.92751
1169, 11.69000, 22.65088
1170, 11.70000, 20.93935
1171, 11.71000, 26.31237
1172, 11.72000, 23.32684
1173, 11.73000, 19.75357
1174, 11.74000, 16.60515
1175, 11.75000, 16.01141
1176, 11.76000, 19.69310
1177, 11.77000, 23.51713
1178, 11.78000, 21.29947
1179, 11.79000, 19.98463
1180, 11.80000, 28.53386
1181, 11.81000, 24.48984
1182, 11.82000, 23.14696
1183, 11.83000, 19.66995
1184, 11.84000, 23.02455
1185, 11.85000, 33.54159
1186, 11.86000, 19.47965
1187, 11.87000, 17.36095
1188, 11.88000, 25.21712
1189, 11.89000, 25.55145
1190, 11.90000, 20.54870
1191, 11.91000, 22.17838
1192, 11.92000, 21.56625
1193, 11.93000, 21.53663
1194, 11.94000, 21.31948
1195, 11.95000, 22.98108
1196, 11.96000, 29.10937
1197, 11.97000, 28.83869
1198, 11.98000, 26.06171
1199, 11.99000, 20.50389
1200, 12.00000, 16.20064
1201, 12.01000, 14.31574
1202, 12.02000, 16.93986
1203, 12.03000, 16.46411
1204, 12.04000, 19.78815
1205, 12.05000, 17.74789
1206, 12.06000, 18.52947
1207, 12.07000, 16.67395
1208, 12.08000, 21.53224
1209, 12.09000, 21.38717
1210, 12.10000, 27.98449
1211, 12.11000, 23.18712
1212, 12.12000, 26.44522
1213, 12.13000, 23.63993
1214, 12.14000, 24.44623
1215, 12.15000, 19.28173
1216, 12.16000, 22.15325
1217, 12.17000, 25.28278
1218, 12.18000, 23.98943
1219, 12.19000, 22.69326
1220, 12.20000, 19.83491
1221, 12.21000, 19.58562
1222, 12.22000, 18.32939
1223, 12.23000, 20.82590
1224, 12.24000, 20.46173
1225, 12.25000, 26.59823
1226, 12.26000, 31.26964
1227, 12.27000, 20.16291
1228, 12.28000, 18.74298
1229, 12.29000, 19.51506
1230, 12.30000, 21.76242
1231, 12.31000, 21.58462
1232, 12.32000, 24.81541
1233, 12.33000, 18.23742
1234, 12.34000, 23.21328
1235, 12.35000, 22.14646
1236, 12.36000, 24.45433
1237, 12.37000, 26.90559
1238, 12.38000, 26.16701
1239, 12.39000, 24.52759
1240, 12.40000, 24.97185
1241, 12.41000, 24.71344
1242, 12.42000, 23.07386
1243, 12.43000, 22.92090
1244, 12.44000, 20.97733
1245, 12.45000, 28.23333
1246, 12.46000, 25.12279
1247, 12.47000, 24.22679
1248, 12.48000, 22.42927
1249, 12.49000, 25.54653
1250, 12.50000, 22.05159
1251, 12.51000, 25.55879
1252, 12.52000, 25.32248
1253, 12.53000, 27.16726
1254, 12.54000, 24.36038
1255, 12.55000, 18.83347
1256, 12.56000, 25.56011
1257, 12.57000, 28.33461
1258, 12.58000, 27.83292
1259, 12.59000, 24.56851
1260, 12.60000, 30.63782
1261, 12.61000, 23.38292
1262, 12.62000, 24.79244
1263, 12.63000, 24.65530
1264, 12.64000, 20.58033
1265, 12.65000, 24.01245
1266, 12.66000, 24.37010
1267, 12.67000, 24.00533
1268, 12.68000, 23.32971
1269, 12.69000, 21.99679
1270, 12.70000, 25.49240
1271, 12.71000, 22.01272
1272, 12.72000, 23.24421
1273, 12.73000, 20.39552
1274, 12.74000, 20.64970
1275, 12.75000, 26.57012
1276, 12.76000, 28.72687
1277, 12.77000, 23.77115
1278, 12.78000, 19.38775
1279, 12.79000, 19.33905
1280, 12.80000, 23.95444
1281, 12.81000, 19.03915
1282, 12.82000, 22.93580
1283, 12.83000, 21.18594
1284, 12.84000, 22.86702
1285, 12.85000, 22.63206
1286, 12.86000, 24.50520
1287, 12.87000, 22.01330
1288, 12.88000, 20.14431
1289, 12.89000, 16.26135
1290, 12.90000, 20.64392
1291, 12.91000, 29.92688
1292, 12.92000, 26.87247
1293, 12.93000, 25.27825
1294, 12.94000, 25.19870
1295, 12.95000, 23.95927
1296, 12.96000, 25.12527
1297, 12.97000, 25.34127
1298, 12.98000, 22.29124
1299, 12.99000, 21.72061
1300, 13.00000, 22.47390
1301, 13.01000, 25.16536
1302, 13.02000, 24.85306
1303, 13.03000, 22.25533
1304, 13.04000, 18.43616
1305, 13.05000, 16.07568
1306, 13.06000, 23.76042
1307, 13.07000, 23.60948
1308, 13.08000, 23.24960
1309, 13.09000, 28.02474
1310, 13.10000, 24.23044
1311, 13.11000, 20.03639
1312, 13.12000, 21.59029
1313, 13.13000, 20.17064
1314, 13.14000, 20.03549
1315, 13.15000, 23.03252
1316, 13.16000, 27.10003
1317, 13.17000, 29.40460
1318, 13.18000, 22.34736
1319, 13.19000, 23.05616
1320, 13.20000, 26.56851
1321, 13.21000, 19.17296
1322, 13.22000, 19.75752
1323, 13.23000, 20.49063
1324, 13.24000, 25.64780
1325, 13.25000, 20.92691
1326, 13.26000, 23.68533
1327, 13.27000, 24.17620
1328, 13.28000, 28.06611
1329, 13.29000, 26.71522
1330, 13.30000, 31.28404
1331, 13.31000, 25.01553
1332, 13.32000, 29.11057
1333, 13.33000, 24.51986
1334, 13.34000, 18.44644
1335, 13.35000, 16.97461
1336, 13.36000, 18.97218
1337, 13.37000, 18.36356
1338, 13.38000, 19.69389
1339, 13.39000, 18.04560
1340, 13.40000, 13.83535
1341, 13.41000, 21.13457
1342, 13.42000, 21.40538
1343, 13.43000, 22.14881
1344, 13.44000, 24.96706
1345, 13.45000, 24.49199
1346, 13.46000, 25.98113
1347, 13.47000, 24.07052
1348, 13.48000, 19.87279
1349, 13.49000, 23.91543
1350, 13.50000, 26.82469
1351, 13.51000, 21.78625
1352, 13.52000, 22.27070
1353, 13.53000, 28.98969
1354, 13.54000, 25.75811
1355, 13.55000, 23.49483
1356, 13.56000, 25.46855
1357, 13.57000, 23.13364
1358, 13.58000, 20.63249
1359, 13.59000, 16.99265
1360, 13.60000, 22.38936
1361, 13.61000, 24.86852
1362, 13.62000, 27.82352
1363, 13.63000, 28.10130
1364, 13.64000, 30.30864
1365, 13.65000, 27.15770
1366, 13.66000, 18.98630
1367, 13.67000, 18.73748
1368, 13.68000, 22.46371
1369, 13.69000, 30.05306
1370, 13.70000, 19.91402
1371, 13.71000, 23.26380
1372, 13.72000, 22.82290
1373, 13.73000, 26.88784
1374, 13.74000, 25.97254
1375, 13.75000, 22.72855
1376, 13.76000, 20.48843
1377, 13.77000, 26.74453
1378, 13.78000, 23.69259
1379, 13.79000, 20.60991
1380, 13.80000, 19.14093
1381, 13.81000, 22.91671
1382, 13.82000, 24.02004
1383, 13.83000, 22.83742
1384, 13.84000, 19.65455
1385, 13.85000, 20.32652
1386, 13.86000, 19.52170
1387, 13.87000, 23.75018
1388, 13.88000, 22.42365
1389, 13.89000, 25.39218
1390, 13.90000, 19.36677
1391, 13.91000, 18.57057
1392, 13.92000, 19.00867
1393, 13.93000, 24.87218
1394, 13.94000, 26.73991
1395, 13.95000, 18.83943
1396, 13.96000, 23.69421
1397, 13.97000, 24.18856
1398, 13.98000, 25.94375
1399, 13.99000, 20.00154
1400, 14.00000, 16.75598
1401, 14.01000, 21.27965
1402, 14.02000, 21.20165
1403, 14.03000, 20.93100
1404, 14.04000, 24.71325
1405, 14.05000, 24.22494
1406, 14.06000, 22.32850
1407, 14.07000, 19.57438
1408, 14.08000, 25.67400
1409, 14.09000, 27.00568
1410, 14.10000, 23.90118
1411, 14.11000, 24.47018
1412, 14.12000, 21.37625
1413, 14.13000, 25.34162
1414, 14.14000, 27.49767
1415, 14.15000, 22.51525
1416, 14.16000, 28.57891
1417, 14.17000, 25.94532
1418, 14.18000, 22.91133
1419, 14.19000, 21.47127
1420, 14.20000, 20.50502
1421, 14.21000, 15.42412
1422, 14.22000, 24.59235
1423, 14.23000, 25.57234
1424, 14.24000, 22.94970
1425, 14.25000, 20.61959
1426, 14.26000, 24.78550
1427, 14.27000, 29.44672
1428, 14.28000, 23.73149
1429, 14.29000, 24.81713
1430, 14.30000, 30.52937
1431, 14.31000, 25.67865
1432, 14.32000, 22.72195
1433, 14.33000, 31.56728
1434, 14.34000, 27.58887
1435, 14.35000, 24.29492
1436, 14.36000, 30.52240
1437, 14.37000, 22.39505
1438, 14.38000, 31.01826
1439, 14.39000, 19.20704
1440, 14.40000, 18.99902
1441, 14.41000, 21.80778
1442, 14.42000, 27.20657
1443, 14.43000, 25.13482
1444, 14.44000, 26.32777
1445, 14.45000, 24.05649
1446, 14.46000, 20.86105
1447, 14.47000, 24.82871
1448, 14.48000, 23.52977
1449, 14.49000, 25.48595
1450, 14.50000, 26.26294
1451, 14.51000, 24.43059
1452, 14.52000, 24.22389
1453, 14.53000, 23.82070
1454, 14.54000, 20.08797
1455, 14.55000, 33.32604
1456, 14.56000, 33.11266
1457, 14.57000, 24.91129
1458, 14.58000, 22.61473
1459, 14.59000, 19.15548
1460, 14.60000, 22.39735
1461, 14.61000, 24.34173
1462, 14.62000, 24.32635
1463, 14.63000, 21.18586
1464, 14.64000, 26.98736
1465, 14.65000, 20.20779
1466, 14.66000, 24.63817
1467, 14.67000, 29.72856
1468, 14.68000, 28.39039
1469, 14.69000, 22.63215
1470, 14.70000, 29.27255
1471, 14.71000, 26.01937
1472, 14.72000, 27.02544
1473, 14.73000, 21.16002
1474, 14.74000, 20.75879
1475, 14.75000, 23.47345
1476, 14.76000, 19.18480
1477, 14.77000, 27.56839
1478, 14.78000, 22.66559
1479, 14.79000, 19.03827
1480, 14.80000, 16.28780
1481, 14.81000, 14.73070
1482, 14.82000, 15.46695
1483, 14.83000, 18.91006
1484, 14.84000, 23.77599
1485, 14.85000, 20.97367
1486, 14.86000, 23.74929
1487, 14.87000, 27.81965
1488, 14.88000, 25.71101
1489, 14.89000, 22.58454
1490, 14.90000, 24.84593
1491, 14.91000, 21.71072
1492, 14.92000, 26.01194
1493, 14.93000, 26.50660
1494, 14.94000, 23.09194
1495, 14.95000, 25.69763
1496, 14.96000, 25.11151
1497, 14.97000, 19.83967
1498, 14.98000, 23.44761
1499, 14.99000, 18.52796
1500, 15.00000, 29.22746
1501, 15.01000, 24.66926
1502, 15.02000, 23.98459
1503, 15.03000, 19.13399
1504, 15.04000, 25.81621
1505, 15.05000, 23.92960
1506, 15.06000, 26.23263
1507, 15.07000, 25.57003
1508, 15.08000, 26.54151
1509, 15.09000, 23.49356
1510, 15.10000, 23.73238
1511, 15.11000, 25.80682
1512, 15.12000, 17.17549
1513, 15.13000, 15.69469
1514, 15.14000, 19.65442
1515, 15.15000, 18.04304
1516, 15.16000, 17.31505
1517, 15.17000, 20.17164
1518, 15.18000, 22.57452
1519, 15.19000, 19.85997
1520, 15.20000, 22.25276
1521, 15.21000, 21.59636
1522, 15.22000, 24.52940
1523, 15.23000, 22.81707
1524, 15.24000, 23.74351
1525, 15.25000, 21.78171
1526, 15.26000, 22.44380
1527, 15.27000, 20.11126
1528, 15.28000, 21.78151
1529, 15.29000, 27.90112
1530, 15.30000, 29.18274
1531, 15.31000, 22.44975
1532, 15.32000, 28.34999
1533, 15.33000, 21.06545
1534, 15.34000, 19.66741
1535, 15.35000, 17.86034
1536, 15.36000, 19.42583
1537, 15.37000, 22.39937
1538, 15.38000, 25.39731
1539, 15.39000, 21.42161
1540, 15.40000, 25.45199
1541, 15.41000, 22.87153
1542, 15.42000, 20.70130
1543, 15.43000, 23.06332
1544, 15.44000, 20.84020
1545, 15.45000, 23.38208
1546, 15.46000, 22.20618
1547, 15.47000, 17.82440
1548, 15.48000, 17.23253
1549, 15.49000, 14.98341
1550, 15.50000, 18.71833
1551, 15.51000, 17.40826
1552, 15.52000, 17.28775
1553, 15.53000, 18.79831
1554, 15.54000, 22.37337
1555, 15.55000, 19.15915
1556, 15.56000, 22.26214
1557, 15.57000, 26.23913
1558, 15.58000, 27.02254
1559, 15.59000, 30.30739
1560, 15.60000, 27.70160
1561, 15.61000, 27.07654
1562, 15.62000, 20.42872
1563, 15.63000, 25.93391
1564, 15.64000, 24.64875
1565, 15.65000, 21.20880
1566, 15.66000, 26.38426
1567, 15.67000, 17.86266
1568, 15.68000, 20.91959
1569, 15.69000, 26.19757
1570, 15.70000, 23.98865
1571, 15.71000, 22.48435
1572, 15.72000, 20.56794
1573, 15.73000, 28.36831
1574, 15.74000, 33.03769
1575, 15.75000, 29.94920
1576, 15.76000, 22.38664
1577, 15.77000, 18.44247
1578, 15.78000, 23.37261
1579, 15.79000, 23.52713
1580, 15.80000, 29.25083
1581, 15.81000, 30.26508
1582, 15.82000, 22.94698
1583, 15.83000, 23.74165
1584, 15.84000, 25.27958
1585, 15.85000, 32.68726
1586, 15.86000, 24.95983
1587, 15.87000, 23.63472
1588, 15.88000, 29.81180
1589, 15.89000, 23.93366
1590, 15.90000, 25.74467
1591, 15.91000, 24.17430
1592, 15.92000, 22.60498
1593, 15.93000, 21.87700
1594, 15.94000, 21.04885
1595, 15.95000, 26.64795
1596, 15.96000, 20.87241
1597, 15.97000, 21.81355
1598, 15.98000, 20.24238
1599, 15.99000, 21.39588
1600, 16.00000, 21.28253
1601, 16.01000, 23.56568
1602, 16.02000, 20.30770
1603, 16.03000, 18.48478
1604, 16.04000, 18.77042
1605, 16.05000, 26.01204
1606, 16.06000, 25.95526
1607, 16.07000, 21.82537
1608, 16.08000, 21.56911
1609, 16.09000, 24.60121
1610, 16.10000, 22.57341
1611, 16.11000, 20.84819
1612, 16.12000, 24.86790
1613, 16.13000, 26.66530
1614, 16.14000, 22.06968
1615, 16.15000, 17.65289
1616, 16.16000, 24.86467
1617, 16.17000, 25.73952
1618, 16.18000, 20.25709
1619, 16.19000, 22.11515
1620, 16.20000, 22.85305
1621, 16.21000, 26.70250
1622, 16.22000, 26.77860
1623, 16.23000, 21.50630
1624, 16.24000, 18.83444
1625, 16.25000, 20.45377
1626, 16.26000, 20.08905
1627, 16.27000, 15.05048
1628, 16.28000, 21.27403
1629, 16.29000, 25.02769
1630, 16.30000, 19.73391
1631, 16.31000, 20.52390
1632, 16.32000, 17.35159
1633, 16.33000, 21.20935
1634, 16.34000, 21.83343
1635, 16.35000, 22.01751
1636, 16.36000, 20.00624
1637, 16.37000, 16.20425
1638, 16.38000, 20.33933
1639, 16.39000, 25.38254
1640, 16.40000, 17.08018
1641, 16.41000, 17.61111
1642, 16.42000, 20.08643
1643, 16.43000, 24.64203
1644, 16.44000, 25.77320
1645, 16.45000, 19.55725
1646, 16.46000, 24.16324
1647, 16.47000, 22.93355
1648, 16.48000, 21.09046
1649, 16.49000, 24.82954
1650, 16.50000, 27.18908
1651, 16.51000, 22.16128
1652, 16.52000, 24.23547
1653, 16.53000, 30.27024
1654, 16.54000, 22.19056
1655, 16.55000, 27.18410
1656, 16.56000, 29.51535
1657, 16.57000, 25.16024
1658, 16.58000, 24.68826
1659, 16.59000, 23.28255
1660, 16.60000, 20.07567
1661, 16.61000, 17.95435
1662, 16.62000, 22.49070
1663, 16.63000, 24.06512
1664, 16.64000, 22.85491
1665, 16.65000, 29.33793
1666, 16.66000, 23.50189
1667, 16.67000, 23.89909
1668, 16.68000, 22.54065
1669, 16.69000, 18.23142
1670, 16.70000, 24.56923
1671, 16.71000, 21.81307
1672, 16.72000, 17.96750
1673, 16.73000, 24.70234
1674, 16.74000, 22.51656
1675, 16.75000, 17.43082
1676, 16.76000, 18.77535
1677, 16.77000, 18.60507
1678, 16.78000, 26.28341
1679, 16.79000, 19.18073
1680, 16.80000, 20.73877
1681, 16.81000, 28.66722
1682, 16.82000, 22.38420
1683, 16.83000, 23.00615
1684, 16.84000, 17.27610
1685, 16.85000, 23.07243
1686, 16.86000, 20.61790
1687, 16.87000, 21.31915
1688, 16.88000, 25.86926
1689, 16.89000, 21.25555
1690, 16.90000, 25.36983
1691, 16.91000, 22.71731
1692, 16.92000, 23.83470
1693, 16.93000, 21.93752
1694, 16.94000, 21.08303
1695, 16.95000, 19.24463
1696, 16.96000, 19.83333
1697, 16.97000, 16.98253
1698, 16.98000, 15.74801
1699, 16.99000, 19.71382
1700, 17.00000, 24.66413
1701, 17.01000, 19.92405
1702, 17.02000, 27.82359
1703, 17.03000, 22.56119
1704, 17.04000, 23.01461
1705, 17.05000, 20.69184
1706, 17.06000, 21.02584
1707, 17.07000, 18.54814
1708, 17.08000, 26.81037
1709, 17.09000, 26.13932
1710, 17.10000, 20.30846
1711, 17.11000, 21.58412
1712, 17.12000, 24.18079
1713, 17.13000, 26.84593
1714, 17.14000, 23.02372
1715, 17.15000, 23.76107
1716, 17.16000, 19.80652
1717, 17.17000, 19.10377
1718, 17.18000, 22.92098
1719, 17.19000, 24.11418
1720, 17.20000, 20.68736
1721, 17.21000, 24.03706
1722, 17.22000, 22.91690
1723, 17.23000, 22.08100
1724, 17.24000, 25.99677
1725, 17.25000, 19.84418
1726, 17.26000, 16.76684
1727, 17.27000, 19.56344
1728, 17.28000, 17.20306
1729, 17.29000, 25.66612
1730, 17.30000, 21.58982
1731, 17.31000, 18.66089
1732, 17.32000, 22.47514
1733, 17.33000, 22.27695
1734, 17.34000, 19.40509
1735, 17.35000, 27.27620
1736, 17.36000, 23.67840
1737, 17.37000, 24.29297
1738, 17.38000, 22.46579
1739, 17.39000, 18.64849
1740, 17.40000, 19.95202
1741, 17.41000, 19.45662
1742, 17.42000, 23.51494
1743, 17.43000, 19.98841
1744, 17.44000, 21.83593
1745, 17.45000, 21.26010
1746, 17.46000, 20.00321
1747, 17.47000, 17.27087
1748, 17.48000, 15.46741
1749, 17.49000, 20.83210
1750, 17.50000, 25.68094
1751, 17.51000, 20.89924
1752, 17.52000, 26.01908
1753, 17.53000, 22.51785
1754, 17.54000, 27.93065
1755, 17.55000, 29.59556
1756, 17.56000, 22.40941
1757, 17.57000, 31.27619
1758, 17.58000, 30.42391
1759, 17.59000, 21.11812
1760, 17.60000, 21.44468
1761, 17.61000, 21.39973
1762, 17.62000, 27.26514
1763, 17.63000, 18.75833
1764, 17.64000, 23.62078
1765, 17.65000, 25.49528
1766, 17.66000, 20.84425
1767, 17.67000, 21.72819
1768, 17.68000, 17.98155
1769, 17.69000, 16.98284
1770, 17.70000, 19.70434
1771, 17.71000, 18.50076
1772, 17.72000, 19.72079
1773, 17.73000, 17.72202
1774, 17.74000, 26.18358
1775, 17.75000, 23.97154
1776, 17.76000, 27.95351
1777, 17.77000, 26.11170
1778, 17.78000, 25.53017
1779, 17.79000, 17.83223
1780, 17.80000, 19.78334
1781, 17.81000, 20.56493
1782, 17.82000, 24.08027
1783, 17.83000, 20.68817
1784, 17.84000, 26.89528
1785, 17.85000, 18.21165
1786, 17.86000, 19.23829
1787, 17.87000, 22.62992
1788, 17.88000, 21.91225
1789, 17.89000, 21.42187
1790, 17.90000, 24.94235
1791, 17.91000, 26.98232
1792, 17.92000, 25.69212
1793, 17.93000, 23.00669
1794, 17.94000, 23.87247
1795, 17.95000, 21.68525
1796, 17.96000, 25.03191
1797, 17.97000, 22.34922
1798, 17.98000, 22.31699
1799, 17.99000, 27.18901
1800, 18.00000, 26.28103
1801, 18.01000, 26.52952
1802, 18.02000, 25.99540
1803, 18.03000, 25.10189
1804, 18.04000, 21.89713
1805, 18.05000, 18.32746
1806, 18.06000, 19.62623
1807, 18.07000, 24.25244
1808, 18.08000, 22.12127
1809, 18.09000, 20.13973
1810, 18.10000, 23.12770
1811, 18.11000, 16.94268
1812, 18.12000, 17.66634
1813, 18.13000, 24.67019
1814, 18.14000, 28.35800
1815, 18.15000, 21.23469
1816, 18.16000, 25.54637
1817, 18.17000, 24.35756
1818, 18.18000, 24.11837
1819, 18.19000, 19.90652
1820, 18.20000, 16.88281
1821, 18.21000, 15.78950
1822, 18.22000, 18.18941
1823, 18.23000, 17.93488
1824, 18.24000, 19.40299
1825, 18.25000, 17.19759
1826, 18.26000, 17.40133
1827, 18.27000, 20.46826
1828, 18.28000, 19.65234
1829, 18.29000, 21.78731
1830, 18.30000, 23.43228
1831, 18.31000, 22.32255
1832, 18.32000, 16.49142
1833, 18.33000, 16.65616
1834, 18.34000, 16.03768
1835, 18.35000, 18.28115
1836, 18.36000, 21.98733
1837, 18.37000, 20.92423
1838, 18.38000, 15.67042
1839, 18.39000, 20.79200
1840, 18.40000, 22.73791
1841, 18.41000, 19.78643
1842, 18.42000, 21.80600
1843, 18.43000, 22.03088
1844, 18.44000, 24.06552
1845, 18.45000, 23.01381
1846, 18.46000, 20.61313
1847, 18.47000, 20.10636
1848, 18.48000, 17.25591
1849, 18.49000, 24.31364
1850, 18.50000, 25.77990
1851, 18.51000, 21.73987
1852, 18.52000, 18.63841
1853, 18.53000, 19.25523
1854, 18.54000, 22.22140
1855, 18.55000, 29.37531
1856, 18.56000, 20.57045
1857, 18.57000, 20.87934
1858, 18.58000, 20.85951
1859, 18.59000, 22.20935
1860, 18.60000, 22.88087
1861, 18.61000, 24.49620
1862, 18.62000, 18.68879
1863, 18.63000, 18.51664
1864, 18.64000, 21.09408
1865, 18.65000, 21.99491
1866, 18.66000, 20.56068
1867, 18.67000, 22.32174
1868, 18.68000, 23.52380
1869, 18.69000, 23.93567
1870, 18.70000, 22.44588
1871, 18.71000, 27.06896
1872, 18.72000, 26.03399
1873, 18.73000, 22.04806
1874, 18.74000, 22.34939
1875, 18.75000, 22.69100
1876, 18.76000, 23.16918
1877, 18.77000, 21.48414
1878, 18.78000, 23.16742
1879, 18.79000, 23.25122
1880, 18.80000, 23.28270
1881, 18.81000, 21.05144
1882, 18.82000, 28.83212
1883, 18.83000, 24.25703
1884, 18.84000, 20.62322
1885, 18.85000, 21.36574
1886, 18.86000, 27.09308
1887, 18.87000, 24.50083
1888, 18.88000, 22.58534
1889, 18.89000, 20.41874
1890, 18.90000, 22.52325
1891, 18.91000, 20.29838
1892, 18.92000, 18.94962
1893, 18.93000, 18.78846
1894, 18.94000, 22.23949
1895, 18.95000, 28.08246
1896, 18.96000, 22.34196
1897, 18.97000, 19.62719
1898, 18.98000, 24.58869
1899, 18.99000, 23.93321
1900, 19.00000, 21.49922
1901, 19.01000, 19.92151
1902, 19.02000, 28.83334
1903, 19.03000, 26.15885
1904, 19.04000, 18.58185
1905, 19.05000, 18.70728
1906, 19.06000, 19.52875
1907, 19.07000, 22.21621
1908, 19.08000, 18.40440
1909, 19.09000, 22.79015
1910, 19.10000, 20.36759
1911, 19.11000, 25.24541
1912, 19.12000, 30.04233
1913, 19.13000, 24.23638
1914, 19.14000, 24.56801
1915, 19.15000, 25.09720
1916, 19.16000, 19.75747
1917, 19.17000, 20.48243
1918, 19.18000, 20.75923
1919, 19.19000, 22.34920
1920, 19.20000, 21.54815
1921, 19.21000, 25.65381
1922, 19.22000, 22.35798
1923, 19.23000, 25.37487
1924, 19.24000, 18.64678
1925, 19.25000, 23.71946
1926, 19.26000, 20.11233
1927, 19.27000, 19.14806
1928, 19.28000, 21.56303
1929, 19.29000, 20.97516
1930, 19.30000, 23.05945
1931, 19.31000, 24.34619
1932, 19.32000, 25.83800
1933, 19.33000, 22.45406
1934, 19.34000, 24.57518
1935, 19.35000, 26.74822
1936, 19.36000, 25.38364
1937, 19.37000, 23.08954
1938, 19.38000, 20.44103
1939, 19.39000, 19.20632
1940, 19.40000, 19.97653
1941, 19.41000, 17.80049
1942, 19.42000, 16.54828
1943, 19.43000, 14.24210
1944, 19.44000, 16.65474
1945, 19.45000, 18.03472
1946, 19.46000, 18.74923
1947, 19.47000, 22.67906
1948, 19.48000, 25.59425
1949, 19.49000, 21.05816
1950, 19.50000, 25.36435
1951, 19.51000, 20.56953
1952, 19.52000, 17.02432
1953, 19.53000, 18.29269
1954, 19.54000, 15.30632
1955, 19.55000, 19.51359
1956, 19.56000, 23.73689
1957, 19.57000, 21.50947
1958, 19.58000, 23.18082
1959, 19.59000, 26.76816
1960, 19.60000, 19.50733
1961, 19.61000, 17.47385
1962, 19.62000, 22.01924
1963, 19.63000, 24.26988
1964, 19.64000, 21.87398
1965, 19.65000, 14.39368
1966, 19.66000, 19.57955
1967, 19.67000, 21.07019
1968, 19.68000, 25.54525
1969, 19.69000, 24.97948
1970, 19.70000, 26.43168
1971, 19.71000, 22.91603
1972, 19.72000, 26.10218
1973, 19.73000, 25.76345
1974, 19.74000, 27.62595
1975, 19.75000, 21.79589
1976, 19.76000, 23.82977
1977, 19.77000, 20.02281
1978, 19.78000, 21.93900
1979, 19.79000, 17.45126
1980, 19.80000, 17.59311
1981, 19.81000, 17.57726
1982, 19.82000, 18.14413
1983, 19.83000, 18.55654
1984, 19.84000, 20.41727
1985, 19.85000, 23.57380
1986, 19.86000, 25.90512
1987, 19.87000, 25.41048
1988, 19.88000, 19.33911
1989, 19.89000, 19.77369
1990, 19.90000, 20.64951
1991, 19.91000, 20.00662
1992, 19.92000, 25.85213
1993, 19.93000, 24.39422
1994, 19.94000, 24.24257
1995, 19.95000, 26.46521
1996, 19.96000, 22.98036
1997, 19.97000, 25.59203
1998, 19.98000, 29.53634
1999, 19.99000, 22.53701
2000, 20.00000, 23.49333
2001, 20.01000, 21.78704
