nt, t, solve_time
1, 0.01000, 69.24619
2, 0.02000, 42.93533
3, 0.03000, 56.52883
4, 0.04000, 46.97025
5, 0.05000, 49.87376
6, 0.06000, 48.12761
7, 0.07000, 53.02898
8, 0.08000, 21.67715
9, 0.09000, 34.80219
10, 0.10000, 33.10241
11, 0.11000, 38.96909
12, 0.12000, 27.76672
13, 0.13000, 29.68973
14, 0.14000, 39.24305
15, 0.15000, 38.54255
16, 0.16000, 20.97385
17, 0.17000, 23.73475
18, 0.18000, 37.88815
19, 0.19000, 42.39291
20, 0.20000, 37.98978
21, 0.21000, 37.96224
22, 0.22000, 27.48769
23, 0.23000, 39.34084
24, 0.24000, 47.73045
25, 0.25000, 39.80480
26, 0.26000, 44.69663
27, 0.27000, 28.41228
28, 0.28000, 26.22402
29, 0.29000, 23.21989
30, 0.30000, 29.91446
31, 0.31000, 44.74296
32, 0.32000, 37.62040
33, 0.33000, 34.31049
34, 0.34000, 42.21018
35, 0.35000, 36.21685
36, 0.36000, 44.09789
37, 0.37000, 30.17912
38, 0.38000, 31.89932
39, 0.39000, 27.55078
40, 0.40000, 31.54962
41, 0.41000, 33.06555
42, 0.42000, 43.45949
43, 0.43000, 38.49935
44, 0.44000, 42.12460
45, 0.45000, 26.24664
46, 0.46000, 30.40507
47, 0.47000, 29.36072
48, 0.48000, 39.82892
49, 0.49000, 27.72679
50, 0.50000, 30.39522
51, 0.51000, 23.40897
52, 0.52000, 18.86443
53, 0.53000, 19.88592
54, 0.54000, 18.69543
55, 0.55000, 22.04802
56, 0.56000, 25.74563
57, 0.57000, 19.26483
58, 0.58000, 20.21403
59, 0.59000, 17.16259
60, 0.60000, 15.16858
61, 0.61000, 12.23610
62, 0.62000, 14.25515
63, 0.63000, 22.62253
64, 0.64000, 21.26579
65, 0.65000, 11.88207
66, 0.66000, 17.02667
67, 0.67000, 21.22679
68, 0.68000, 25.10290
69, 0.69000, 23.86932
70, 0.70000, 24.15440
71, 0.71000, 24.06628
72, 0.72000, 39.11920
73, 0.73000, 32.50327
74, 0.74000, 27.35220
75, 0.75000, 17.18747
76, 0.76000, 17.06623
77, 0.77000, 19.19847
78, 0.78000, 25.42674
79, 0.79000, 20.36264
80, 0.80000, 20.84890
81, 0.81000, 24.72330
82, 0.82000, 31.08176
83, 0.83000, 32.33194
84, 0.84000, 33.82643
85, 0.85000, 34.11780
86, 0.86000, 26.29728
87, 0.87000, 26.85519
88, 0.88000, 26.66925
89, 0.89000, 29.74444
90, 0.90000, 29.10016
91, 0.91000, 25.88785
92, 0.92000, 28.88251
93, 0.93000, 24.64015
94, 0.94000, 32.68746
95, 0.95000, 29.97021
96, 0.96000, 28.50296
97, 0.97000, 30.78082
98, 0.98000, 34.21666
99, 0.99000, 25.42911
100, 1.00000, 24.56547
101, 1.01000, 21.28710
102, 1.02000, 18.68732
103, 1.03000, 28.71929
104, 1.04000, 25.54493
105, 1.05000, 22.71937
106, 1.06000, 29.93866
107, 1.07000, 23.13106
108, 1.08000, 22.58139
109, 1.09000, 25.38192
110, 1.10000, 27.79146
111, 1.11000, 33.64360
112, 1.12000, 25.15241
113, 1.13000, 22.30749
114, 1.14000, 28.04204
115, 1.15000, 44.76254
116, 1.16000, 33.63879
117, 1.17000, 26.34468
118, 1.18000, 33.29530
119, 1.19000, 36.59792
120, 1.20000, 27.24967
121, 1.21000, 25.18626
122, 1.22000, 37.76718
123, 1.23000, 33.12240
124, 1.24000, 48.98560
125, 1.25000, 50.00628
126, 1.26000, 34.86424
127, 1.27000, 38.88075
128, 1.28000, 32.57195
129, 1.29000, 30.92863
130, 1.30000, 37.78275
131, 1.31000, 37.20970
132, 1.32000, 32.42501
133, 1.33000, 33.14712
134, 1.34000, 35.36912
135, 1.35000, 30.80999
136, 1.36000, 50.10317
137, 1.37000, 39.55401
138, 1.38000, 44.10470
139, 1.39000, 43.22541
140, 1.40000, 37.39876
141, 1.41000, 31.56357
142, 1.42000, 37.57603
143, 1.43000, 52.96025
144, 1.44000, 39.26054
145, 1.45000, 43.74515
146, 1.46000, 37.12342
147, 1.47000, 38.11267
148, 1.48000, 43.88342
149, 1.49000, 30.06061
150, 1.50000, 27.35430
151, 1.51000, 33.72196
152, 1.52000, 39.98633
153, 1.53000, 35.84038
154, 1.54000, 23.83238
155, 1.55000, 34.72187
156, 1.56000, 30.96608
157, 1.57000, 33.02747
158, 1.58000, 29.65766
159, 1.59000, 46.31500
160, 1.60000, 41.92319
161, 1.61000, 29.70571
162, 1.62000, 38.96023
163, 1.63000, 31.50072
164, 1.64000, 35.50626
165, 1.65000, 39.55142
166, 1.66000, 42.77651
167, 1.67000, 44.89291
168, 1.68000, 47.72085
169, 1.69000, 35.44784
170, 1.70000, 43.24693
171, 1.71000, 41.79948
172, 1.72000, 39.92832
173, 1.73000, 40.46283
174, 1.74000, 35.66248
175, 1.75000, 39.59007
176, 1.76000, 36.10694
177, 1.77000, 36.63021
178, 1.78000, 31.69777
179, 1.79000, 30.84684
180, 1.80000, 38.00370
181, 1.81000, 30.48299
182, 1.82000, 33.62180
183, 1.83000, 45.32576
184, 1.84000, 38.55951
185, 1.85000, 45.91435
186, 1.86000, 37.29264
187, 1.87000, 56.03737
188, 1.88000, 37.02440
189, 1.89000, 43.32263
190, 1.90000, 33.82848
191, 1.91000, 31.28175
192, 1.92000, 42.11504
193, 1.93000, 42.91892
194, 1.94000, 38.07569
195, 1.95000, 32.18653
196, 1.96000, 33.41446
197, 1.97000, 29.60489
198, 1.98000, 20.97476
199, 1.99000, 30.91066
200, 2.00000, 37.90690
201, 2.01000, 26.53012
202, 2.02000, 39.42298
203, 2.03000, 38.67551
204, 2.04000, 33.83424
205, 2.05000, 29.63038
206, 2.06000, 48.93762
207, 2.07000, 50.10348
208, 2.08000, 38.98343
209, 2.09000, 37.54696
210, 2.10000, 31.45867
211, 2.11000, 33.45851
212, 2.12000, 46.98333
213, 2.13000, 30.61767
214, 2.14000, 23.39629
215, 2.15000, 19.93498
216, 2.16000, 20.00103
217, 2.17000, 22.77123
218, 2.18000, 22.92089
219, 2.19000, 35.24442
220, 2.20000, 27.93815
221, 2.21000, 34.32383
222, 2.22000, 35.30528
223, 2.23000, 31.36321
224, 2.24000, 39.14471
225, 2.25000, 32.04945
226, 2.26000, 28.69617
227, 2.27000, 23.70417
228, 2.28000, 23.98913
229, 2.29000, 27.31266
230, 2.30000, 25.81283
231, 2.31000, 23.75016
232, 2.32000, 29.37396
233, 2.33000, 31.16620
234, 2.34000, 26.49685
235, 2.35000, 27.65547
236, 2.36000, 22.59634
237, 2.37000, 28.09957
238, 2.38000, 25.16390
239, 2.39000, 32.66730
240, 2.40000, 35.72114
241, 2.41000, 32.79317
242, 2.42000, 29.28069
243, 2.43000, 31.57015
244, 2.44000, 36.91005
245, 2.45000, 29.39928
246, 2.46000, 26.00422
247, 2.47000, 31.01691
248, 2.48000, 29.22249
249, 2.49000, 29.65869
250, 2.50000, 27.73091
251, 2.51000, 24.60894
252, 2.52000, 32.19358
253, 2.53000, 30.93028
254, 2.54000, 33.21467
255, 2.55000, 33.81744
256, 2.56000, 35.03315
257, 2.57000, 29.64704
258, 2.58000, 31.29735
259, 2.59000, 25.53664
260, 2.60000, 27.55080
261, 2.61000, 29.41428
262, 2.62000, 26.36224
263, 2.63000, 19.76547
264, 2.64000, 18.37621
265, 2.65000, 18.18245
266, 2.66000, 26.89108
267, 2.67000, 24.51459
268, 2.68000, 27.04268
269, 2.69000, 21.75830
270, 2.70000, 29.85823
271, 2.71000, 30.38712
272, 2.72000, 29.02943
273, 2.73000, 27.89863
274, 2.74000, 30.61545
275, 2.75000, 36.62568
276, 2.76000, 36.12294
277, 2.77000, 27.15757
278, 2.78000, 19.30601
279, 2.79000, 19.95753
280, 2.80000, 25.50657
281, 2.81000, 31.84274
282, 2.82000, 34.82606
283, 2.83000, 34.92843
284, 2.84000, 31.90959
285, 2.85000, 31.24301
286, 2.86000, 24.01619
287, 2.87000, 23.71703
288, 2.88000, 32.82301
289, 2.89000, 34.24103
290, 2.90000, 32.42979
291, 2.91000, 34.43466
292, 2.92000, 27.81122
293, 2.93000, 22.84664
294, 2.94000, 17.22656
295, 2.95000, 26.16966
296, 2.96000, 27.50124
297, 2.97000, 30.62910
298, 2.98000, 29.63145
299, 2.99000, 27.72884
300, 3.00000, 34.00844
301, 3.01000, 21.99786
302, 3.02000, 28.39527
303, 3.03000, 35.26519
304, 3.04000, 32.53296
305, 3.05000, 32.06734
306, 3.06000, 32.36469
307, 3.07000, 40.07007
308, 3.08000, 29.12624
309, 3.09000, 38.13686
310, 3.10000, 27.64170
311, 3.11000, 24.05869
312, 3.12000, 24.14708
313, 3.13000, 22.65462
314, 3.14000, 28.47593
315, 3.15000, 25.77311
316, 3.16000, 31.84473
317, 3.17000, 30.51814
318, 3.18000, 28.43860
319, 3.19000, 42.20564
320, 3.20000, 31.47381
321, 3.21000, 30.01537
322, 3.22000, 34.82498
323, 3.23000, 37.20439
324, 3.24000, 26.54661
325, 3.25000, 25.54116
326, 3.26000, 37.25309
327, 3.27000, 30.25390
328, 3.28000, 22.81470
329, 3.29000, 42.92777
330, 3.30000, 47.70554
331, 3.31000, 37.09460
332, 3.32000, 32.06109
333, 3.33000, 30.56615
334, 3.34000, 28.62375
335, 3.35000, 32.10027
336, 3.36000, 35.76873
337, 3.37000, 34.07467
338, 3.38000, 27.20750
339, 3.39000, 31.57603
340, 3.40000, 28.70116
341, 3.41000, 31.98985
342, 3.42000, 30.00856
343, 3.43000, 21.09496
344, 3.44000, 34.04257
345, 3.45000, 27.80413
346, 3.46000, 23.72410
347, 3.47000, 46.37445
348, 3.48000, 34.54686
349, 3.49000, 26.56145
350, 3.50000, 34.88912
351, 3.51000, 39.47882
352, 3.52000, 50.82142
353, 3.53000, 27.76986
354, 3.54000, 21.54792
355, 3.55000, 24.06027
356, 3.56000, 27.50943
357, 3.57000, 19.73320
358, 3.58000, 18.81920
359, 3.59000, 24.74530
360, 3.60000, 28.68625
361, 3.61000, 24.17698
362, 3.62000, 22.58553
363, 3.63000, 29.70312
364, 3.64000, 24.36014
365, 3.65000, 24.13780
366, 3.66000, 22.18564
367, 3.67000, 19.72442
368, 3.68000, 26.96177
369, 3.69000, 34.53127
370, 3.70000, 39.70019
371, 3.71000, 28.72630
372, 3.72000, 23.58260
373, 3.73000, 29.98750
374, 3.74000, 23.31123
375, 3.75000, 23.59219
376, 3.76000, 18.73642
377, 3.77000, 19.64904
378, 3.78000, 20.01069
379, 3.79000, 22.71331
380, 3.80000, 25.75401
381, 3.81000, 24.82266
382, 3.82000, 27.43515
383, 3.83000, 31.37277
384, 3.84000, 27.37233
385, 3.85000, 28.67881
386, 3.86000, 26.94125
387, 3.87000, 29.69309
388, 3.88000, 28.06438
389, 3.89000, 35.17116
390, 3.90000, 33.54909
391, 3.91000, 31.25544
392, 3.92000, 21.79822
393, 3.93000, 21.06702
394, 3.94000, 26.34137
395, 3.95000, 23.52061
396, 3.96000, 31.65069
397, 3.97000, 26.05316
398, 3.98000, 32.79790
399, 3.99000, 36.92810
400, 4.00000, 30.45690
401, 4.01000, 32.73518
402, 4.02000, 34.36708
403, 4.03000, 33.89352
404, 4.04000, 25.58899
405, 4.05000, 29.07115
406, 4.06000, 33.32072
407, 4.07000, 28.98004
408, 4.08000, 23.30223
409, 4.09000, 23.47717
410, 4.10000, 22.19603
411, 4.11000, 26.80748
412, 4.12000, 38.95324
413, 4.13000, 32.48874
414, 4.14000, 22.65976
415, 4.15000, 24.24395
416, 4.16000, 31.86871
417, 4.17000, 32.40820
418, 4.18000, 35.76033
419, 4.19000, 29.93734
420, 4.20000, 37.44352
421, 4.21000, 31.32134
422, 4.22000, 23.24615
423, 4.23000, 16.03768
424, 4.24000, 20.96115
425, 4.25000, 19.85934
426, 4.26000, 22.80700
427, 4.27000, 36.79628
428, 4.28000, 40.84227
429, 4.29000, 31.69816
430, 4.30000, 32.96892
431, 4.31000, 31.43322
432, 4.32000, 30.64637
433, 4.33000, 23.62296
434, 4.34000, 29.55749
435, 4.35000, 33.74062
436, 4.36000, 34.96120
437, 4.37000, 27.81568
438, 4.38000, 29.09378
439, 4.39000, 23.01566
440, 4.40000, 23.14425
441, 4.41000, 26.96958
442, 4.42000, 25.46474
443, 4.43000, 25.79135
444, 4.44000, 21.39248
445, 4.45000, 28.22120
446, 4.46000, 27.10758
447, 4.47000, 23.40085
448, 4.48000, 24.46000
449, 4.49000, 23.41019
450, 4.50000, 24.28858
451, 4.51000, 32.56945
452, 4.52000, 28.43071
453, 4.53000, 28.09049
454, 4.54000, 21.22335
455, 4.55000, 20.40278
456, 4.56000, 20.07775
457, 4.57000, 19.42964
458, 4.58000, 17.46583
459, 4.59000, 16.45323
460, 4.60000, 20.74903
461, 4.61000, 29.32204
462, 4.62000, 32.12519
463, 4.63000, 28.32559
464, 4.64000, 33.86554
465, 4.65000, 31.07185
466, 4.66000, 28.43287
467, 4.67000, 25.55868
468, 4.68000, 29.64234
469, 4.69000, 32.17685
470, 4.70000, 35.13360
471, 4.71000, 34.18968
472, 4.72000, 25.20297
473, 4.73000, 30.27154
474, 4.74000, 24.87056
475, 4.75000, 22.96257
476, 4.76000, 26.64058
477, 4.77000, 34.63922
478, 4.78000, 30.93422
479, 4.79000, 22.47481
480, 4.80000, 33.96808
481, 4.81000, 38.49637
482, 4.82000, 35.79489
483, 4.83000, 30.50913
484, 4.84000, 31.75180
485, 4.85000, 25.96927
486, 4.86000, 18.03690
487, 4.87000, 22.17096
488, 4.88000, 18.22334
489, 4.89000, 24.38364
490, 4.90000, 27.15104
491, 4.91000, 27.55558
492, 4.92000, 30.10400
493, 4.93000, 18.67625
494, 4.94000, 29.43421
495, 4.95000, 34.39473
496, 4.96000, 35.58599
497, 4.97000, 32.65685
498, 4.98000, 37.51658
499, 4.99000, 31.58628
500, 5.00000, 31.75545
501, 5.01000, 30.35340
502, 5.02000, 27.58345
503, 5.03000, 28.11931
504, 5.04000, 23.22114
505, 5.05000, 21.42976
506, 5.06000, 21.11487
507, 5.07000, 22.52373
508, 5.08000, 20.44966
509, 5.09000, 28.01560
510, 5.10000, 31.83592
511, 5.11000, 22.89548
512, 5.12000, 26.04760
513, 5.13000, 26.81542
514, 5.14000, 28.81642
515, 5.15000, 29.98762
516, 5.16000, 25.01511
517, 5.17000, 27.69858
518, 5.18000, 32.35036
519, 5.19000, 23.75071
520, 5.20000, 22.59125
521, 5.21000, 19.03771
522, 5.22000, 18.80443
523, 5.23000, 23.83906
524, 5.24000, 22.82815
525, 5.25000, 18.85341
526, 5.26000, 19.88487
527, 5.27000, 24.26981
528, 5.28000, 24.66062
529, 5.29000, 28.92869
530, 5.30000, 26.67812
531, 5.31000, 29.84303
532, 5.32000, 29.53332
533, 5.33000, 26.33530
534, 5.34000, 39.26367
535, 5.35000, 29.63239
536, 5.36000, 30.83766
537, 5.37000, 24.13777
538, 5.38000, 24.88664
539, 5.39000, 21.48781
540, 5.40000, 23.47646
541, 5.41000, 27.56804
542, 5.42000, 34.50656
543, 5.43000, 34.52252
544, 5.44000, 32.73858
545, 5.45000, 31.87348
546, 5.46000, 28.84857
547, 5.47000, 31.62995
548, 5.48000, 36.88344
549, 5.49000, 27.34463
550, 5.50000, 29.80661
551, 5.51000, 25.53608
552, 5.52000, 27.11247
553, 5.53000, 29.11659
554, 5.54000, 23.90874
555, 5.55000, 26.41396
556, 5.56000, 28.49547
557, 5.57000, 24.44998
558, 5.58000, 26.85118
559, 5.59000, 24.15183
560, 5.60000, 30.19479
561, 5.61000, 35.45130
562, 5.62000, 28.72069
563, 5.63000, 33.51336
564, 5.64000, 26.25489
565, 5.65000, 26.89928
566, 5.66000, 28.64459
567, 5.67000, 31.94629
568, 5.68000, 31.58841
569, 5.69000, 35.31200
570, 5.70000, 27.73738
571, 5.71000, 19.48781
572, 5.72000, 18.24718
573, 5.73000, 21.72301
574, 5.74000, 21.42873
575, 5.75000, 22.70007
576, 5.76000, 30.12600
577, 5.77000, 36.42334
578, 5.78000, 25.82719
579, 5.79000, 20.60577
580, 5.80000, 21.36427
581, 5.81000, 28.60678
582, 5.82000, 27.12517
583, 5.83000, 18.30227
584, 5.84000, 17.46315
585, 5.85000, 29.24882
586, 5.86000, 21.50999
587, 5.87000, 16.14912
588, 5.88000, 22.84194
589, 5.89000, 22.53756
590, 5.90000, 21.73055
591, 5.91000, 32.40178
592, 5.92000, 29.77960
593, 5.93000, 26.99208
594, 5.94000, 34.26713
595, 5.95000, 22.69092
596, 5.96000, 30.89664
597, 5.97000, 30.30973
598, 5.98000, 33.51917
599, 5.99000, 27.34312
600, 6.00000, 31.32926
601, 6.01000, 37.91558
602, 6.02000, 26.92437
603, 6.03000, 25.30226
604, 6.04000, 27.69303
605, 6.05000, 24.90035
606, 6.06000, 27.20748
607, 6.07000, 17.33384
608, 6.08000, 21.54624
609, 6.09000, 29.06362
610, 6.10000, 29.56585
611, 6.11000, 32.85573
612, 6.12000, 31.10249
613, 6.13000, 26.95782
614, 6.14000, 32.96965
615, 6.15000, 27.88337
616, 6.16000, 22.70366
617, 6.17000, 31.87777
618, 6.18000, 26.69015
619, 6.19000, 26.48076
620, 6.20000, 25.15128
621, 6.21000, 23.80425
622, 6.22000, 21.31048
623, 6.23000, 18.78516
624, 6.24000, 15.03738
625, 6.25000, 26.83001
626, 6.26000, 34.26927
627, 6.27000, 29.29462
628, 6.28000, 26.28829
629, 6.29000, 23.27289
630, 6.30000, 24.20673
631, 6.31000, 22.53276
632, 6.32000, 29.38892
633, 6.33000, 30.57060
634, 6.34000, 28.51124
635, 6.35000, 22.78625
636, 6.36000, 22.34569
637, 6.37000, 24.50202
638, 6.38000, 27.75470
639, 6.39000, 28.75542
640, 6.40000, 26.25628
641, 6.41000, 32.53409
642, 6.42000, 33.18498
643, 6.43000, 28.85005
644, 6.44000, 27.70555
645, 6.45000, 38.04728
646, 6.46000, 34.24330
647, 6.47000, 38.14292
648, 6.48000, 34.51012
649, 6.49000, 34.39093
650, 6.50000, 30.24005
651, 6.51000, 25.28936
652, 6.52000, 20.42809
653, 6.53000, 24.93072
654, 6.54000, 21.72363
655, 6.55000, 19.93684
656, 6.56000, 30.38991
657, 6.57000, 27.82951
658, 6.58000, 25.36196
659, 6.59000, 23.00115
660, 6.60000, 27.02498
661, 6.61000, 30.00948
662, 6.62000, 30.69050
663, 6.63000, 34.30599
664, 6.64000, 26.39641
665, 6.65000, 23.73658
666, 6.66000, 24.18755
667, 6.67000, 26.39514
668, 6.68000, 18.53005
669, 6.69000, 25.56405
670, 6.70000, 24.77947
671, 6.71000, 25.39871
672, 6.72000, 18.53673
673, 6.73000, 17.01240
674, 6.74000, 24.06954
675, 6.75000, 28.45890
676, 6.76000, 27.22029
677, 6.77000, 24.22639
678, 6.78000, 30.71385
679, 6.79000, 35.47602
680, 6.80000, 30.66891
681, 6.81000, 23.01875
682, 6.82000, 22.56151
683, 6.83000, 31.65389
684, 6.84000, 36.75794
685, 6.85000, 28.32129
686, 6.86000, 28.09458
687, 6.87000, 29.38189
688, 6.88000, 24.48698
689, 6.89000, 30.01754
690, 6.90000, 23.23909
691, 6.91000, 22.52241
692, 6.92000, 30.97421
693, 6.93000, 23.50355
694, 6.94000, 30.08765
695, 6.95000, 30.84441
696, 6.96000, 34.26435
697, 6.97000, 27.58743
698, 6.98000, 27.98157
699, 6.99000, 24.49703
700, 7.00000, 31.30927
701, 7.01000, 20.33347
702, 7.02000, 19.78978
703, 7.03000, 21.48241
704, 7.04000, 19.97071
705, 7.05000, 26.42424
706, 7.06000, 27.23946
707, 7.07000, 36.60854
708, 7.08000, 37.61097
709, 7.09000, 33.95458
710, 7.10000, 31.00783
711, 7.11000, 27.77418
712, 7.12000, 29.44988
713, 7.13000, 23.57515
714, 7.14000, 28.91243
715, 7.15000, 30.44917
716, 7.16000, 35.22828
717, 7.17000, 23.74798
718, 7.18000, 22.18288
719, 7.19000, 23.30450
720, 7.20000, 26.50824
721, 7.21000, 22.74738
722, 7.22000, 18.87615
723, 7.23000, 25.58673
724, 7.24000, 26.13636
725, 7.25000, 34.75747
726, 7.26000, 34.70072
727, 7.27000, 30.72692
728, 7.28000, 27.86827
729, 7.29000, 28.34036
730, 7.30000, 36.04331
731, 7.31000, 36.54588
732, 7.32000, 39.29398
733, 7.33000, 24.36542
734, 7.34000, 20.16674
735, 7.35000, 19.95043
736, 7.36000, 25.12877
737, 7.37000, 27.73130
738, 7.38000, 27.53439
739, 7.39000, 30.61407
740, 7.40000, 28.98055
741, 7.41000, 31.61617
742, 7.42000, 30.12565
743, 7.43000, 31.88077
744, 7.44000, 33.11620
745, 7.45000, 33.33544
746, 7.46000, 26.27975
747, 7.47000, 40.03696
748, 7.48000, 34.98588
749, 7.49000, 35.39995
750, 7.50000, 20.44184
751, 7.51000, 20.80735
752, 7.52000, 22.11054
753, 7.53000, 20.86058
754, 7.54000, 23.43608
755, 7.55000, 29.33150
756, 7.56000, 30.01425
757, 7.57000, 32.20291
758, 7.58000, 26.43948
759, 7.59000, 25.68811
760, 7.60000, 27.59649
761, 7.61000, 32.36527
762, 7.62000, 37.65476
763, 7.63000, 29.45527
764, 7.64000, 28.23179
765, 7.65000, 23.35144
766, 7.66000, 17.16494
767, 7.67000, 21.47149
768, 7.68000, 25.73909
769, 7.69000, 23.79865
770, 7.70000, 27.62023
771, 7.71000, 18.71391
772, 7.72000, 28.22792
773, 7.73000, 32.92423
774, 7.74000, 35.42710
775, 7.75000, 33.35855
776, 7.76000, 27.72818
777, 7.77000, 26.16584
778, 7.78000, 32.27219
779, 7.79000, 32.19994
780, 7.80000, 34.34824
781, 7.81000, 31.26998
782, 7.82000, 21.60287
783, 7.83000, 17.85617
784, 7.84000, 26.49735
785, 7.85000, 28.40441
786, 7.86000, 28.72226
787, 7.87000, 24.64570
788, 7.88000, 26.05257
789, 7.89000, 23.61386
790, 7.90000, 27.39086
791, 7.91000, 28.72888
792, 7.92000, 36.81825
793, 7.93000, 30.31744
794, 7.94000, 34.64757
795, 7.95000, 31.31125
796, 7.96000, 24.52485
797, 7.97000, 29.60538
798, 7.98000, 32.39916
799, 7.99000, 30.86955
800, 8.00000, 31.38426
801, 8.01000, 21.45005
802, 8.02000, 20.09211
803, 8.03000, 19.19730
804, 8.04000, 27.73422
805, 8.05000, 26.72038
806, 8.06000, 24.02278
807, 8.07000, 24.15365
808, 8.08000, 26.61970
809, 8.09000, 28.58113
810, 8.10000, 29.65506
811, 8.11000, 36.47774
812, 8.12000, 31.94585
813, 8.13000, 37.62529
814, 8.14000, 33.93743
815, 8.15000, 16.68437
816, 8.16000, 22.89399
817, 8.17000, 28.16339
818, 8.18000, 21.39956
819, 8.19000, 18.14237
820, 8.20000, 25.17213
821, 8.21000, 30.15770
822, 8.22000, 29.53878
823, 8.23000, 32.89975
824, 8.24000, 36.19694
825, 8.25000, 36.14664
826, 8.26000, 23.42785
827, 8.27000, 26.44725
828, 8.28000, 26.70567
829, 8.29000, 31.95853
830, 8.30000, 27.85112
831, 8.31000, 22.77941
832, 8.32000, 31.16244
833, 8.33000, 26.23521
834, 8.34000, 27.08416
835, 8.35000, 25.74407
836, 8.36000, 20.29800
837, 8.37000, 25.42320
838, 8.38000, 26.34763
839, 8.39000, 29.20143
840, 8.40000, 27.01099
841, 8.41000, 37.36074
842, 8.42000, 30.48200
843, 8.43000, 31.62071
844, 8.44000, 33.77008
845, 8.45000, 38.23951
846, 8.46000, 34.62837
847, 8.47000, 24.59330
848, 8.48000, 25.01636
849, 8.49000, 25.61775
850, 8.50000, 23.79887
851, 8.51000, 21.94232
852, 8.52000, 26.45240
853, 8.53000, 22.38863
854, 8.54000, 33.13462
855, 8.55000, 28.99806
856, 8.56000, 30.16116
857, 8.57000, 22.19244
858, 8.58000, 22.13354
859, 8.59000, 35.15728
860, 8.60000, 35.45161
861, 8.61000, 31.09732
862, 8.62000, 28.30452
863, 8.63000, 20.69017
864, 8.64000, 20.26034
865, 8.65000, 21.35021
866, 8.66000, 22.59150
867, 8.67000, 24.79321
868, 8.68000, 29.57109
869, 8.69000, 29.07673
870, 8.70000, 35.28096
871, 8.71000, 27.00465
872, 8.72000, 27.40670
873, 8.73000, 22.14563
874, 8.74000, 28.60266
875, 8.75000, 32.29877
876, 8.76000, 31.82617
877, 8.77000, 35.71677
878, 8.78000, 27.05051
879, 8.79000, 31.68392
880, 8.80000, 29.46078
881, 8.81000, 31.42206
882, 8.82000, 26.68448
883, 8.83000, 24.18916
884, 8.84000, 21.00846
885, 8.85000, 31.75734
886, 8.86000, 34.77409
887, 8.87000, 37.27051
888, 8.88000, 28.85918
889, 8.89000, 32.34097
890, 8.90000, 26.79676
891, 8.91000, 21.78686
892, 8.92000, 20.12607
893, 8.93000, 19.36914
894, 8.94000, 27.66251
895, 8.95000, 27.10178
896, 8.96000, 24.67300
897, 8.97000, 28.07992
898, 8.98000, 27.50408
899, 8.99000, 26.49766
900, 9.00000, 27.82306
901, 9.01000, 26.26906
902, 9.02000, 26.07200
903, 9.03000, 32.76776
904, 9.04000, 23.52156
905, 9.05000, 29.92329
906, 9.06000, 30.95802
907, 9.07000, 29.46211
908, 9.08000, 31.20341
909, 9.09000, 32.89435
910, 9.10000, 34.84982
911, 9.11000, 28.39608
912, 9.12000, 23.19256
913, 9.13000, 32.91044
914, 9.14000, 28.93977
915, 9.15000, 19.33741
916, 9.16000, 15.49038
917, 9.17000, 16.47022
918, 9.18000, 23.39460
919, 9.19000, 31.38842
920, 9.20000, 34.69287
921, 9.21000, 31.67825
922, 9.22000, 24.74850
923, 9.23000, 23.12175
924, 9.24000, 24.63953
925, 9.25000, 27.54062
926, 9.26000, 31.05018
927, 9.27000, 36.12681
928, 9.28000, 24.32596
929, 9.29000, 31.59719
930, 9.30000, 26.28655
931, 9.31000, 26.88451
932, 9.32000, 24.60611
933, 9.33000, 26.78695
934, 9.34000, 29.00573
935, 9.35000, 26.60665
936, 9.36000, 30.40562
937, 9.37000, 30.06343
938, 9.38000, 29.56250
939, 9.39000, 28.56978
940, 9.40000, 27.50563
941, 9.41000, 37.05468
942, 9.42000, 30.60137
943, 9.43000, 27.99483
944, 9.44000, 30.65823
945, 9.45000, 20.82068
946, 9.46000, 22.36709
947, 9.47000, 18.21128
948, 9.48000, 23.07067
949, 9.49000, 24.97111
950, 9.50000, 22.13846
951, 9.51000, 28.45138
952, 9.52000, 25.50127
953, 9.53000, 26.57119
954, 9.54000, 32.51941
955, 9.55000, 27.81936
956, 9.56000, 31.86050
957, 9.57000, 28.66103
958, 9.58000, 32.82650
959, 9.59000, 31.07796
960, 9.60000, 31.80586
961, 9.61000, 28.62301
962, 9.62000, 22.62873
963, 9.63000, 25.17821
964, 9.64000, 29.33190
965, 9.65000, 28.45601
966, 9.66000, 25.34814
967, 9.67000, 24.23237
968, 9.68000, 27.22776
969, 9.69000, 29.82769
970, 9.70000, 29.54109
971, 9.71000, 34.24831
972, 9.72000, 31.27661
973, 9.73000, 26.57239
974, 9.74000, 25.60315
975, 9.75000, 31.65896
976, 9.76000, 28.29640
977, 9.77000, 28.04358
978, 9.78000, 34.02109
979, 9.79000, 30.10273
980, 9.80000, 27.86339
981, 9.81000, 25.18672
982, 9.82000, 28.79622
983, 9.83000, 26.26239
984, 9.84000, 38.00672
985, 9.85000, 27.19633
986, 9.86000, 20.88500
987, 9.87000, 22.36656
988, 9.88000, 28.72383
989, 9.89000, 23.89617
990, 9.90000, 19.62581
991, 9.91000, 20.32889
992, 9.92000, 33.62210
993, 9.93000, 29.14669
994, 9.94000, 26.64630
995, 9.95000, 28.27142
996, 9.96000, 27.02429
997, 9.97000, 21.92637
998, 9.98000, 23.01768
999, 9.99000, 23.59937
1000, 10.00000, 25.05743
1001, 10.01000, 26.48662
1002, 10.02000, 33.47858
1003, 10.03000, 26.71173
1004, 10.04000, 24.91077
1005, 10.05000, 24.18081
1006, 10.06000, 25.41475
1007, 10.07000, 36.99063
1008, 10.08000, 32.77207
1009, 10.09000, 31.83770
1010, 10.10000, 32.45753
1011, 10.11000, 35.41752
1012, 10.12000, 22.81484
1013, 10.13000, 26.04017
1014, 10.14000, 27.13600
1015, 10.15000, 24.40973
1016, 10.16000, 30.40024
1017, 10.17000, 25.09379
1018, 10.18000, 33.61557
1019, 10.19000, 30.30424
1020, 10.20000, 37.54201
1021, 10.21000, 37.21660
1022, 10.22000, 29.62209
1023, 10.23000, 26.59868
1024, 10.24000, 32.56974
1025, 10.25000, 40.45061
1026, 10.26000, 30.42331
1027, 10.27000, 25.07597
1028, 10.28000, 16.55241
1029, 10.29000, 20.53236
1030, 10.30000, 27.24157
1031, 10.31000, 25.01358
1032, 10.32000, 18.21773
1033, 10.33000, 17.13759
1034, 10.34000, 24.56265
1035, 10.35000, 21.55606
1036, 10.36000, 32.86128
1037, 10.37000, 36.49259
1038, 10.38000, 31.75355
1039, 10.39000, 36.57496
1040, 10.40000, 29.52522
1041, 10.41000, 26.34622
1042, 10.42000, 22.50873
1043, 10.43000, 23.27820
1044, 10.44000, 23.60982
1045, 10.45000, 27.64137
1046, 10.46000, 27.10887
1047, 10.47000, 24.05375
1048, 10.48000, 22.56215
1049, 10.49000, 29.21620
1050, 10.50000, 28.71237
1051, 10.51000, 20.80968
1052, 10.52000, 20.82908
1053, 10.53000, 25.44305
1054, 10.54000, 27.95912
1055, 10.55000, 27.21729
1056, 10.56000, 27.80377
1057, 10.57000, 22.55394
1058, 10.58000, 27.68070
1059, 10.59000, 28.31148
1060, 10.60000, 31.98560
1061, 10.61000, 25.40788
1062, 10.62000, 32.41076
1063, 10.63000, 26.85301
1064, 10.64000, 27.73783
1065, 10.65000, 25.75960
1066, 10.66000, 25.90511
1067, 10.67000, 35.76573
1068, 10.68000, 37.13846
1069, 10.69000, 26.56003
1070, 10.70000, 27.39561
1071, 10.71000, 28.12530
1072, 10.72000, 21.63683
1073, 10.73000, 27.11076
1074, 10.74000, 29.00290
1075, 10.75000, 31.90032
1076, 10.76000, 28.18466
1077, 10.77000, 22.34908
1078, 10.78000, 26.77541
1079, 10.79000, 25.14778
1080, 10.80000, 27.78361
1081, 10.81000, 21.76194
1082, 10.82000, 27.04059
1083, 10.83000, 33.06543
1084, 10.84000, 34.66890
1085, 10.85000, 30.25717
1086, 10.86000, 23.93286
1087, 10.87000, 27.30181
1088, 10.88000, 26.18775
1089, 10.89000, 21.31235
1090, 10.90000, 23.43052
1091, 10.91000, 18.87949
1092, 10.92000, 21.64030
1093, 10.93000, 26.85432
1094, 10.94000, 34.70982
1095, 10.95000, 33.39686
1096, 10.96000, 30.44334
1097, 10.97000, 28.16631
1098, 10.98000, 26.49526
1099, 10.99000, 26.22577
1100, 11.00000, 21.40238
1101, 11.01000, 18.87689
1102, 11.02000, 28.63640
1103, 11.03000, 35.37795
1104, 11.04000, 32.74673
1105, 11.05000, 35.08878
1106, 11.06000, 31.24696
1107, 11.07000, 33.61338
1108, 11.08000, 32.29272
1109, 11.09000, 27.83803
1110, 11.10000, 26.64115
1111, 11.11000, 23.79923
1112, 11.12000, 26.39524
1113, 11.13000, 27.82170
1114, 11.14000, 30.86372
1115, 11.15000, 24.07345
1116, 11.16000, 21.32702
1117, 11.17000, 26.86436
1118, 11.18000, 29.80561
1119, 11.19000, 35.18664
1120, 11.20000, 31.09327
1121, 11.21000, 33.12754
1122, 11.22000, 29.69174
1123, 11.23000, 27.08947
1124, 11.24000, 28.60387
1125, 11.25000, 29.95210
1126, 11.26000, 24.84973
1127, 11.27000, 23.67237
1128, 11.28000, 20.99747
1129, 11.29000, 17.64428
1130, 11.30000, 22.42197
1131, 11.31000, 17.64088
1132, 11.32000, 19.70513
1133, 11.33000, 21.94280
1134, 11.34000, 27.27402
1135, 11.35000, 23.91782
1136, 11.36000, 28.11362
1137, 11.37000, 28.45151
1138, 11.38000, 21.35473
1139, 11.39000, 25.48533
1140, 11.40000, 33.00117
1141, 11.41000, 30.17197
1142, 11.42000, 36.47320
1143, 11.43000, 21.97473
1144, 11.44000, 22.23178
1145, 11.45000, 19.99105
1146, 11.46000, 20.59017
1147, 11.47000, 24.60802
1148, 11.48000, 25.33456
1149, 11.49000, 32.18115
1150, 11.50000, 26.65667
1151, 11.51000, 23.51240
1152, 11.52000, 24.48290
1153, 11.53000, 33.66484
1154, 11.54000, 24.83173
1155, 11.55000, 28.30359
1156, 11.56000, 38.33596
1157, 11.57000, 24.62032
1158, 11.58000, 25.91603
1159, 11.59000, 19.86703
1160, 11.60000, 22.34759
1161, 11.61000, 22.46548
1162, 11.62000, 28.24707
1163, 11.63000, 30.20655
1164, 11.64000, 28.31150
1165, 11.65000, 21.46152
1166, 11.66000, 31.13676
1167, 11.67000, 31.10026
1168, 11.68000, 33.67858
1169, 11.69000, 29.46891
1170, 11.70000, 30.92401
1171, 11.71000, 36.53221
1172, 11.72000, 31.55373
1173, 11.73000, 30.75406
1174, 11.74000, 23.23786
1175, 11.75000, 24.83422
1176, 11.76000, 24.06533
1177, 11.77000, 33.49277
1178, 11.78000, 21.55391
1179, 11.79000, 26.71167
1180, 11.80000, 33.65121
1181, 11.81000, 30.91227
1182, 11.82000, 37.96941
1183, 11.83000, 35.96611
1184, 11.84000, 31.99679
1185, 11.85000, 33.31176
1186, 11.86000, 35.99202
1187, 11.87000, 32.82678
1188, 11.88000, 29.89426
1189, 11.89000, 29.28520
1190, 11.90000, 19.82191
1191, 11.91000, 22.90620
1192, 11.92000, 22.69424
1193, 11.93000, 29.09123
1194, 11.94000, 23.64161
1195, 11.95000, 26.55017
1196, 11.96000, 16.68347
1197, 11.97000, 25.34150
1198, 11.98000, 25.89968
1199, 11.99000, 36.24679
1200, 12.00000, 31.88468
1201, 12.01000, 28.52289
1202, 12.02000, 32.08510
1203, 12.03000, 33.09860
1204, 12.04000, 32.97560
1205, 12.05000, 30.61170
1206, 12.06000, 31.23224
1207, 12.07000, 31.09269
1208, 12.08000, 22.87183
1209, 12.09000, 26.62257
1210, 12.10000, 24.22298
1211, 12.11000, 27.73933
1212, 12.12000, 26.84090
1213, 12.13000, 26.77659
1214, 12.14000, 26.47943
1215, 12.15000, 38.22615
1216, 12.16000, 30.91607
1217, 12.17000, 29.61260
1218, 12.18000, 24.95818
1219, 12.19000, 34.40693
1220, 12.20000, 34.28389
1221, 12.21000, 32.83006
1222, 12.22000, 35.04422
1223, 12.23000, 27.10436
1224, 12.24000, 28.73587
1225, 12.25000, 25.90876
1226, 12.26000, 20.85212
1227, 12.27000, 26.37624
1228, 12.28000, 27.29244
1229, 12.29000, 30.05304
1230, 12.30000, 30.13063
1231, 12.31000, 30.97524
1232, 12.32000, 28.90912
1233, 12.33000, 36.06113
1234, 12.34000, 36.18798
1235, 12.35000, 27.29269
1236, 12.36000, 28.40339
1237, 12.37000, 34.40043
1238, 12.38000, 33.44255
1239, 12.39000, 26.29472
1240, 12.40000, 25.28453
1241, 12.41000, 22.22709
1242, 12.42000, 27.51785
1243, 12.43000, 21.54883
1244, 12.44000, 21.48110
1245, 12.45000, 30.77800
1246, 12.46000, 29.23677
1247, 12.47000, 34.20897
1248, 12.48000, 28.11183
1249, 12.49000, 27.84558
1250, 12.50000, 19.62013
1251, 12.51000, 22.31874
1252, 12.52000, 27.56126
1253, 12.53000, 28.24583
1254, 12.54000, 30.70919
1255, 12.55000, 31.49125
1256, 12.56000, 34.01384
1257, 12.57000, 24.77774
1258, 12.58000, 28.56674
1259, 12.59000, 22.59793
1260, 12.60000, 23.66410
1261, 12.61000, 27.56462
1262, 12.62000, 24.45124
1263, 12.63000, 32.77749
1264, 12.64000, 33.34918
1265, 12.65000, 27.94433
1266, 12.66000, 29.14100
1267, 12.67000, 29.47462
1268, 12.68000, 27.56874
1269, 12.69000, 27.48544
1270, 12.70000, 27.51870
1271, 12.71000, 26.71414
1272, 12.72000, 30.07913
1273, 12.73000, 34.47842
1274, 12.74000, 28.33298
1275, 12.75000, 27.12001
1276, 12.76000, 22.71780
1277, 12.77000, 23.89116
1278, 12.78000, 34.16940
1279, 12.79000, 25.78573
1280, 12.80000, 33.82321
1281, 12.81000, 32.88268
1282, 12.82000, 27.57853
1283, 12.83000, 32.36661
1284, 12.84000, 31.87132
1285, 12.85000, 30.78776
1286, 12.86000, 35.56728
1287, 12.87000, 39.54487
1288, 12.88000, 37.98671
1289, 12.89000, 28.50809
1290, 12.90000, 21.93328
1291, 12.91000, 22.57610
1292, 12.92000, 25.21497
1293, 12.93000, 25.15241
1294, 12.94000, 16.55975
1295, 12.95000, 20.57323
1296, 12.96000, 23.39660
1297, 12.97000, 25.17867
1298, 12.98000, 23.34611
1299, 12.99000, 23.29289
1300, 13.00000, 26.48733
1301, 13.01000, 30.27106
1302, 13.02000, 35.52466
1303, 13.03000, 31.70038
1304, 13.04000, 32.23400
1305, 13.05000, 30.06709
1306, 13.06000, 20.69833
1307, 13.07000, 28.42233
1308, 13.08000, 23.50954
1309, 13.09000, 27.38140
1310, 13.10000, 25.82224
1311, 13.11000, 25.14945
1312, 13.12000, 28.17372
1313, 13.13000, 27.70159
1314, 13.14000, 30.27571
1315, 13.15000, 34.40540
1316, 13.16000, 25.48349
1317, 13.17000, 26.91530
1318, 13.18000, 32.26378
1319, 13.19000, 28.34339
1320, 13.20000, 34.32716
1321, 13.21000, 32.08116
1322, 13.22000, 28.50810
1323, 13.23000, 24.62801
1324, 13.24000, 21.88638
1325, 13.25000, 22.37049
1326, 13.26000, 24.33394
1327, 13.27000, 18.08936
1328, 13.28000, 17.37918
1329, 13.29000, 26.84995
1330, 13.30000, 24.62778
1331, 13.31000, 23.33216
1332, 13.32000, 27.63036
1333, 13.33000, 32.03477
1334, 13.34000, 21.87127
1335, 13.35000, 20.98312
1336, 13.36000, 32.07813
1337, 13.37000, 29.53772
1338, 13.38000, 32.30924
1339, 13.39000, 28.39149
1340, 13.40000, 27.44800
1341, 13.41000, 22.33989
1342, 13.42000, 26.02885
1343, 13.43000, 21.93899
1344, 13.44000, 34.60923
1345, 13.45000, 33.74396
1346, 13.46000, 27.95752
1347, 13.47000, 29.01792
1348, 13.48000, 23.62142
1349, 13.49000, 32.30986
1350, 13.50000, 27.72718
1351, 13.51000, 28.54891
1352, 13.52000, 29.33993
1353, 13.53000, 31.97572
1354, 13.54000, 30.97870
1355, 13.55000, 21.21829
1356, 13.56000, 24.89116
1357, 13.57000, 18.68026
1358, 13.58000, 18.30185
1359, 13.59000, 21.44370
1360, 13.60000, 25.26227
1361, 13.61000, 33.00207
1362, 13.62000, 24.94590
1363, 13.63000, 24.46763
1364, 13.64000, 28.06445
1365, 13.65000, 24.83290
1366, 13.66000, 23.32495
1367, 13.67000, 32.12299
1368, 13.68000, 30.02553
1369, 13.69000, 33.69620
1370, 13.70000, 30.01913
1371, 13.71000, 24.52462
1372, 13.72000, 23.68939
1373, 13.73000, 21.07520
1374, 13.74000, 26.82182
1375, 13.75000, 19.81056
1376, 13.76000, 31.98813
1377, 13.77000, 26.23606
1378, 13.78000, 26.56715
1379, 13.79000, 31.57910
1380, 13.80000, 27.19633
1381, 13.81000, 29.57025
1382, 13.82000, 28.06261
1383, 13.83000, 30.25755
1384, 13.84000, 23.65450
1385, 13.85000, 19.27001
1386, 13.86000, 24.86531
1387, 13.87000, 32.64315
1388, 13.88000, 23.99258
1389, 13.89000, 30.38593
1390, 13.90000, 24.47769
1391, 13.91000, 25.35417
1392, 13.92000, 26.18278
1393, 13.93000, 25.57661
1394, 13.94000, 32.65594
1395, 13.95000, 31.18435
1396, 13.96000, 26.95850
1397, 13.97000, 31.67685
1398, 13.98000, 29.86444
1399, 13.99000, 22.42486
1400, 14.00000, 25.03462
1401, 14.01000, 28.76538
1402, 14.02000, 29.66246
1403, 14.03000, 37.35543
1404, 14.04000, 22.47806
1405, 14.05000, 28.45091
1406, 14.06000, 34.65631
1407, 14.07000, 23.25029
1408, 14.08000, 22.98330
1409, 14.09000, 28.67357
1410, 14.10000, 31.20948
1411, 14.11000, 27.87976
1412, 14.12000, 28.35797
1413, 14.13000, 24.59535
1414, 14.14000, 22.31054
1415, 14.15000, 24.27312
1416, 14.16000, 29.08904
1417, 14.17000, 28.45654
1418, 14.18000, 29.99497
1419, 14.19000, 29.06928
1420, 14.20000, 23.74861
1421, 14.21000, 22.48551
1422, 14.22000, 23.61804
1423, 14.23000, 23.05365
1424, 14.24000, 26.92819
1425, 14.25000, 20.46875
1426, 14.26000, 21.73661
1427, 14.27000, 24.99885
1428, 14.28000, 24.91476
1429, 14.29000, 25.84439
1430, 14.30000, 30.24392
1431, 14.31000, 29.08092
1432, 14.32000, 30.81861
1433, 14.33000, 30.03337
1434, 14.34000, 28.08891
1435, 14.35000, 28.91167
1436, 14.36000, 31.83148
1437, 14.37000, 21.95756
1438, 14.38000, 27.42339
1439, 14.39000, 23.79809
1440, 14.40000, 16.52944
1441, 14.41000, 21.72970
1442, 14.42000, 19.78968
1443, 14.43000, 29.85105
1444, 14.44000, 27.20634
1445, 14.45000, 27.08811
1446, 14.46000, 22.00859
1447, 14.47000, 21.80520
1448, 14.48000, 26.63637
1449, 14.49000, 30.48995
1450, 14.50000, 25.89487
1451, 14.51000, 22.78083
1452, 14.52000, 27.10876
1453, 14.53000, 25.08930
1454, 14.54000, 29.09379
1455, 14.55000, 26.70193
1456, 14.56000, 26.48611
1457, 14.57000, 22.57490
1458, 14.58000, 21.07065
1459, 14.59000, 30.42371
1460, 14.60000, 35.39388
1461, 14.61000, 32.41083
1462, 14.62000, 29.28436
1463, 14.63000, 25.15588
1464, 14.64000, 30.85481
1465, 14.65000, 32.92829
1466, 14.66000, 40.08413
1467, 14.67000, 24.89402
1468, 14.68000, 26.37291
1469, 14.69000, 35.11119
1470, 14.70000, 22.35490
1471, 14.71000, 26.74513
1472, 14.72000, 21.23787
1473, 14.73000, 18.75934
1474, 14.74000, 19.37407
1475, 14.75000, 20.17100
1476, 14.76000, 23.38398
1477, 14.77000, 28.28871
1478, 14.78000, 25.60229
1479, 14.79000, 33.21172
1480, 14.80000, 29.88598
1481, 14.81000, 27.24880
1482, 14.82000, 33.85615
1483, 14.83000, 25.20497
1484, 14.84000, 27.26628
1485, 14.85000, 33.18356
1486, 14.86000, 25.04168
1487, 14.87000, 20.94795
1488, 14.88000, 20.04781
1489, 14.89000, 17.75085
1490, 14.90000, 19.55894
1491, 14.91000, 24.24843
1492, 14.92000, 31.49970
1493, 14.93000, 28.99535
1494, 14.94000, 22.59569
1495, 14.95000, 28.70360
1496, 14.96000, 28.26050
1497, 14.97000, 19.71017
1498, 14.98000, 23.88926
1499, 14.99000, 28.95705
1500, 15.00000, 22.55148
1501, 15.01000, 26.97871
1502, 15.02000, 33.57060
1503, 15.03000, 22.54818
1504, 15.04000, 22.86063
1505, 15.05000, 26.20623
1506, 15.06000, 21.96395
1507, 15.07000, 23.04428
1508, 15.08000, 28.36678
1509, 15.09000, 27.41713
1510, 15.10000, 30.32907
1511, 15.11000, 29.55699
1512, 15.12000, 25.10568
1513, 15.13000, 23.11753
1514, 15.14000, 21.30973
1515, 15.15000, 21.82859
1516, 15.16000, 22.72253
1517, 15.17000, 27.48678
1518, 15.18000, 32.55462
1519, 15.19000, 25.71307
1520, 15.20000, 23.50738
1521, 15.21000, 24.65149
1522, 15.22000, 27.01157
1523, 15.23000, 27.32520
1524, 15.24000, 21.79070
1525, 15.25000, 27.59510
1526, 15.26000, 28.88015
1527, 15.27000, 28.00397
1528, 15.28000, 26.97247
1529, 15.29000, 29.40284
1530, 15.30000, 32.35686
1531, 15.31000, 23.19356
1532, 15.32000, 26.04693
1533, 15.33000, 31.27801
1534, 15.34000, 26.45575
1535, 15.35000, 24.76227
1536, 15.36000, 18.13461
1537, 15.37000, 23.41865
1538, 15.38000, 22.12449
1539, 15.39000, 26.93201
1540, 15.40000, 18.03651
1541, 15.41000, 18.96452
1542, 15.42000, 26.35137
1543, 15.43000, 37.58950
1544, 15.44000, 30.29713
1545, 15.45000, 34.05428
1546, 15.46000, 26.40196
1547, 15.47000, 32.83600
1548, 15.48000, 25.78066
1549, 15.49000, 26.98143
1550, 15.50000, 29.76655
1551, 15.51000, 22.76680
1552, 15.52000, 17.08950
1553, 15.53000, 20.90225
1554, 15.54000, 20.37628
1555, 15.55000, 19.85141
1556, 15.56000, 17.39485
1557, 15.57000, 27.33473
1558, 15.58000, 26.66839
1559, 15.59000, 27.92946
1560, 15.60000, 24.45735
1561, 15.61000, 27.92590
1562, 15.62000, 25.56712
1563, 15.63000, 21.70508
1564, 15.64000, 22.21275
1565, 15.65000, 25.59623
1566, 15.66000, 28.08299
1567, 15.67000, 36.01926
1568, 15.68000, 25.76833
1569, 15.69000, 22.87048
1570, 15.70000, 25.34268
1571, 15.71000, 22.19508
1572, 15.72000, 23.60415
1573, 15.73000, 31.74325
1574, 15.74000, 29.84712
1575, 15.75000, 33.14847
1576, 15.76000, 28.32931
1577, 15.77000, 20.11627
1578, 15.78000, 22.60427
1579, 15.79000, 27.91364
1580, 15.80000, 26.70243
1581, 15.81000, 30.56236
1582, 15.82000, 35.13190
1583, 15.83000, 29.65742
1584, 15.84000, 17.68810
1585, 15.85000, 17.73959
1586, 15.86000, 18.12568
1587, 15.87000, 19.21749
1588, 15.88000, 20.95470
1589, 15.89000, 19.27725
1590, 15.90000, 29.41008
1591, 15.91000, 25.90946
1592, 15.92000, 18.02084
1593, 15.93000, 22.17168
1594, 15.94000, 31.27897
1595, 15.95000, 30.11796
1596, 15.96000, 35.10202
1597, 15.97000, 25.25686
1598, 15.98000, 28.01025
1599, 15.99000, 24.38531
1600, 16.00000, 23.69776
1601, 16.01000, 15.30423
1602, 16.02000, 16.46972
1603, 16.03000, 24.22421
1604, 16.04000, 22.70366
1605, 16.05000, 29.00336
1606, 16.06000, 32.18767
1607, 16.07000, 29.82208
1608, 16.08000, 32.01865
1609, 16.09000, 32.85729
1610, 16.10000, 27.34480
1611, 16.11000, 24.36224
1612, 16.12000, 31.29417
1613, 16.13000, 30.09962
1614, 16.14000, 31.85733
1615, 16.15000, 25.40033
1616, 16.16000, 23.52951
1617, 16.17000, 21.15631
1618, 16.18000, 24.38309
1619, 16.19000, 21.73442
1620, 16.20000, 19.73859
1621, 16.21000, 18.57448
1622, 16.22000, 28.40418
1623, 16.23000, 25.61544
1624, 16.24000, 28.42367
1625, 16.25000, 20.39874
1626, 16.26000, 25.22482
1627, 16.27000, 24.97139
1628, 16.28000, 28.47979
1629, 16.29000, 30.16694
1630, 16.30000, 32.78177
1631, 16.31000, 30.20060
1632, 16.32000, 30.50076
1633, 16.33000, 25.46445
1634, 16.34000, 28.32166
1635, 16.35000, 31.09083
1636, 16.36000, 21.62791
1637, 16.37000, 19.78942
1638, 16.38000, 30.86781
1639, 16.39000, 31.91178
1640, 16.40000, 32.15967
1641, 16.41000, 25.83582
1642, 16.42000, 24.32111
1643, 16.43000, 25.48734
1644, 16.44000, 24.60957
1645, 16.45000, 23.60134
1646, 16.46000, 26.90209
1647, 16.47000, 28.71900
1648, 16.48000, 27.23673
1649, 16.49000, 20.73203
1650, 16.50000, 16.94347
1651, 16.51000, 25.26715
1652, 16.52000, 28.45435
1653, 16.53000, 22.64040
1654, 16.54000, 18.10123
1655, 16.55000, 24.50088
1656, 16.56000, 20.11083
1657, 16.57000, 18.91151
1658, 16.58000, 21.28458
1659, 16.59000, 24.40147
1660, 16.60000, 25.65871
1661, 16.61000, 25.41264
1662, 16.62000, 28.49322
1663, 16.63000, 24.31182
1664, 16.64000, 26.24103
1665, 16.65000, 31.74584
1666, 16.66000, 20.87356
1667, 16.67000, 22.26856
1668, 16.68000, 23.91530
1669, 16.69000, 17.86387
1670, 16.70000, 19.17625
1671, 16.71000, 14.85505
1672, 16.72000, 24.66836
1673, 16.73000, 34.62709
1674, 16.74000, 34.17081
1675, 16.75000, 34.26514
1676, 16.76000, 35.55857
1677, 16.77000, 37.02148
1678, 16.78000, 35.51728
1679, 16.79000, 34.43706
1680, 16.80000, 36.77216
1681, 16.81000, 28.58733
1682, 16.82000, 16.17757
1683, 16.83000, 18.96988
1684, 16.84000, 23.92280
1685, 16.85000, 22.32256
1686, 16.86000, 21.08557
1687, 16.87000, 22.48632
1688, 16.88000, 34.39246
1689, 16.89000, 27.82347
1690, 16.90000, 29.79188
1691, 16.91000, 30.19664
1692, 16.92000, 26.17150
1693, 16.93000, 34.86035
1694, 16.94000, 27.85301
1695, 16.95000, 23.22805
1696, 16.96000, 28.56587
1697, 16.97000, 26.34640
1698, 16.98000, 27.62637
1699, 16.99000, 22.73721
1700, 17.00000, 20.97170
1701, 17.01000, 23.36863
1702, 17.02000, 20.85445
1703, 17.03000, 22.82794
1704, 17.04000, 20.33917
1705, 17.05000, 27.17772
1706, 17.06000, 27.92757
1707, 17.07000, 38.15284
1708, 17.08000, 26.84410
1709, 17.09000, 28.54321
1710, 17.10000, 21.98879
1711, 17.11000, 27.45406
1712, 17.12000, 27.80732
1713, 17.13000, 25.68947
1714, 17.14000, 27.81105
1715, 17.15000, 18.27325
1716, 17.16000, 18.68475
1717, 17.17000, 18.90249
1718, 17.18000, 25.59255
1719, 17.19000, 21.26431
1720, 17.20000, 22.78538
1721, 17.21000, 30.29576
1722, 17.22000, 27.76839
1723, 17.23000, 31.82988
1724, 17.24000, 28.34679
1725, 17.25000, 25.15872
1726, 17.26000, 29.82908
1727, 17.27000, 30.37924
1728, 17.28000, 27.48037
1729, 17.29000, 19.86019
1730, 17.30000, 24.23939
1731, 17.31000, 20.18208
1732, 17.32000, 17.32721
1733, 17.33000, 18.93830
1734, 17.34000, 19.77025
1735, 17.35000, 21.28104
1736, 17.36000, 26.76132
1737, 17.37000, 19.97319
1738, 17.38000, 16.65410
1739, 17.39000, 18.18834
1740, 17.40000, 24.15168
1741, 17.41000, 20.71622
1742, 17.42000, 23.75302
1743, 17.43000, 22.58644
1744, 17.44000, 23.64426
1745, 17.45000, 27.56501
1746, 17.46000, 20.60803
1747, 17.47000, 20.15437
1748, 17.48000, 19.36171
1749, 17.49000, 23.03968
1750, 17.50000, 17.90541
1751, 17.51000, 16.85855
1752, 17.52000, 21.43346
1753, 17.53000, 24.60486
1754, 17.54000, 21.03199
1755, 17.55000, 22.29588
1756, 17.56000, 20.06173
1757, 17.57000, 19.37192
1758, 17.58000, 25.97226
1759, 17.59000, 22.69599
1760, 17.60000, 21.75580
1761, 17.61000, 26.11225
1762, 17.62000, 21.97239
1763, 17.63000, 17.73112
1764, 17.64000, 14.18458
1765, 17.65000, 15.12014
1766, 17.66000, 13.54714
1767, 17.67000, 20.21323
1768, 17.68000, 21.90647
1769, 17.69000, 16.84040
1770, 17.70000, 23.70634
1771, 17.71000, 16.42508
1772, 17.72000, 18.04109
1773, 17.73000, 19.24057
1774, 17.74000, 21.47152
1775, 17.75000, 22.89520
1776, 17.76000, 25.71286
1777, 17.77000, 24.32319
1778, 17.78000, 24.81291
1779, 17.79000, 23.16247
1780, 17.80000, 17.08910
1781, 17.81000, 14.98302
1782, 17.82000, 17.13227
1783, 17.83000, 17.62924
1784, 17.84000, 19.56077
1785, 17.85000, 16.34432
1786, 17.86000, 22.25818
1787, 17.87000, 17.32338
1788, 17.88000, 19.10700
1789, 17.89000, 19.52472
1790, 17.90000, 22.73926
1791, 17.91000, 20.23957
1792, 17.92000, 18.69757
1793, 17.93000, 19.80435
1794, 17.94000, 17.40564
1795, 17.95000, 21.64646
1796, 17.96000, 22.94089
1797, 17.97000, 20.93819
1798, 17.98000, 18.28107
1799, 17.99000, 14.33500
1800, 18.00000, 15.59750
1801, 18.01000, 15.59922
1802, 18.02000, 19.59974
1803, 18.03000, 16.22617
1804, 18.04000, 15.93614
1805, 18.05000, 16.56033
1806, 18.06000, 24.06603
1807, 18.07000, 22.06656
1808, 18.08000, 17.15433
1809, 18.09000, 23.27715
1810, 18.10000, 21.42089
1811, 18.11000, 17.21453
1812, 18.12000, 20.84263
1813, 18.13000, 15.66914
1814, 18.14000, 16.62151
1815, 18.15000, 18.66181
1816, 18.16000, 17.45382
1817, 18.17000, 15.86292
1818, 18.18000, 13.17499
1819, 18.19000, 16.82383
1820, 18.20000, 26.04057
1821, 18.21000, 18.45817
1822, 18.22000, 20.09635
1823, 18.23000, 22.07882
1824, 18.24000, 20.95330
1825, 18.25000, 19.00223
1826, 18.26000, 15.90582
1827, 18.27000, 23.41314
1828, 18.28000, 21.42766
1829, 18.29000, 20.99794
1830, 18.30000, 20.13808
1831, 18.31000, 19.97170
1832, 18.32000, 18.86115
1833, 18.33000, 15.62775
1834, 18.34000, 22.90064
1835, 18.35000, 22.81410
1836, 18.36000, 17.99670
1837, 18.37000, 17.74539
1838, 18.38000, 26.62501
1839, 18.39000, 20.10330
1840, 18.40000, 19.24163
1841, 18.41000, 20.82629
1842, 18.42000, 20.66482
1843, 18.43000, 20.04524
1844, 18.44000, 20.61896
1845, 18.45000, 19.14351
1846, 18.46000, 17.52687
1847, 18.47000, 15.96332
1848, 18.48000, 19.95873
1849, 18.49000, 20.45882
1850, 18.50000, 17.33702
1851, 18.51000, 16.62459
1852, 18.52000, 20.91118
1853, 18.53000, 18.23946
1854, 18.54000, 20.30119
1855, 18.55000, 19.55279
1856, 18.56000, 21.20399
1857, 18.57000, 20.86568
1858, 18.58000, 22.73111
1859, 18.59000, 14.56723
1860, 18.60000, 18.02687
1861, 18.61000, 20.98680
1862, 18.62000, 16.41758
1863, 18.63000, 17.57198
1864, 18.64000, 19.60060
1865, 18.65000, 15.33109
1866, 18.66000, 13.65848
1867, 18.67000, 19.71684
1868, 18.68000, 18.40877
1869, 18.69000, 19.13520
1870, 18.70000, 21.98826
1871, 18.71000, 14.81511
1872, 18.72000, 15.78024
1873, 18.73000, 18.00361
1874, 18.74000, 18.42626
1875, 18.75000, 15.99299
1876, 18.76000, 16.59729
1877, 18.77000, 14.57212
1878, 18.78000, 14.72606
1879, 18.79000, 13.40784
1880, 18.80000, 14.57371
1881, 18.81000, 16.02608
1882, 18.82000, 17.17864
1883, 18.83000, 15.83457
1884, 18.84000, 16.35087
1885, 18.85000, 12.66707
1886, 18.86000, 14.03882
1887, 18.87000, 14.90564
1888, 18.88000, 14.66996
1889, 18.89000, 14.68810
1890, 18.90000, 13.98752
1891, 18.91000, 12.46274
1892, 18.92000, 13.41297
1893, 18.93000, 13.98894
1894, 18.94000, 13.46208
1895, 18.95000, 11.81706
1896, 18.96000, 11.82523
1897, 18.97000, 12.14329
1898, 18.98000, 11.39720
1899, 18.99000, 12.22954
1900, 19.00000, 14.66480
1901, 19.01000, 14.70929
1902, 19.02000, 16.06753
1903, 19.03000, 16.66526
1904, 19.04000, 17.32759
1905, 19.05000, 13.01551
1906, 19.06000, 16.06052
1907, 19.07000, 13.32651
1908, 19.08000, 15.19068
1909, 19.09000, 15.03106
1910, 19.10000, 15.27836
1911, 19.11000, 11.10290
1912, 19.12000, 11.45455
1913, 19.13000, 12.33376
1914, 19.14000, 12.24139
1915, 19.15000, 11.85616
1916, 19.16000, 11.85947
1917, 19.17000, 15.45677
1918, 19.18000, 15.99408
1919, 19.19000, 11.88931
1920, 19.20000, 13.06356
1921, 19.21000, 11.41132
1922, 19.22000, 12.44123
1923, 19.23000, 13.37555
1924, 19.24000, 12.00469
1925, 19.25000, 12.95618
1926, 19.26000, 12.41782
1927, 19.27000, 15.53692
1928, 19.28000, 10.57616
1929, 19.29000, 12.58190
1930, 19.30000, 11.52479
1931, 19.31000, 10.66759
1932, 19.32000, 13.69860
1933, 19.33000, 15.36189
1934, 19.34000, 16.05272
1935, 19.35000, 15.52553
1936, 19.36000, 13.77414
1937, 19.37000, 12.61495
1938, 19.38000, 12.81012
1939, 19.39000, 14.40584
1940, 19.40000, 14.78847
1941, 19.41000, 14.60941
1942, 19.42000, 12.48416
1943, 19.43000, 12.11772
1944, 19.44000, 9.31700
1945, 19.45000, 10.40803
1946, 19.46000, 9.39095
1947, 19.47000, 8.76071
1948, 19.48000, 10.41284
1949, 19.49000, 13.51058
1950, 19.50000, 12.96457
1951, 19.51000, 11.44341
1952, 19.52000, 10.25535
1953, 19.53000, 10.23176
1954, 19.54000, 12.39640
1955, 19.55000, 10.10212
1956, 19.56000, 10.53222
1957, 19.57000, 10.89165
1958, 19.58000, 11.50598
1959, 19.59000, 11.96959
1960, 19.60000, 10.42241
1961, 19.61000, 7.97595
1962, 19.62000, 8.21121
1963, 19.63000, 10.12981
1964, 19.64000, 8.25869
1965, 19.65000, 9.95331
1966, 19.66000, 11.51620
1967, 19.67000, 13.13670
1968, 19.68000, 9.88981
1969, 19.69000, 9.02719
1970, 19.70000, 10.40533
1971, 19.71000, 10.28043
1972, 19.72000, 9.64965
1973, 19.73000, 8.92883
1974, 19.74000, 12.80252
1975, 19.75000, 9.73442
1976, 19.76000, 9.22292
1977, 19.77000, 7.93891
1978, 19.78000, 7.97571
1979, 19.79000, 6.39541
1980, 19.80000, 9.24921
1981, 19.81000, 7.48910
1982, 19.82000, 8.07484
1983, 19.83000, 8.98647
1984, 19.84000, 8.15721
1985, 19.85000, 8.23705
1986, 19.86000, 8.16684
1987, 19.87000, 8.08433
1988, 19.88000, 6.84301
1989, 19.89000, 6.17124
1990, 19.90000, 6.91525
1991, 19.91000, 6.82347
1992, 19.92000, 6.79109
1993, 19.93000, 5.63234
1994, 19.94000, 5.49565
1995, 19.95000, 5.31989
1996, 19.96000, 5.83734
1997, 19.97000, 5.04302
1998, 19.98000, 5.64380
1999, 19.99000, 7.94517
2000, 20.00000, 6.66980
2001, 20.01000, 6.63919
