nt, t, solve_time
1, 0.01000, 53.11165
2, 0.02000, 64.73232
3, 0.03000, 32.43566
4, 0.04000, 59.75454
5, 0.05000, 54.43262
6, 0.06000, 52.20804
7, 0.07000, 52.19872
8, 0.08000, 23.99643
9, 0.09000, 21.04174
10, 0.10000, 29.30886
11, 0.11000, 35.46006
12, 0.12000, 41.90278
13, 0.13000, 44.66237
14, 0.14000, 31.04412
15, 0.15000, 35.21893
16, 0.16000, 33.20092
17, 0.17000, 28.33150
18, 0.18000, 26.10362
19, 0.19000, 22.19060
20, 0.20000, 23.74783
21, 0.21000, 40.09224
22, 0.22000, 39.59837
23, 0.23000, 29.70539
24, 0.24000, 42.57374
25, 0.25000, 28.10872
26, 0.26000, 41.50382
27, 0.27000, 37.81072
28, 0.28000, 27.68743
29, 0.29000, 30.33402
30, 0.30000, 26.80142
31, 0.31000, 48.21339
32, 0.32000, 30.95585
33, 0.33000, 22.54392
34, 0.34000, 29.84802
35, 0.35000, 40.52845
36, 0.36000, 51.15203
37, 0.37000, 30.09000
38, 0.38000, 40.90737
39, 0.39000, 26.02918
40, 0.40000, 25.46662
41, 0.41000, 40.76940
42, 0.42000, 37.97865
43, 0.43000, 29.06202
44, 0.44000, 20.50712
45, 0.45000, 43.50292
46, 0.46000, 22.59700
47, 0.47000, 22.39370
48, 0.48000, 13.45229
49, 0.49000, 11.81009
50, 0.50000, 13.82673
51, 0.51000, 22.13561
52, 0.52000, 25.70540
53, 0.53000, 30.75277
54, 0.54000, 12.43869
55, 0.55000, 19.31775
56, 0.56000, 25.31196
57, 0.57000, 18.88882
58, 0.58000, 22.45988
59, 0.59000, 19.02756
60, 0.60000, 22.99544
61, 0.61000, 27.18329
62, 0.62000, 16.85277
63, 0.63000, 35.69560
64, 0.64000, 28.39645
65, 0.65000, 28.64787
66, 0.66000, 15.42954
67, 0.67000, 29.89374
68, 0.68000, 24.28073
69, 0.69000, 17.72883
70, 0.70000, 29.68352
71, 0.71000, 33.12805
72, 0.72000, 26.91737
73, 0.73000, 24.82387
74, 0.74000, 20.19941
75, 0.75000, 25.03159
76, 0.76000, 38.39196
77, 0.77000, 24.68522
78, 0.78000, 17.07997
79, 0.79000, 23.34065
80, 0.80000, 22.06626
81, 0.81000, 26.82135
82, 0.82000, 32.81411
83, 0.83000, 19.10388
84, 0.84000, 24.52604
85, 0.85000, 28.59082
86, 0.86000, 26.25711
87, 0.87000, 22.66996
88, 0.88000, 23.29123
89, 0.89000, 30.71723
90, 0.90000, 27.07444
91, 0.91000, 16.76499
92, 0.92000, 22.82753
93, 0.93000, 20.12316
94, 0.94000, 28.88255
95, 0.95000, 30.68728
96, 0.96000, 31.67138
97, 0.97000, 35.34269
98, 0.98000, 35.15895
99, 0.99000, 23.86126
100, 1.00000, 26.48013
101, 1.01000, 25.53510
102, 1.02000, 25.04998
103, 1.03000, 34.53248
104, 1.04000, 28.37620
105, 1.05000, 24.32057
106, 1.06000, 23.73115
107, 1.07000, 24.06496
108, 1.08000, 26.65463
109, 1.09000, 34.92978
110, 1.10000, 37.69948
111, 1.11000, 26.50595
112, 1.12000, 32.12025
113, 1.13000, 46.04586
114, 1.14000, 33.68775
115, 1.15000, 37.69897
116, 1.16000, 32.78063
117, 1.17000, 37.20882
118, 1.18000, 34.26522
119, 1.19000, 32.73008
120, 1.20000, 24.73410
121, 1.21000, 32.73102
122, 1.22000, 37.99857
123, 1.23000, 35.36250
124, 1.24000, 36.66360
125, 1.25000, 40.25835
126, 1.26000, 35.09222
127, 1.27000, 29.85227
128, 1.28000, 28.98051
129, 1.29000, 31.15213
130, 1.30000, 38.53106
131, 1.31000, 21.62745
132, 1.32000, 34.73694
133, 1.33000, 48.25758
134, 1.34000, 47.36074
135, 1.35000, 43.91502
136, 1.36000, 32.97198
137, 1.37000, 36.30692
138, 1.38000, 38.25337
139, 1.39000, 44.15089
140, 1.40000, 24.00346
141, 1.41000, 34.87378
142, 1.42000, 31.23407
143, 1.43000, 43.79171
144, 1.44000, 59.27347
145, 1.45000, 45.95054
146, 1.46000, 56.38066
147, 1.47000, 44.29746
148, 1.48000, 50.32611
149, 1.49000, 52.09523
150, 1.50000, 45.18607
151, 1.51000, 35.26445
152, 1.52000, 24.04643
153, 1.53000, 12.68675
154, 1.54000, 26.88793
155, 1.55000, 25.15521
156, 1.56000, 24.65417
157, 1.57000, 33.69563
158, 1.58000, 43.14282
159, 1.59000, 35.00691
160, 1.60000, 42.83844
161, 1.61000, 39.79511
162, 1.62000, 32.79123
163, 1.63000, 35.31283
164, 1.64000, 38.89537
165, 1.65000, 38.48864
166, 1.66000, 38.07194
167, 1.67000, 36.44917
168, 1.68000, 32.45802
169, 1.69000, 33.28263
170, 1.70000, 31.90906
171, 1.71000, 43.25123
172, 1.72000, 33.78237
173, 1.73000, 27.73955
174, 1.74000, 32.66665
175, 1.75000, 39.89132
176, 1.76000, 36.32746
177, 1.77000, 44.54206
178, 1.78000, 40.47253
179, 1.79000, 33.17245
180, 1.80000, 38.49728
181, 1.81000, 34.12408
182, 1.82000, 29.65890
183, 1.83000, 54.34042
184, 1.84000, 29.11905
185, 1.85000, 23.79959
186, 1.86000, 32.21996
187, 1.87000, 29.92879
188, 1.88000, 24.78815
189, 1.89000, 33.58773
190, 1.90000, 41.51437
191, 1.91000, 32.84376
192, 1.92000, 41.99760
193, 1.93000, 44.39516
194, 1.94000, 40.41539
195, 1.95000, 28.31607
196, 1.96000, 30.90939
197, 1.97000, 33.29365
198, 1.98000, 39.63075
199, 1.99000, 34.29781
200, 2.00000, 26.83801
201, 2.01000, 23.81776
202, 2.02000, 34.35758
203, 2.03000, 45.72417
204, 2.04000, 43.91647
205, 2.05000, 36.34021
206, 2.06000, 42.79331
207, 2.07000, 44.60274
208, 2.08000, 38.26652
209, 2.09000, 42.75960
210, 2.10000, 45.24127
211, 2.11000, 38.64184
212, 2.12000, 38.21705
213, 2.13000, 37.60890
214, 2.14000, 31.18424
215, 2.15000, 28.97322
216, 2.16000, 40.22816
217, 2.17000, 21.33921
218, 2.18000, 26.44492
219, 2.19000, 27.00400
220, 2.20000, 41.96279
221, 2.21000, 33.45522
222, 2.22000, 36.70332
223, 2.23000, 36.62498
224, 2.24000, 40.31292
225, 2.25000, 38.73293
226, 2.26000, 34.64929
227, 2.27000, 30.66210
228, 2.28000, 30.54995
229, 2.29000, 23.32276
230, 2.30000, 21.91778
231, 2.31000, 20.64128
232, 2.32000, 20.69763
233, 2.33000, 28.05020
234, 2.34000, 26.60644
235, 2.35000, 22.05976
236, 2.36000, 23.29681
237, 2.37000, 32.28015
238, 2.38000, 33.93251
239, 2.39000, 28.32555
240, 2.40000, 22.49414
241, 2.41000, 25.57675
242, 2.42000, 29.48609
243, 2.43000, 25.71303
244, 2.44000, 25.18621
245, 2.45000, 30.61743
246, 2.46000, 30.22673
247, 2.47000, 33.94818
248, 2.48000, 31.34185
249, 2.49000, 37.66084
250, 2.50000, 32.73976
251, 2.51000, 31.80301
252, 2.52000, 27.10573
253, 2.53000, 24.40739
254, 2.54000, 19.53208
255, 2.55000, 21.13830
256, 2.56000, 27.41275
257, 2.57000, 29.12083
258, 2.58000, 31.29921
259, 2.59000, 37.28934
260, 2.60000, 31.71585
261, 2.61000, 28.30207
262, 2.62000, 31.74097
263, 2.63000, 22.25409
264, 2.64000, 23.26539
265, 2.65000, 35.78668
266, 2.66000, 32.76142
267, 2.67000, 30.46303
268, 2.68000, 24.51605
269, 2.69000, 31.69494
270, 2.70000, 34.69233
271, 2.71000, 24.82988
272, 2.72000, 17.96943
273, 2.73000, 17.47406
274, 2.74000, 21.38388
275, 2.75000, 25.43278
276, 2.76000, 19.38587
277, 2.77000, 20.25006
278, 2.78000, 18.70933
279, 2.79000, 15.16283
280, 2.80000, 19.82701
281, 2.81000, 23.95848
282, 2.82000, 24.62797
283, 2.83000, 21.51339
284, 2.84000, 22.65072
285, 2.85000, 31.25756
286, 2.86000, 27.02159
287, 2.87000, 36.28025
288, 2.88000, 31.06747
289, 2.89000, 38.70617
290, 2.90000, 31.65327
291, 2.91000, 24.30174
292, 2.92000, 23.62701
293, 2.93000, 22.11695
294, 2.94000, 23.28801
295, 2.95000, 23.06554
296, 2.96000, 23.81436
297, 2.97000, 34.04212
298, 2.98000, 36.33450
299, 2.99000, 32.69213
300, 3.00000, 26.56588
301, 3.01000, 28.44907
302, 3.02000, 30.87700
303, 3.03000, 31.36875
304, 3.04000, 20.37388
305, 3.05000, 21.55249
306, 3.06000, 27.92773
307, 3.07000, 30.15636
308, 3.08000, 16.73475
309, 3.09000, 19.56115
310, 3.10000, 23.09941
311, 3.11000, 23.34934
312, 3.12000, 25.20672
313, 3.13000, 23.75579
314, 3.14000, 29.54490
315, 3.15000, 24.48168
316, 3.16000, 22.85152
317, 3.17000, 17.97103
318, 3.18000, 18.81328
319, 3.19000, 23.87460
320, 3.20000, 28.57174
321, 3.21000, 32.00588
322, 3.22000, 26.73545
323, 3.23000, 28.36723
324, 3.24000, 20.05765
325, 3.25000, 22.67210
326, 3.26000, 16.69673
327, 3.27000, 26.53842
328, 3.28000, 26.88472
329, 3.29000, 24.92345
330, 3.30000, 31.22018
331, 3.31000, 25.51088
332, 3.32000, 35.31553
333, 3.33000, 40.81289
334, 3.34000, 43.43095
335, 3.35000, 42.63430
336, 3.36000, 39.31543
337, 3.37000, 41.56263
338, 3.38000, 35.66341
339, 3.39000, 29.84322
340, 3.40000, 28.99486
341, 3.41000, 30.56883
342, 3.42000, 23.00222
343, 3.43000, 22.41252
344, 3.44000, 27.31316
345, 3.45000, 26.62196
346, 3.46000, 35.22469
347, 3.47000, 24.60182
348, 3.48000, 25.65123
349, 3.49000, 32.01722
350, 3.50000, 35.16189
351, 3.51000, 28.66125
352, 3.52000, 39.01831
353, 3.53000, 29.01064
354, 3.54000, 26.13216
355, 3.55000, 27.41785
356, 3.56000, 26.03490
357, 3.57000, 23.02566
358, 3.58000, 33.04443
359, 3.59000, 21.95955
360, 3.60000, 33.56823
361, 3.61000, 30.80330
362, 3.62000, 40.23052
363, 3.63000, 43.80966
364, 3.64000, 42.33505
365, 3.65000, 28.89015
366, 3.66000, 34.43876
367, 3.67000, 26.88763
368, 3.68000, 32.05928
369, 3.69000, 31.46240
370, 3.70000, 36.77662
371, 3.71000, 34.28914
372, 3.72000, 22.96684
373, 3.73000, 22.32775
374, 3.74000, 25.28312
375, 3.75000, 23.73128
376, 3.76000, 20.38891
377, 3.77000, 30.55036
378, 3.78000, 27.66256
379, 3.79000, 23.83438
380, 3.80000, 27.75531
381, 3.81000, 35.98256
382, 3.82000, 37.42405
383, 3.83000, 34.15081
384, 3.84000, 31.05794
385, 3.85000, 26.55671
386, 3.86000, 32.51027
387, 3.87000, 34.07388
388, 3.88000, 25.65329
389, 3.89000, 25.05139
390, 3.90000, 24.50806
391, 3.91000, 17.54826
392, 3.92000, 20.54264
393, 3.93000, 24.20057
394, 3.94000, 28.45591
395, 3.95000, 28.71959
396, 3.96000, 20.26661
397, 3.97000, 29.35800
398, 3.98000, 35.09357
399, 3.99000, 33.14500
400, 4.00000, 24.17974
401, 4.01000, 30.56525
402, 4.02000, 36.71597
403, 4.03000, 28.26352
404, 4.04000, 24.11971
405, 4.05000, 19.27830
406, 4.06000, 19.84608
407, 4.07000, 22.48174
408, 4.08000, 22.27122
409, 4.09000, 24.47053
410, 4.10000, 24.98721
411, 4.11000, 24.36921
412, 4.12000, 27.05397
413, 4.13000, 30.19466
414, 4.14000, 36.96772
415, 4.15000, 42.05334
416, 4.16000, 32.82578
417, 4.17000, 26.30224
418, 4.18000, 31.04670
419, 4.19000, 28.61303
420, 4.20000, 27.92743
421, 4.21000, 24.17463
422, 4.22000, 26.54063
423, 4.23000, 26.45491
424, 4.24000, 24.83791
425, 4.25000, 25.62334
426, 4.26000, 24.09285
427, 4.27000, 22.97243
428, 4.28000, 27.34429
429, 4.29000, 31.72298
430, 4.30000, 30.67727
431, 4.31000, 29.10558
432, 4.32000, 29.60047
433, 4.33000, 21.38588
434, 4.34000, 30.53226
435, 4.35000, 32.38232
436, 4.36000, 35.56178
437, 4.37000, 21.98813
438, 4.38000, 18.76030
439, 4.39000, 18.81493
440, 4.40000, 16.50989
441, 4.41000, 13.95586
442, 4.42000, 15.77087
443, 4.43000, 16.58826
444, 4.44000, 31.37787
445, 4.45000, 30.39854
446, 4.46000, 27.20352
447, 4.47000, 34.76246
448, 4.48000, 35.54472
449, 4.49000, 36.90839
450, 4.50000, 31.63795
451, 4.51000, 34.84049
452, 4.52000, 27.97755
453, 4.53000, 18.63593
454, 4.54000, 21.32441
455, 4.55000, 23.88930
456, 4.56000, 30.00418
457, 4.57000, 27.45274
458, 4.58000, 23.99007
459, 4.59000, 34.81538
460, 4.60000, 29.02296
461, 4.61000, 25.74900
462, 4.62000, 25.00812
463, 4.63000, 34.64119
464, 4.64000, 28.46906
465, 4.65000, 24.38590
466, 4.66000, 30.86024
467, 4.67000, 35.41595
468, 4.68000, 33.36283
469, 4.69000, 35.69119
470, 4.70000, 26.65025
471, 4.71000, 24.49038
472, 4.72000, 26.92652
473, 4.73000, 19.87962
474, 4.74000, 16.03563
475, 4.75000, 17.43677
476, 4.76000, 26.99486
477, 4.77000, 38.02506
478, 4.78000, 36.51720
479, 4.79000, 21.92303
480, 4.80000, 19.95142
481, 4.81000, 22.23932
482, 4.82000, 24.61526
483, 4.83000, 28.06905
484, 4.84000, 30.88317
485, 4.85000, 31.45790
486, 4.86000, 22.32743
487, 4.87000, 22.31266
488, 4.88000, 27.16456
489, 4.89000, 25.38021
490, 4.90000, 23.75729
491, 4.91000, 28.76134
492, 4.92000, 37.81965
493, 4.93000, 27.50825
494, 4.94000, 20.89382
495, 4.95000, 24.21164
496, 4.96000, 23.90100
497, 4.97000, 25.24148
498, 4.98000, 31.67044
499, 4.99000, 25.71415
500, 5.00000, 23.46971
501, 5.01000, 29.87458
502, 5.02000, 21.33655
503, 5.03000, 25.45399
504, 5.04000, 28.36958
505, 5.05000, 30.32549
506, 5.06000, 19.79183
507, 5.07000, 24.55818
508, 5.08000, 25.76399
509, 5.09000, 33.19514
510, 5.10000, 39.60565
511, 5.11000, 32.67530
512, 5.12000, 32.68569
513, 5.13000, 36.70995
514, 5.14000, 36.08597
515, 5.15000, 34.15658
516, 5.16000, 27.99343
517, 5.17000, 29.34979
518, 5.18000, 16.77919
519, 5.19000, 21.01282
520, 5.20000, 23.28177
521, 5.21000, 24.42633
522, 5.22000, 22.81803
523, 5.23000, 21.61908
524, 5.24000, 29.02440
525, 5.25000, 27.34567
526, 5.26000, 40.44999
527, 5.27000, 37.85801
528, 5.28000, 32.23762
529, 5.29000, 34.00422
530, 5.30000, 28.33049
531, 5.31000, 27.83051
532, 5.32000, 30.63945
533, 5.33000, 27.09197
534, 5.34000, 24.63609
535, 5.35000, 22.19799
536, 5.36000, 24.29519
537, 5.37000, 26.33736
538, 5.38000, 22.37584
539, 5.39000, 27.13713
540, 5.40000, 27.75211
541, 5.41000, 29.72927
542, 5.42000, 36.00866
543, 5.43000, 28.04142
544, 5.44000, 28.03790
545, 5.45000, 32.60477
546, 5.46000, 34.69960
547, 5.47000, 38.71653
548, 5.48000, 30.47186
549, 5.49000, 32.28037
550, 5.50000, 21.96853
551, 5.51000, 24.08417
552, 5.52000, 20.36879
553, 5.53000, 27.76283
554, 5.54000, 25.87039
555, 5.55000, 23.82969
556, 5.56000, 24.86384
557, 5.57000, 25.23354
558, 5.58000, 32.56891
559, 5.59000, 34.75892
560, 5.60000, 30.15234
561, 5.61000, 30.62031
562, 5.62000, 30.39698
563, 5.63000, 36.54790
564, 5.64000, 32.04652
565, 5.65000, 32.07701
566, 5.66000, 29.96531
567, 5.67000, 18.01523
568, 5.68000, 15.95976
569, 5.69000, 23.58994
570, 5.70000, 31.19765
571, 5.71000, 26.31248
572, 5.72000, 21.16082
573, 5.73000, 20.08119
574, 5.74000, 33.17241
575, 5.75000, 34.56043
576, 5.76000, 34.20281
577, 5.77000, 30.59580
578, 5.78000, 25.32610
579, 5.79000, 29.72318
580, 5.80000, 28.05044
581, 5.81000, 29.96908
582, 5.82000, 30.02096
583, 5.83000, 27.00584
584, 5.84000, 25.64594
585, 5.85000, 24.10777
586, 5.86000, 24.47358
587, 5.87000, 21.86073
588, 5.88000, 24.17360
589, 5.89000, 33.72721
590, 5.90000, 30.62894
591, 5.91000, 28.03658
592, 5.92000, 22.54874
593, 5.93000, 25.39960
594, 5.94000, 30.22373
595, 5.95000, 39.04555
596, 5.96000, 34.61326
597, 5.97000, 31.86483
598, 5.98000, 22.89104
599, 5.99000, 20.46379
600, 6.00000, 15.90205
601, 6.01000, 19.19291
602, 6.02000, 19.30851
603, 6.03000, 24.83090
604, 6.04000, 26.46347
605, 6.05000, 26.43656
606, 6.06000, 32.46561
607, 6.07000, 34.81695
608, 6.08000, 34.18192
609, 6.09000, 32.23275
610, 6.10000, 30.29330
611, 6.11000, 30.12139
612, 6.12000, 34.72433
613, 6.13000, 34.57671
614, 6.14000, 29.72820
615, 6.15000, 19.82436
616, 6.16000, 16.36779
617, 6.17000, 20.50511
618, 6.18000, 22.40787
619, 6.19000, 22.33874
620, 6.20000, 26.26367
621, 6.21000, 22.62137
622, 6.22000, 27.40878
623, 6.23000, 28.72142
624, 6.24000, 25.90065
625, 6.25000, 28.38111
626, 6.26000, 30.10159
627, 6.27000, 34.36475
628, 6.28000, 30.34795
629, 6.29000, 35.76360
630, 6.30000, 33.61565
631, 6.31000, 42.48518
632, 6.32000, 30.59582
633, 6.33000, 33.08369
634, 6.34000, 24.95692
635, 6.35000, 22.68938
636, 6.36000, 22.13820
637, 6.37000, 21.93407
638, 6.38000, 20.94428
639, 6.39000, 22.35826
640, 6.40000, 33.65400
641, 6.41000, 31.29328
642, 6.42000, 31.23476
643, 6.43000, 32.74773
644, 6.44000, 33.48211
645, 6.45000, 31.66938
646, 6.46000, 34.10668
647, 6.47000, 31.36505
648, 6.48000, 25.38850
649, 6.49000, 29.39373
650, 6.50000, 28.21297
651, 6.51000, 29.57677
652, 6.52000, 21.49650
653, 6.53000, 32.14147
654, 6.54000, 36.34166
655, 6.55000, 33.63210
656, 6.56000, 25.16788
657, 6.57000, 21.62943
658, 6.58000, 20.65020
659, 6.59000, 23.25387
660, 6.60000, 26.27073
661, 6.61000, 29.10317
662, 6.62000, 33.34433
663, 6.63000, 25.35030
664, 6.64000, 33.95120
665, 6.65000, 26.04528
666, 6.66000, 23.88553
667, 6.67000, 20.07122
668, 6.68000, 24.67452
669, 6.69000, 24.99187
670, 6.70000, 27.41209
671, 6.71000, 31.95346
672, 6.72000, 27.79607
673, 6.73000, 23.53661
674, 6.74000, 24.70527
675, 6.75000, 25.55567
676, 6.76000, 36.75365
677, 6.77000, 29.20210
678, 6.78000, 29.34108
679, 6.79000, 30.82105
680, 6.80000, 35.36737
681, 6.81000, 30.54876
682, 6.82000, 23.79787
683, 6.83000, 27.85200
684, 6.84000, 29.26643
685, 6.85000, 27.38464
686, 6.86000, 31.05600
687, 6.87000, 24.59433
688, 6.88000, 19.25614
689, 6.89000, 28.50694
690, 6.90000, 28.38987
691, 6.91000, 33.01529
692, 6.92000, 36.10038
693, 6.93000, 37.92591
694, 6.94000, 33.77550
695, 6.95000, 33.41051
696, 6.96000, 36.40480
697, 6.97000, 29.19318
698, 6.98000, 24.69129
699, 6.99000, 23.08278
700, 7.00000, 24.20271
701, 7.01000, 25.79878
702, 7.02000, 28.64807
703, 7.03000, 27.23631
704, 7.04000, 22.61746
705, 7.05000, 30.14104
706, 7.06000, 26.32497
707, 7.07000, 23.54466
708, 7.08000, 24.95904
709, 7.09000, 34.96335
710, 7.10000, 31.16921
711, 7.11000, 31.95738
712, 7.12000, 27.20241
713, 7.13000, 24.57648
714, 7.14000, 21.85846
715, 7.15000, 25.27915
716, 7.16000, 26.14782
717, 7.17000, 23.79291
718, 7.18000, 32.71515
719, 7.19000, 35.35913
720, 7.20000, 31.17411
721, 7.21000, 30.96965
722, 7.22000, 25.89709
723, 7.23000, 28.43165
724, 7.24000, 20.25880
725, 7.25000, 22.82659
726, 7.26000, 30.29889
727, 7.27000, 36.41687
728, 7.28000, 35.76873
729, 7.29000, 32.10879
730, 7.30000, 16.92354
731, 7.31000, 22.61484
732, 7.32000, 29.03914
733, 7.33000, 26.25005
734, 7.34000, 22.86408
735, 7.35000, 26.43114
736, 7.36000, 31.02832
737, 7.37000, 28.64870
738, 7.38000, 32.48816
739, 7.39000, 29.90539
740, 7.40000, 27.98688
741, 7.41000, 30.18472
742, 7.42000, 30.59511
743, 7.43000, 32.25240
744, 7.44000, 35.68298
745, 7.45000, 29.83869
746, 7.46000, 23.54734
747, 7.47000, 21.51423
748, 7.48000, 20.93216
749, 7.49000, 26.33838
750, 7.50000, 28.14454
751, 7.51000, 21.37892
752, 7.52000, 32.45381
753, 7.53000, 35.74926
754, 7.54000, 36.06355
755, 7.55000, 25.37579
756, 7.56000, 25.05716
757, 7.57000, 25.38192
758, 7.58000, 23.62389
759, 7.59000, 27.85525
760, 7.60000, 28.24350
761, 7.61000, 33.83676
762, 7.62000, 29.81472
763, 7.63000, 25.22833
764, 7.64000, 22.86430
765, 7.65000, 26.63316
766, 7.66000, 25.18983
767, 7.67000, 30.18217
768, 7.68000, 28.70422
769, 7.69000, 26.27772
770, 7.70000, 22.00028
771, 7.71000, 23.50018
772, 7.72000, 34.46425
773, 7.73000, 26.14289
774, 7.74000, 28.94739
775, 7.75000, 35.05462
776, 7.76000, 30.30939
777, 7.77000, 23.50932
778, 7.78000, 24.19796
779, 7.79000, 18.37901
780, 7.80000, 27.78616
781, 7.81000, 28.16547
782, 7.82000, 23.13104
783, 7.83000, 20.33995
784, 7.84000, 20.08357
785, 7.85000, 29.26459
786, 7.86000, 29.36364
787, 7.87000, 30.52955
788, 7.88000, 36.22896
789, 7.89000, 27.08416
790, 7.90000, 32.80927
791, 7.91000, 31.62490
792, 7.92000, 36.46452
793, 7.93000, 35.91919
794, 7.94000, 31.59865
795, 7.95000, 22.79330
796, 7.96000, 25.34616
797, 7.97000, 25.04649
798, 7.98000, 21.91468
799, 7.99000, 23.76743
800, 8.00000, 21.32462
801, 8.01000, 27.38755
802, 8.02000, 32.02349
803, 8.03000, 29.03157
804, 8.04000, 28.85049
805, 8.05000, 23.89603
806, 8.06000, 35.43118
807, 8.07000, 33.31674
808, 8.08000, 33.42666
809, 8.09000, 28.97013
810, 8.10000, 42.01884
811, 8.11000, 26.62320
812, 8.12000, 28.24120
813, 8.13000, 20.79652
814, 8.14000, 19.12728
815, 8.15000, 20.40155
816, 8.16000, 19.09922
817, 8.17000, 31.55588
818, 8.18000, 28.91027
819, 8.19000, 33.78637
820, 8.20000, 27.73029
821, 8.21000, 18.24128
822, 8.22000, 21.94813
823, 8.23000, 30.21868
824, 8.24000, 28.62338
825, 8.25000, 36.82713
826, 8.26000, 31.14508
827, 8.27000, 16.92572
828, 8.28000, 26.46194
829, 8.29000, 26.03343
830, 8.30000, 24.27549
831, 8.31000, 23.10438
832, 8.32000, 24.92584
833, 8.33000, 22.74984
834, 8.34000, 32.07800
835, 8.35000, 27.04092
836, 8.36000, 37.02627
837, 8.37000, 29.88395
838, 8.38000, 34.84242
839, 8.39000, 30.11273
840, 8.40000, 31.24827
841, 8.41000, 27.43552
842, 8.42000, 21.60641
843, 8.43000, 20.47470
844, 8.44000, 23.00969
845, 8.45000, 18.20670
846, 8.46000, 23.96588
847, 8.47000, 20.15450
848, 8.48000, 22.63045
849, 8.49000, 23.45355
850, 8.50000, 27.58033
851, 8.51000, 31.23199
852, 8.52000, 34.78550
853, 8.53000, 27.54148
854, 8.54000, 24.75008
855, 8.55000, 35.14669
856, 8.56000, 31.17795
857, 8.57000, 30.90067
858, 8.58000, 27.17707
859, 8.59000, 27.64621
860, 8.60000, 17.48503
861, 8.61000, 18.34267
862, 8.62000, 20.21526
863, 8.63000, 19.61819
864, 8.64000, 23.26650
865, 8.65000, 29.57642
866, 8.66000, 26.90174
867, 8.67000, 33.55779
868, 8.68000, 25.55823
869, 8.69000, 20.51818
870, 8.70000, 32.37317
871, 8.71000, 30.48386
872, 8.72000, 23.29919
873, 8.73000, 29.34320
874, 8.74000, 33.45729
875, 8.75000, 37.06837
876, 8.76000, 25.05542
877, 8.77000, 20.52571
878, 8.78000, 17.58183
879, 8.79000, 19.54542
880, 8.80000, 25.45300
881, 8.81000, 16.46986
882, 8.82000, 28.28803
883, 8.83000, 28.08328
884, 8.84000, 22.85622
885, 8.85000, 27.38411
886, 8.86000, 27.68504
887, 8.87000, 33.99327
888, 8.88000, 34.08000
889, 8.89000, 33.24062
890, 8.90000, 29.10583
891, 8.91000, 29.63867
892, 8.92000, 18.37722
893, 8.93000, 19.99985
894, 8.94000, 19.52837
895, 8.95000, 28.15999
896, 8.96000, 25.28464
897, 8.97000, 25.98551
898, 8.98000, 18.30612
899, 8.99000, 19.59613
900, 9.00000, 24.27439
901, 9.01000, 30.65927
902, 9.02000, 28.67447
903, 9.03000, 28.44379
904, 9.04000, 31.98335
905, 9.05000, 34.83251
906, 9.06000, 32.83445
907, 9.07000, 20.72840
908, 9.08000, 24.71419
909, 9.09000, 21.76665
910, 9.10000, 24.33678
911, 9.11000, 22.36487
912, 9.12000, 21.89215
913, 9.13000, 25.26659
914, 9.14000, 26.16333
915, 9.15000, 27.82853
916, 9.16000, 23.25701
917, 9.17000, 33.29477
918, 9.18000, 36.69411
919, 9.19000, 38.13655
920, 9.20000, 29.76849
921, 9.21000, 35.79468
922, 9.22000, 30.14491
923, 9.23000, 26.10196
924, 9.24000, 18.58975
925, 9.25000, 15.44016
926, 9.26000, 18.80141
927, 9.27000, 18.56491
928, 9.28000, 21.75762
929, 9.29000, 28.06568
930, 9.30000, 26.39637
931, 9.31000, 28.38645
932, 9.32000, 23.32064
933, 9.33000, 29.89375
934, 9.34000, 30.05766
935, 9.35000, 36.45821
936, 9.36000, 30.03404
937, 9.37000, 37.97417
938, 9.38000, 34.02999
939, 9.39000, 34.10947
940, 9.40000, 34.07856
941, 9.41000, 22.30180
942, 9.42000, 25.09141
943, 9.43000, 29.65576
944, 9.44000, 27.98898
945, 9.45000, 27.89943
946, 9.46000, 28.89922
947, 9.47000, 34.22956
948, 9.48000, 31.49113
949, 9.49000, 28.72324
950, 9.50000, 38.89613
951, 9.51000, 29.15117
952, 9.52000, 37.08902
953, 9.53000, 40.02992
954, 9.54000, 27.86956
955, 9.55000, 28.69812
956, 9.56000, 22.34254
957, 9.57000, 18.94636
958, 9.58000, 25.74327
959, 9.59000, 24.13184
960, 9.60000, 20.58798
961, 9.61000, 30.25663
962, 9.62000, 25.67801
963, 9.63000, 26.27540
964, 9.64000, 27.16448
965, 9.65000, 32.78217
966, 9.66000, 27.18116
967, 9.67000, 29.63989
968, 9.68000, 31.90662
969, 9.69000, 35.28075
970, 9.70000, 41.10856
971, 9.71000, 33.99226
972, 9.72000, 18.99576
973, 9.73000, 22.45678
974, 9.74000, 24.11035
975, 9.75000, 24.03768
976, 9.76000, 24.95735
977, 9.77000, 26.01308
978, 9.78000, 25.58978
979, 9.79000, 28.96294
980, 9.80000, 32.03507
981, 9.81000, 26.78056
982, 9.82000, 23.43782
983, 9.83000, 27.10266
984, 9.84000, 27.75678
985, 9.85000, 27.89192
986, 9.86000, 28.85068
987, 9.87000, 30.27946
988, 9.88000, 29.76280
989, 9.89000, 25.20979
990, 9.90000, 16.81268
991, 9.91000, 19.90362
992, 9.92000, 19.24138
993, 9.93000, 15.62067
994, 9.94000, 20.93327
995, 9.95000, 22.24390
996, 9.96000, 31.54779
997, 9.97000, 30.54671
998, 9.98000, 29.15425
999, 9.99000, 32.97085
1000, 10.00000, 27.34825
1001, 10.01000, 25.72092
1002, 10.02000, 26.42717
1003, 10.03000, 29.45603
1004, 10.04000, 32.52624
1005, 10.05000, 28.35786
1006, 10.06000, 24.57503
1007, 10.07000, 22.87734
1008, 10.08000, 20.59462
1009, 10.09000, 20.33525
1010, 10.10000, 20.53103
1011, 10.11000, 20.45106
1012, 10.12000, 27.73727
1013, 10.13000, 28.15710
1014, 10.14000, 25.87627
1015, 10.15000, 25.68003
1016, 10.16000, 26.96277
1017, 10.17000, 21.44876
1018, 10.18000, 30.74345
1019, 10.19000, 33.63382
1020, 10.20000, 34.72492
1021, 10.21000, 29.35993
1022, 10.22000, 24.48207
1023, 10.23000, 24.47514
1024, 10.24000, 22.00728
1025, 10.25000, 18.91651
1026, 10.26000, 17.28204
1027, 10.27000, 22.28153
1028, 10.28000, 25.23919
1029, 10.29000, 30.03095
1030, 10.30000, 30.59024
1031, 10.31000, 31.51117
1032, 10.32000, 34.68034
1033, 10.33000, 29.88633
1034, 10.34000, 27.68072
1035, 10.35000, 22.90510
1036, 10.36000, 35.00174
1037, 10.37000, 28.20413
1038, 10.38000, 26.06796
1039, 10.39000, 18.25381
1040, 10.40000, 17.03500
1041, 10.41000, 15.86263
1042, 10.42000, 14.71236
1043, 10.43000, 20.60737
1044, 10.44000, 24.08101
1045, 10.45000, 25.52297
1046, 10.46000, 33.62879
1047, 10.47000, 23.00910
1048, 10.48000, 28.46504
1049, 10.49000, 30.87531
1050, 10.50000, 29.92775
1051, 10.51000, 23.23212
1052, 10.52000, 25.23575
1053, 10.53000, 25.83403
1054, 10.54000, 24.10251
1055, 10.55000, 30.16253
1056, 10.56000, 23.67621
1057, 10.57000, 20.26326
1058, 10.58000, 14.73098
1059, 10.59000, 17.68743
1060, 10.60000, 19.23281
1061, 10.61000, 19.95478
1062, 10.62000, 22.75637
1063, 10.63000, 29.11704
1064, 10.64000, 28.96180
1065, 10.65000, 29.93152
1066, 10.66000, 27.76397
1067, 10.67000, 24.75604
1068, 10.68000, 24.76913
1069, 10.69000, 26.55174
1070, 10.70000, 33.43976
1071, 10.71000, 28.16583
1072, 10.72000, 24.77210
1073, 10.73000, 22.58225
1074, 10.74000, 21.38562
1075, 10.75000, 17.30167
1076, 10.76000, 18.83757
1077, 10.77000, 28.57681
1078, 10.78000, 33.52868
1079, 10.79000, 30.11511
1080, 10.80000, 33.45896
1081, 10.81000, 35.49844
1082, 10.82000, 26.24747
1083, 10.83000, 20.97546
1084, 10.84000, 31.47866
1085, 10.85000, 32.02534
1086, 10.86000, 29.82005
1087, 10.87000, 20.33124
1088, 10.88000, 21.04287
1089, 10.89000, 20.06444
1090, 10.90000, 21.42811
1091, 10.91000, 18.49511
1092, 10.92000, 15.99511
1093, 10.93000, 21.35747
1094, 10.94000, 28.34566
1095, 10.95000, 22.18374
1096, 10.96000, 23.63322
1097, 10.97000, 23.06811
1098, 10.98000, 27.99150
1099, 10.99000, 38.67607
1100, 11.00000, 34.86682
1101, 11.01000, 27.86089
1102, 11.02000, 24.41183
1103, 11.03000, 26.72831
1104, 11.04000, 28.88309
1105, 11.05000, 31.53087
1106, 11.06000, 26.02603
1107, 11.07000, 27.54513
1108, 11.08000, 26.65889
1109, 11.09000, 32.55187
1110, 11.10000, 28.90943
1111, 11.11000, 32.20436
1112, 11.12000, 37.24577
1113, 11.13000, 30.92934
1114, 11.14000, 32.54626
1115, 11.15000, 34.38238
1116, 11.16000, 36.82504
1117, 11.17000, 28.54291
1118, 11.18000, 28.41830
1119, 11.19000, 27.70307
1120, 11.20000, 20.07585
1121, 11.21000, 26.17847
1122, 11.22000, 28.85012
1123, 11.23000, 27.45461
1124, 11.24000, 24.48109
1125, 11.25000, 20.91599
1126, 11.26000, 21.95878
1127, 11.27000, 20.51695
1128, 11.28000, 30.17575
1129, 11.29000, 31.87882
1130, 11.30000, 26.43757
1131, 11.31000, 26.30908
1132, 11.32000, 29.55420
1133, 11.33000, 24.87705
1134, 11.34000, 29.07157
1135, 11.35000, 20.01092
1136, 11.36000, 24.11649
1137, 11.37000, 23.45726
1138, 11.38000, 21.46627
1139, 11.39000, 22.73194
1140, 11.40000, 24.90271
1141, 11.41000, 21.85093
1142, 11.42000, 33.37475
1143, 11.43000, 30.07449
1144, 11.44000, 32.38739
1145, 11.45000, 26.93136
1146, 11.46000, 37.33530
1147, 11.47000, 35.06480
1148, 11.48000, 27.62609
1149, 11.49000, 28.50647
1150, 11.50000, 22.20867
1151, 11.51000, 27.53535
1152, 11.52000, 23.53990
1153, 11.53000, 19.51849
1154, 11.54000, 17.75726
1155, 11.55000, 22.69363
1156, 11.56000, 24.00134
1157, 11.57000, 22.19855
1158, 11.58000, 32.70802
1159, 11.59000, 32.09061
1160, 11.60000, 36.97017
1161, 11.61000, 30.59336
1162, 11.62000, 30.90704
1163, 11.63000, 30.38082
1164, 11.64000, 29.49355
1165, 11.65000, 25.74000
1166, 11.66000, 33.55015
1167, 11.67000, 23.43778
1168, 11.68000, 23.08925
1169, 11.69000, 21.57953
1170, 11.70000, 27.25573
1171, 11.71000, 27.28711
1172, 11.72000, 27.11345
1173, 11.73000, 24.14085
1174, 11.74000, 23.47890
1175, 11.75000, 21.60012
1176, 11.76000, 27.06094
1177, 11.77000, 24.87270
1178, 11.78000, 23.26170
1179, 11.79000, 22.50515
1180, 11.80000, 32.44154
1181, 11.81000, 29.63311
1182, 11.82000, 21.85934
1183, 11.83000, 21.44517
1184, 11.84000, 18.12327
1185, 11.85000, 24.38328
1186, 11.86000, 23.94478
1187, 11.87000, 23.91985
1188, 11.88000, 28.56338
1189, 11.89000, 28.80742
1190, 11.90000, 20.54842
1191, 11.91000, 24.42096
1192, 11.92000, 30.46739
1193, 11.93000, 28.43476
1194, 11.94000, 35.06918
1195, 11.95000, 36.17020
1196, 11.96000, 30.55226
1197, 11.97000, 25.76111
1198, 11.98000, 34.04724
1199, 11.99000, 33.35478
1200, 12.00000, 29.31995
1201, 12.01000, 26.93086
1202, 12.02000, 27.14672
1203, 12.03000, 22.82878
1204, 12.04000, 22.49937
1205, 12.05000, 18.94052
1206, 12.06000, 23.36948
1207, 12.07000, 24.17623
1208, 12.08000, 22.99346
1209, 12.09000, 20.00725
1210, 12.10000, 27.99074
1211, 12.11000, 30.55985
1212, 12.12000, 28.11326
1213, 12.13000, 34.84014
1214, 12.14000, 28.88729
1215, 12.15000, 30.32477
1216, 12.16000, 27.86842
1217, 12.17000, 26.99190
1218, 12.18000, 24.25798
1219, 12.19000, 23.82828
1220, 12.20000, 26.38394
1221, 12.21000, 28.50967
1222, 12.22000, 25.43231
1223, 12.23000, 25.35742
1224, 12.24000, 31.33893
1225, 12.25000, 33.27062
1226, 12.26000, 28.25648
1227, 12.27000, 26.60603
1228, 12.28000, 26.92678
1229, 12.29000, 31.23924
1230, 12.30000, 27.49402
1231, 12.31000, 34.61287
1232, 12.32000, 30.78344
1233, 12.33000, 30.01707
1234, 12.34000, 31.05276
1235, 12.35000, 24.33111
1236, 12.36000, 28.00030
1237, 12.37000, 28.22881
1238, 12.38000, 22.12315
1239, 12.39000, 22.93972
1240, 12.40000, 23.13415
1241, 12.41000, 19.37225
1242, 12.42000, 19.55929
1243, 12.43000, 19.25926
1244, 12.44000, 23.85286
1245, 12.45000, 34.22564
1246, 12.46000, 34.63040
1247, 12.47000, 31.78223
1248, 12.48000, 34.07111
1249, 12.49000, 27.21569
1250, 12.50000, 20.66373
1251, 12.51000, 24.94978
1252, 12.52000, 30.56234
1253, 12.53000, 30.08918
1254, 12.54000, 25.32801
1255, 12.55000, 26.35522
1256, 12.56000, 29.84365
1257, 12.57000, 28.57674
1258, 12.58000, 36.17301
1259, 12.59000, 34.67120
1260, 12.60000, 34.47904
1261, 12.61000, 32.99122
1262, 12.62000, 28.13705
1263, 12.63000, 26.42070
1264, 12.64000, 28.53845
1265, 12.65000, 27.89078
1266, 12.66000, 23.47705
1267, 12.67000, 26.44558
1268, 12.68000, 27.98937
1269, 12.69000, 29.09740
1270, 12.70000, 24.28597
1271, 12.71000, 22.53722
1272, 12.72000, 28.85765
1273, 12.73000, 30.91823
1274, 12.74000, 35.34886
1275, 12.75000, 30.11107
1276, 12.76000, 20.74685
1277, 12.77000, 19.11966
1278, 12.78000, 21.08373
1279, 12.79000, 23.85036
1280, 12.80000, 31.58461
1281, 12.81000, 29.38165
1282, 12.82000, 22.78783
1283, 12.83000, 23.09798
1284, 12.84000, 16.77405
1285, 12.85000, 22.53829
1286, 12.86000, 26.83008
1287, 12.87000, 25.88392
1288, 12.88000, 30.42667
1289, 12.89000, 23.13510
1290, 12.90000, 23.59846
1291, 12.91000, 32.72270
1292, 12.92000, 22.78949
1293, 12.93000, 21.63862
1294, 12.94000, 30.90996
1295, 12.95000, 30.93172
1296, 12.96000, 31.45926
1297, 12.97000, 27.59724
1298, 12.98000, 28.30783
1299, 12.99000, 22.41482
1300, 13.00000, 27.16128
1301, 13.01000, 25.51021
1302, 13.02000, 25.73002
1303, 13.03000, 26.14032
1304, 13.04000, 24.37375
1305, 13.05000, 31.79024
1306, 13.06000, 26.95396
1307, 13.07000, 28.63506
1308, 13.08000, 25.24205
1309, 13.09000, 28.63534
1310, 13.10000, 22.83691
1311, 13.11000, 22.74534
1312, 13.12000, 24.21435
1313, 13.13000, 23.76332
1314, 13.14000, 22.47079
1315, 13.15000, 21.51420
1316, 13.16000, 26.82423
1317, 13.17000, 26.57842
1318, 13.18000, 27.43673
1319, 13.19000, 27.06847
1320, 13.20000, 18.21806
1321, 13.21000, 26.80547
1322, 13.22000, 23.34459
1323, 13.23000, 28.03836
1324, 13.24000, 29.71539
1325, 13.25000, 30.90119
1326, 13.26000, 36.23428
1327, 13.27000, 36.66797
1328, 13.28000, 28.99735
1329, 13.29000, 26.69738
1330, 13.30000, 28.16107
1331, 13.31000, 29.84083
1332, 13.32000, 32.17046
1333, 13.33000, 31.01460
1334, 13.34000, 18.83713
1335, 13.35000, 26.46627
1336, 13.36000, 24.33716
1337, 13.37000, 33.90164
1338, 13.38000, 39.37921
1339, 13.39000, 24.88202
1340, 13.40000, 26.55805
1341, 13.41000, 30.69777
1342, 13.42000, 35.13474
1343, 13.43000, 23.12792
1344, 13.44000, 28.85629
1345, 13.45000, 27.09620
1346, 13.46000, 34.52924
1347, 13.47000, 29.42089
1348, 13.48000, 19.77886
1349, 13.49000, 19.90180
1350, 13.50000, 16.91406
1351, 13.51000, 17.25134
1352, 13.52000, 19.54747
1353, 13.53000, 33.69915
1354, 13.54000, 31.16897
1355, 13.55000, 26.60129
1356, 13.56000, 32.53228
1357, 13.57000, 28.32264
1358, 13.58000, 26.55524
1359, 13.59000, 27.48135
1360, 13.60000, 29.30060
1361, 13.61000, 32.54529
1362, 13.62000, 27.08738
1363, 13.63000, 29.89614
1364, 13.64000, 25.80315
1365, 13.65000, 22.44095
1366, 13.66000, 22.61602
1367, 13.67000, 32.18422
1368, 13.68000, 20.02666
1369, 13.69000, 22.94894
1370, 13.70000, 24.65245
1371, 13.71000, 30.40451
1372, 13.72000, 25.81473
1373, 13.73000, 28.99731
1374, 13.74000, 23.99360
1375, 13.75000, 28.64181
1376, 13.76000, 31.49885
1377, 13.77000, 32.28164
1378, 13.78000, 33.02640
1379, 13.79000, 25.99385
1380, 13.80000, 25.83838
1381, 13.81000, 23.40960
1382, 13.82000, 21.75076
1383, 13.83000, 20.65509
1384, 13.84000, 20.97300
1385, 13.85000, 26.30064
1386, 13.86000, 28.42098
1387, 13.87000, 30.44994
1388, 13.88000, 29.01783
1389, 13.89000, 27.75853
1390, 13.90000, 27.96928
1391, 13.91000, 36.32881
1392, 13.92000, 36.19488
1393, 13.93000, 35.38580
1394, 13.94000, 31.11423
1395, 13.95000, 29.29294
1396, 13.96000, 18.04458
1397, 13.97000, 16.83052
1398, 13.98000, 21.43474
1399, 13.99000, 24.78855
1400, 14.00000, 29.08933
1401, 14.01000, 29.85320
1402, 14.02000, 31.18920
1403, 14.03000, 39.75515
1404, 14.04000, 37.16308
1405, 14.05000, 35.60626
1406, 14.06000, 29.79925
1407, 14.07000, 28.38633
1408, 14.08000, 28.72703
1409, 14.09000, 30.88398
1410, 14.10000, 27.31617
1411, 14.11000, 29.98820
1412, 14.12000, 21.44838
1413, 14.13000, 22.74816
1414, 14.14000, 19.18674
1415, 14.15000, 17.84081
1416, 14.16000, 19.23071
1417, 14.17000, 20.01696
1418, 14.18000, 31.33715
1419, 14.19000, 25.26916
1420, 14.20000, 32.69327
1421, 14.21000, 36.76785
1422, 14.22000, 30.95412
1423, 14.23000, 30.35854
1424, 14.24000, 27.58284
1425, 14.25000, 35.69440
1426, 14.26000, 31.36667
1427, 14.27000, 16.31289
1428, 14.28000, 20.02116
1429, 14.29000, 24.24252
1430, 14.30000, 23.78895
1431, 14.31000, 21.90362
1432, 14.32000, 20.59381
1433, 14.33000, 15.59642
1434, 14.34000, 18.14874
1435, 14.35000, 26.86074
1436, 14.36000, 28.38504
1437, 14.37000, 29.90932
1438, 14.38000, 27.43747
1439, 14.39000, 34.04463
1440, 14.40000, 39.44829
1441, 14.41000, 34.90335
1442, 14.42000, 32.32354
1443, 14.43000, 26.28437
1444, 14.44000, 23.50990
1445, 14.45000, 22.93798
1446, 14.46000, 25.72203
1447, 14.47000, 24.02601
1448, 14.48000, 26.29649
1449, 14.49000, 22.36960
1450, 14.50000, 26.97449
1451, 14.51000, 24.69941
1452, 14.52000, 28.21033
1453, 14.53000, 32.27692
1454, 14.54000, 33.47890
1455, 14.55000, 29.71695
1456, 14.56000, 29.68693
1457, 14.57000, 28.33184
1458, 14.58000, 33.53148
1459, 14.59000, 27.95381
1460, 14.60000, 26.27546
1461, 14.61000, 19.80622
1462, 14.62000, 24.02906
1463, 14.63000, 28.48100
1464, 14.64000, 25.53261
1465, 14.65000, 23.45008
1466, 14.66000, 20.33119
1467, 14.67000, 28.29499
1468, 14.68000, 25.07754
1469, 14.69000, 24.76686
1470, 14.70000, 34.65736
1471, 14.71000, 33.13859
1472, 14.72000, 26.14776
1473, 14.73000, 27.52955
1474, 14.74000, 28.44762
1475, 14.75000, 32.02206
1476, 14.76000, 28.52100
1477, 14.77000, 23.76157
1478, 14.78000, 26.83108
1479, 14.79000, 21.26764
1480, 14.80000, 19.81355
1481, 14.81000, 21.27632
1482, 14.82000, 20.80641
1483, 14.83000, 27.76791
1484, 14.84000, 32.32568
1485, 14.85000, 30.85943
1486, 14.86000, 31.61185
1487, 14.87000, 27.79248
1488, 14.88000, 33.51003
1489, 14.89000, 32.60033
1490, 14.90000, 34.92836
1491, 14.91000, 34.49461
1492, 14.92000, 29.18018
1493, 14.93000, 25.69544
1494, 14.94000, 22.64292
1495, 14.95000, 17.89979
1496, 14.96000, 19.45789
1497, 14.97000, 23.74313
1498, 14.98000, 22.56773
1499, 14.99000, 26.86566
1500, 15.00000, 27.73598
1501, 15.01000, 31.52524
1502, 15.02000, 31.15473
1503, 15.03000, 30.27593
1504, 15.04000, 29.73527
1505, 15.05000, 27.63525
1506, 15.06000, 32.90505
1507, 15.07000, 38.72305
1508, 15.08000, 29.93839
1509, 15.09000, 25.64608
1510, 15.10000, 27.81647
1511, 15.11000, 26.40500
1512, 15.12000, 23.71444
1513, 15.13000, 22.15634
1514, 15.14000, 24.33915
1515, 15.15000, 25.19382
1516, 15.16000, 25.89023
1517, 15.17000, 30.33318
1518, 15.18000, 25.86386
1519, 15.19000, 34.69422
1520, 15.20000, 34.13539
1521, 15.21000, 28.62814
1522, 15.22000, 29.37248
1523, 15.23000, 27.70840
1524, 15.24000, 33.15805
1525, 15.25000, 33.19851
1526, 15.26000, 17.62703
1527, 15.27000, 17.34822
1528, 15.28000, 17.97934
1529, 15.29000, 20.20960
1530, 15.30000, 22.24608
1531, 15.31000, 19.57882
1532, 15.32000, 22.49294
1533, 15.33000, 25.17366
1534, 15.34000, 31.40207
1535, 15.35000, 34.68039
1536, 15.36000, 34.13869
1537, 15.37000, 29.80692
1538, 15.38000, 23.52570
1539, 15.39000, 20.03563
1540, 15.40000, 26.31886
1541, 15.41000, 26.54113
1542, 15.42000, 24.28502
1543, 15.43000, 25.67666
1544, 15.44000, 26.15309
1545, 15.45000, 25.82373
1546, 15.46000, 21.06470
1547, 15.47000, 17.51296
1548, 15.48000, 26.98018
1549, 15.49000, 30.25277
1550, 15.50000, 28.85157
1551, 15.51000, 21.22547
1552, 15.52000, 22.93807
1553, 15.53000, 34.24331
1554, 15.54000, 27.84057
1555, 15.55000, 26.11014
1556, 15.56000, 34.31595
1557, 15.57000, 29.01621
1558, 15.58000, 26.21289
1559, 15.59000, 22.59314
1560, 15.60000, 27.18078
1561, 15.61000, 20.07406
1562, 15.62000, 21.48919
1563, 15.63000, 19.24981
1564, 15.64000, 17.35053
1565, 15.65000, 30.29132
1566, 15.66000, 29.74794
1567, 15.67000, 33.53239
1568, 15.68000, 25.97871
1569, 15.69000, 24.79303
1570, 15.70000, 26.22048
1571, 15.71000, 30.97379
1572, 15.72000, 23.61314
1573, 15.73000, 24.44574
1574, 15.74000, 17.04632
1575, 15.75000, 23.86267
1576, 15.76000, 24.07829
1577, 15.77000, 27.35966
1578, 15.78000, 26.35314
1579, 15.79000, 32.83588
1580, 15.80000, 30.51079
1581, 15.81000, 29.33021
1582, 15.82000, 23.69347
1583, 15.83000, 23.22842
1584, 15.84000, 22.93219
1585, 15.85000, 36.41993
1586, 15.86000, 24.96724
1587, 15.87000, 18.37203
1588, 15.88000, 22.87905
1589, 15.89000, 24.37100
1590, 15.90000, 25.56606
1591, 15.91000, 23.89181
1592, 15.92000, 19.38491
1593, 15.93000, 20.91787
1594, 15.94000, 20.11016
1595, 15.95000, 17.34680
1596, 15.96000, 16.67893
1597, 15.97000, 26.54562
1598, 15.98000, 31.71306
1599, 15.99000, 28.94337
1600, 16.00000, 34.87639
1601, 16.01000, 30.33826
1602, 16.02000, 26.83266
1603, 16.03000, 32.50570
1604, 16.04000, 29.99369
1605, 16.05000, 29.78259
1606, 16.06000, 29.38438
1607, 16.07000, 23.87423
1608, 16.08000, 22.12717
1609, 16.09000, 21.37280
1610, 16.10000, 25.00851
1611, 16.11000, 28.82771
1612, 16.12000, 29.48492
1613, 16.13000, 34.72967
1614, 16.14000, 29.08811
1615, 16.15000, 30.46350
1616, 16.16000, 31.22096
1617, 16.17000, 27.52282
1618, 16.18000, 30.36825
1619, 16.19000, 30.23206
1620, 16.20000, 28.17932
1621, 16.21000, 29.24669
1622, 16.22000, 23.15232
1623, 16.23000, 20.99973
1624, 16.24000, 24.58804
1625, 16.25000, 24.93057
1626, 16.26000, 27.49320
1627, 16.27000, 23.89507
1628, 16.28000, 26.59684
1629, 16.29000, 20.93139
1630, 16.30000, 32.41030
1631, 16.31000, 28.95214
1632, 16.32000, 30.34542
1633, 16.33000, 35.89187
1634, 16.34000, 29.30086
1635, 16.35000, 33.18246
1636, 16.36000, 37.50065
1637, 16.37000, 30.28682
1638, 16.38000, 32.15240
1639, 16.39000, 19.59737
1640, 16.40000, 24.52069
1641, 16.41000, 27.71427
1642, 16.42000, 20.34181
1643, 16.43000, 27.03002
1644, 16.44000, 28.22930
1645, 16.45000, 24.47552
1646, 16.46000, 36.58353
1647, 16.47000, 34.15377
1648, 16.48000, 26.94947
1649, 16.49000, 22.36192
1650, 16.50000, 26.94067
1651, 16.51000, 26.59938
1652, 16.52000, 33.29177
1653, 16.53000, 30.06243
1654, 16.54000, 29.31353
1655, 16.55000, 28.07866
1656, 16.56000, 23.82622
1657, 16.57000, 26.12019
1658, 16.58000, 20.05321
1659, 16.59000, 23.78220
1660, 16.60000, 22.87776
1661, 16.61000, 21.38909
1662, 16.62000, 20.55133
1663, 16.63000, 21.78658
1664, 16.64000, 21.98977
1665, 16.65000, 24.54597
1666, 16.66000, 34.71063
1667, 16.67000, 33.81760
1668, 16.68000, 23.50790
1669, 16.69000, 26.11245
1670, 16.70000, 27.06979
1671, 16.71000, 27.03234
1672, 16.72000, 25.71756
1673, 16.73000, 21.92256
1674, 16.74000, 21.32134
1675, 16.75000, 24.93550
1676, 16.76000, 24.00380
1677, 16.77000, 23.51001
1678, 16.78000, 27.78576
1679, 16.79000, 34.75772
1680, 16.80000, 28.46273
1681, 16.81000, 27.36721
1682, 16.82000, 21.86825
1683, 16.83000, 18.97962
1684, 16.84000, 24.79568
1685, 16.85000, 24.67729
1686, 16.86000, 19.18598
1687, 16.87000, 13.99138
1688, 16.88000, 22.72577
1689, 16.89000, 23.51003
1690, 16.90000, 20.02513
1691, 16.91000, 22.24603
1692, 16.92000, 17.32786
1693, 16.93000, 16.16031
1694, 16.94000, 15.11734
1695, 16.95000, 20.19424
1696, 16.96000, 29.43179
1697, 16.97000, 21.92484
1698, 16.98000, 24.34199
1699, 16.99000, 30.01274
1700, 17.00000, 29.83911
1701, 17.01000, 23.47835
1702, 17.02000, 25.61190
1703, 17.03000, 21.62307
1704, 17.04000, 18.16766
1705, 17.05000, 23.47619
1706, 17.06000, 23.30455
1707, 17.07000, 20.22524
1708, 17.08000, 25.28875
1709, 17.09000, 19.26794
1710, 17.10000, 26.46734
1711, 17.11000, 30.09809
1712, 17.12000, 27.30727
1713, 17.13000, 31.20466
1714, 17.14000, 32.12286
1715, 17.15000, 32.18464
1716, 17.16000, 30.21897
1717, 17.17000, 30.56751
1718, 17.18000, 27.15346
1719, 17.19000, 32.68755
1720, 17.20000, 32.06343
1721, 17.21000, 20.79758
1722, 17.22000, 18.84526
1723, 17.23000, 19.31998
1724, 17.24000, 25.43384
1725, 17.25000, 28.38657
1726, 17.26000, 24.71071
1727, 17.27000, 25.99968
1728, 17.28000, 33.27109
1729, 17.29000, 32.40479
1730, 17.30000, 27.15932
1731, 17.31000, 27.37238
1732, 17.32000, 28.43223
1733, 17.33000, 27.85643
1734, 17.34000, 24.41398
1735, 17.35000, 24.81099
1736, 17.36000, 24.97514
1737, 17.37000, 15.86087
1738, 17.38000, 18.35840
1739, 17.39000, 21.30860
1740, 17.40000, 23.36467
1741, 17.41000, 14.89561
1742, 17.42000, 20.14018
1743, 17.43000, 29.14492
1744, 17.44000, 35.59077
1745, 17.45000, 27.85719
1746, 17.46000, 24.60318
1747, 17.47000, 28.95065
1748, 17.48000, 20.36633
1749, 17.49000, 23.12085
1750, 17.50000, 22.84745
1751, 17.51000, 19.13226
1752, 17.52000, 18.58659
1753, 17.53000, 19.78586
1754, 17.54000, 20.61006
1755, 17.55000, 25.70318
1756, 17.56000, 23.44546
1757, 17.57000, 20.57992
1758, 17.58000, 16.99305
1759, 17.59000, 17.07597
1760, 17.60000, 26.38271
1761, 17.61000, 28.91369
1762, 17.62000, 22.53972
1763, 17.63000, 25.61233
1764, 17.64000, 21.25670
1765, 17.65000, 23.65687
1766, 17.66000, 27.29065
1767, 17.67000, 26.62485
1768, 17.68000, 21.74262
1769, 17.69000, 24.34224
1770, 17.70000, 19.89717
1771, 17.71000, 18.24344
1772, 17.72000, 14.01028
1773, 17.73000, 19.60671
1774, 17.74000, 14.85268
1775, 17.75000, 18.64149
1776, 17.76000, 23.56091
1777, 17.77000, 20.65637
1778, 17.78000, 18.93484
1779, 17.79000, 18.49837
1780, 17.80000, 24.75229
1781, 17.81000, 25.41679
1782, 17.82000, 25.95651
1783, 17.83000, 20.55485
1784, 17.84000, 25.50279
1785, 17.85000, 22.09932
1786, 17.86000, 15.87567
1787, 17.87000, 19.27357
1788, 17.88000, 18.04358
1789, 17.89000, 19.48186
1790, 17.90000, 17.09660
1791, 17.91000, 18.84168
1792, 17.92000, 24.59336
1793, 17.93000, 21.68641
1794, 17.94000, 26.29804
1795, 17.95000, 16.26522
1796, 17.96000, 21.48094
1797, 17.97000, 18.73274
1798, 17.98000, 18.57903
1799, 17.99000, 20.30386
1800, 18.00000, 20.14847
1801, 18.01000, 20.68700
1802, 18.02000, 21.01533
1803, 18.03000, 19.37442
1804, 18.04000, 15.68218
1805, 18.05000, 18.74681
1806, 18.06000, 16.08627
1807, 18.07000, 16.95372
1808, 18.08000, 21.85946
1809, 18.09000, 21.46172
1810, 18.10000, 24.21329
1811, 18.11000, 22.13628
1812, 18.12000, 18.59936
1813, 18.13000, 19.65688
1814, 18.14000, 20.26729
1815, 18.15000, 21.51004
1816, 18.16000, 20.59437
1817, 18.17000, 19.68368
1818, 18.18000, 14.85016
1819, 18.19000, 13.17793
1820, 18.20000, 14.19898
1821, 18.21000, 16.80967
1822, 18.22000, 22.44888
1823, 18.23000, 17.14493
1824, 18.24000, 17.00648
1825, 18.25000, 19.76242
1826, 18.26000, 17.05111
1827, 18.27000, 24.43896
1828, 18.28000, 24.06309
1829, 18.29000, 23.37087
1830, 18.30000, 17.94977
1831, 18.31000, 17.23207
1832, 18.32000, 20.63772
1833, 18.33000, 17.88584
1834, 18.34000, 17.22927
1835, 18.35000, 17.07485
1836, 18.36000, 16.59238
1837, 18.37000, 15.37405
1838, 18.38000, 22.79110
1839, 18.39000, 17.32605
1840, 18.40000, 18.52042
1841, 18.41000, 19.50015
1842, 18.42000, 26.26516
1843, 18.43000, 23.68099
1844, 18.44000, 25.67420
1845, 18.45000, 22.00676
1846, 18.46000, 19.26558
1847, 18.47000, 20.85606
1848, 18.48000, 18.43039
1849, 18.49000, 23.48795
1850, 18.50000, 17.13324
1851, 18.51000, 17.53476
1852, 18.52000, 18.49275
1853, 18.53000, 17.74237
1854, 18.54000, 17.14140
1855, 18.55000, 17.20055
1856, 18.56000, 21.11252
1857, 18.57000, 20.87299
1858, 18.58000, 20.19329
1859, 18.59000, 21.31540
1860, 18.60000, 20.78395
1861, 18.61000, 20.25432
1862, 18.62000, 20.93715
1863, 18.63000, 22.45263
1864, 18.64000, 24.44222
1865, 18.65000, 18.70283
1866, 18.66000, 25.04341
1867, 18.67000, 20.24843
1868, 18.68000, 15.17198
1869, 18.69000, 14.41714
1870, 18.70000, 18.38016
1871, 18.71000, 17.22908
1872, 18.72000, 16.83394
1873, 18.73000, 18.90915
1874, 18.74000, 16.78060
1875, 18.75000, 16.86653
1876, 18.76000, 18.28045
1877, 18.77000, 21.05445
1878, 18.78000, 18.65770
1879, 18.79000, 20.96852
1880, 18.80000, 20.18338
1881, 18.81000, 19.03776
1882, 18.82000, 16.40225
1883, 18.83000, 17.91683
1884, 18.84000, 13.56294
1885, 18.85000, 12.13958
1886, 18.86000, 15.94720
1887, 18.87000, 12.31865
1888, 18.88000, 14.42257
1889, 18.89000, 12.84622
1890, 18.90000, 20.30436
1891, 18.91000, 16.63347
1892, 18.92000, 17.55868
1893, 18.93000, 18.27687
1894, 18.94000, 16.56936
1895, 18.95000, 16.01418
1896, 18.96000, 18.26385
1897, 18.97000, 18.47105
1898, 18.98000, 14.12057
1899, 18.99000, 15.00500
1900, 19.00000, 13.30373
1901, 19.01000, 13.14863
1902, 19.02000, 10.46532
1903, 19.03000, 14.14596
1904, 19.04000, 11.31869
1905, 19.05000, 13.29429
1906, 19.06000, 18.82949
1907, 19.07000, 15.99522
1908, 19.08000, 15.36204
1909, 19.09000, 13.06802
1910, 19.10000, 13.55569
1911, 19.11000, 14.74598
1912, 19.12000, 16.59256
1913, 19.13000, 14.97153
1914, 19.14000, 17.87002
1915, 19.15000, 12.83414
1916, 19.16000, 11.67537
1917, 19.17000, 12.39504
1918, 19.18000, 10.88247
1919, 19.19000, 11.20570
1920, 19.20000, 10.21092
1921, 19.21000, 14.22019
1922, 19.22000, 15.84908
1923, 19.23000, 15.69270
1924, 19.24000, 13.94477
1925, 19.25000, 18.48700
1926, 19.26000, 14.88305
1927, 19.27000, 20.18142
1928, 19.28000, 15.49372
1929, 19.29000, 14.89713
1930, 19.30000, 14.73977
1931, 19.31000, 13.39780
1932, 19.32000, 11.97417
1933, 19.33000, 10.94016
1934, 19.34000, 11.02368
1935, 19.35000, 10.63949
1936, 19.36000, 9.63441
1937, 19.37000, 10.83927
1938, 19.38000, 14.89234
1939, 19.39000, 13.05680
1940, 19.40000, 13.17525
1941, 19.41000, 12.94277
1942, 19.42000, 13.80911
1943, 19.43000, 13.89646
1944, 19.44000, 12.76153
1945, 19.45000, 12.02941
1946, 19.46000, 11.64043
1947, 19.47000, 11.11063
1948, 19.48000, 9.72806
1949, 19.49000, 12.83606
1950, 19.50000, 11.13339
1951, 19.51000, 11.73451
1952, 19.52000, 10.47370
1953, 19.53000, 12.62942
1954, 19.54000, 9.31022
1955, 19.55000, 13.95426
1956, 19.56000, 16.28546
1957, 19.57000, 13.40582
1958, 19.58000, 15.72132
1959, 19.59000, 12.46668
1960, 19.60000, 13.37538
1961, 19.61000, 13.53385
1962, 19.62000, 12.05217
1963, 19.63000, 10.51337
1964, 19.64000, 9.47497
1965, 19.65000, 8.71194
1966, 19.66000, 9.69034
1967, 19.67000, 8.17657
1968, 19.68000, 10.79952
1969, 19.69000, 8.88255
1970, 19.70000, 9.99579
1971, 19.71000, 11.41062
1972, 19.72000, 10.51509
1973, 19.73000, 9.98617
1974, 19.74000, 10.44905
1975, 19.75000, 10.56875
1976, 19.76000, 10.27817
1977, 19.77000, 10.22493
1978, 19.78000, 10.86120
1979, 19.79000, 11.93632
1980, 19.80000, 8.61033
1981, 19.81000, 9.15739
1982, 19.82000, 8.08351
1983, 19.83000, 8.22521
1984, 19.84000, 7.69413
1985, 19.85000, 7.96943
1986, 19.86000, 10.66143
1987, 19.87000, 10.70200
1988, 19.88000, 9.12439
1989, 19.89000, 9.73156
1990, 19.90000, 10.23696
1991, 19.91000, 9.55219
1992, 19.92000, 10.51776
1993, 19.93000, 8.49252
1994, 19.94000, 9.69893
1995, 19.95000, 10.26482
1996, 19.96000, 9.30149
1997, 19.97000, 8.21992
1998, 19.98000, 7.38117
1999, 19.99000, 7.17476
2000, 20.00000, 7.41353
2001, 20.01000, 6.67215
