nt, t, solve_time
1, 0.01000, 86.82019
2, 0.02000, 49.43073
3, 0.03000, 53.24961
4, 0.04000, 44.70239
5, 0.05000, 47.78178
6, 0.06000, 72.97955
7, 0.07000, 58.08200
8, 0.08000, 46.29420
9, 0.09000, 33.03558
10, 0.10000, 37.98517
11, 0.11000, 26.58310
12, 0.12000, 35.89929
13, 0.13000, 40.55873
14, 0.14000, 39.04166
15, 0.15000, 48.61672
16, 0.16000, 45.95328
17, 0.17000, 58.23572
18, 0.18000, 47.90035
19, 0.19000, 34.95338
20, 0.20000, 40.68298
21, 0.21000, 46.92310
22, 0.22000, 61.03348
23, 0.23000, 46.17908
24, 0.24000, 57.52538
25, 0.25000, 51.91673
26, 0.26000, 42.90720
27, 0.27000, 45.25590
28, 0.28000, 40.38837
29, 0.29000, 39.48117
30, 0.30000, 47.23417
31, 0.31000, 36.70062
32, 0.32000, 41.00588
33, 0.33000, 30.80998
34, 0.34000, 34.95067
35, 0.35000, 50.55822
36, 0.36000, 53.87352
37, 0.37000, 36.33646
38, 0.38000, 35.50561
39, 0.39000, 19.12836
40, 0.40000, 30.40540
41, 0.41000, 20.62246
42, 0.42000, 31.68054
43, 0.43000, 32.10372
44, 0.44000, 39.07604
45, 0.45000, 25.91437
46, 0.46000, 31.63582
47, 0.47000, 26.68433
48, 0.48000, 20.27331
49, 0.49000, 28.13754
50, 0.50000, 30.07056
51, 0.51000, 26.45352
52, 0.52000, 24.13070
53, 0.53000, 28.86773
54, 0.54000, 31.18647
55, 0.55000, 27.90123
56, 0.56000, 27.74134
57, 0.57000, 24.03576
58, 0.58000, 28.05118
59, 0.59000, 25.73617
60, 0.60000, 24.52125
61, 0.61000, 18.50551
62, 0.62000, 20.93881
63, 0.63000, 22.34460
64, 0.64000, 19.83488
65, 0.65000, 24.83310
66, 0.66000, 25.80240
67, 0.67000, 23.45869
68, 0.68000, 32.88726
69, 0.69000, 21.30838
70, 0.70000, 31.36249
71, 0.71000, 19.65950
72, 0.72000, 18.99220
73, 0.73000, 19.84424
74, 0.74000, 22.15075
75, 0.75000, 22.29216
76, 0.76000, 25.96059
77, 0.77000, 29.80755
78, 0.78000, 19.45633
79, 0.79000, 22.80488
80, 0.80000, 31.77141
81, 0.81000, 22.00276
82, 0.82000, 20.14747
83, 0.83000, 22.33992
84, 0.84000, 37.24634
85, 0.85000, 37.98655
86, 0.86000, 41.23019
87, 0.87000, 28.38853
88, 0.88000, 28.30314
89, 0.89000, 34.24474
90, 0.90000, 32.03738
91, 0.91000, 38.07076
92, 0.92000, 38.05118
93, 0.93000, 23.40864
94, 0.94000, 35.04725
95, 0.95000, 38.81738
96, 0.96000, 47.57505
97, 0.97000, 33.83260
98, 0.98000, 33.42713
99, 0.99000, 28.66609
100, 1.00000, 39.34768
101, 1.01000, 35.24705
102, 1.02000, 38.70159
103, 1.03000, 45.66952
104, 1.04000, 31.17962
105, 1.05000, 28.98904
106, 1.06000, 23.68926
107, 1.07000, 23.29210
108, 1.08000, 29.34245
109, 1.09000, 41.35273
110, 1.10000, 36.33528
111, 1.11000, 35.65049
112, 1.12000, 30.29955
113, 1.13000, 33.10859
114, 1.14000, 21.55427
115, 1.15000, 35.26899
116, 1.16000, 43.45958
117, 1.17000, 28.47091
118, 1.18000, 44.22287
119, 1.19000, 41.34469
120, 1.20000, 44.22325
121, 1.21000, 35.51482
122, 1.22000, 31.02336
123, 1.23000, 58.37797
124, 1.24000, 44.17945
125, 1.25000, 48.59106
126, 1.26000, 50.05163
127, 1.27000, 46.59982
128, 1.28000, 50.17724
129, 1.29000, 53.92684
130, 1.30000, 53.87157
131, 1.31000, 34.88897
132, 1.32000, 47.56569
133, 1.33000, 40.64793
134, 1.34000, 39.31822
135, 1.35000, 44.57605
136, 1.36000, 43.63405
137, 1.37000, 33.43581
138, 1.38000, 34.05929
139, 1.39000, 26.13120
140, 1.40000, 25.75917
141, 1.41000, 44.89902
142, 1.42000, 27.96810
143, 1.43000, 19.46560
144, 1.44000, 40.70293
145, 1.45000, 33.83833
146, 1.46000, 38.07652
147, 1.47000, 36.77327
148, 1.48000, 32.32907
149, 1.49000, 33.06218
150, 1.50000, 31.54683
151, 1.51000, 38.09513
152, 1.52000, 47.98925
153, 1.53000, 49.82991
154, 1.54000, 39.09565
155, 1.55000, 35.50339
156, 1.56000, 28.48700
157, 1.57000, 38.09959
158, 1.58000, 39.90533
159, 1.59000, 29.71450
160, 1.60000, 29.39837
161, 1.61000, 38.11680
162, 1.62000, 28.76308
163, 1.63000, 34.16243
164, 1.64000, 39.27882
165, 1.65000, 51.00826
166, 1.66000, 47.73848
167, 1.67000, 42.67920
168, 1.68000, 29.65711
169, 1.69000, 25.37177
170, 1.70000, 33.08930
171, 1.71000, 42.89172
172, 1.72000, 35.13234
173, 1.73000, 33.78130
174, 1.74000, 26.44539
175, 1.75000, 39.08525
176, 1.76000, 36.42404
177, 1.77000, 26.94254
178, 1.78000, 39.33498
179, 1.79000, 37.91202
180, 1.80000, 30.31629
181, 1.81000, 52.60968
182, 1.82000, 34.69174
183, 1.83000, 28.13218
184, 1.84000, 30.86682
185, 1.85000, 26.26484
186, 1.86000, 34.93781
187, 1.87000, 26.76583
188, 1.88000, 36.40944
189, 1.89000, 35.42510
190, 1.90000, 42.96332
191, 1.91000, 38.04337
192, 1.92000, 32.16583
193, 1.93000, 32.90992
194, 1.94000, 26.33120
195, 1.95000, 27.44024
196, 1.96000, 23.32317
197, 1.97000, 31.61631
198, 1.98000, 38.70270
199, 1.99000, 28.43115
200, 2.00000, 22.71414
201, 2.01000, 18.86858
202, 2.02000, 22.66330
203, 2.03000, 19.47363
204, 2.04000, 28.36172
205, 2.05000, 30.29022
206, 2.06000, 34.03715
207, 2.07000, 28.74034
208, 2.08000, 30.86675
209, 2.09000, 30.11978
210, 2.10000, 23.37543
211, 2.11000, 25.73211
212, 2.12000, 24.41840
213, 2.13000, 23.40096
214, 2.14000, 27.08670
215, 2.15000, 29.23189
216, 2.16000, 20.32701
217, 2.17000, 19.50008
218, 2.18000, 20.20199
219, 2.19000, 23.45086
220, 2.20000, 24.74811
221, 2.21000, 26.97977
222, 2.22000, 28.32180
223, 2.23000, 24.10915
224, 2.24000, 23.74834
225, 2.25000, 26.60940
226, 2.26000, 19.22841
227, 2.27000, 20.98160
228, 2.28000, 15.12643
229, 2.29000, 22.80625
230, 2.30000, 21.69333
231, 2.31000, 26.51665
232, 2.32000, 22.50266
233, 2.33000, 24.87239
234, 2.34000, 32.99479
235, 2.35000, 36.67330
236, 2.36000, 26.36713
237, 2.37000, 28.28197
238, 2.38000, 26.30055
239, 2.39000, 22.20114
240, 2.40000, 25.15743
241, 2.41000, 24.33865
242, 2.42000, 21.78662
243, 2.43000, 20.64618
244, 2.44000, 26.45336
245, 2.45000, 21.87948
246, 2.46000, 27.23576
247, 2.47000, 23.44871
248, 2.48000, 22.21317
249, 2.49000, 30.60404
250, 2.50000, 22.59952
251, 2.51000, 24.47250
252, 2.52000, 23.36206
253, 2.53000, 32.33382
254, 2.54000, 25.47699
255, 2.55000, 25.08983
256, 2.56000, 19.78510
257, 2.57000, 17.63914
258, 2.58000, 17.55915
259, 2.59000, 16.61730
260, 2.60000, 22.29418
261, 2.61000, 22.57546
262, 2.62000, 13.15014
263, 2.63000, 12.48272
264, 2.64000, 19.75597
265, 2.65000, 23.11807
266, 2.66000, 21.40105
267, 2.67000, 27.58565
268, 2.68000, 17.25907
269, 2.69000, 23.76242
270, 2.70000, 22.58546
271, 2.71000, 23.00387
272, 2.72000, 31.10621
273, 2.73000, 24.68702
274, 2.74000, 29.64460
275, 2.75000, 23.69270
276, 2.76000, 21.80638
277, 2.77000, 20.60559
278, 2.78000, 27.42292
279, 2.79000, 27.49009
280, 2.80000, 23.66733
281, 2.81000, 22.27595
282, 2.82000, 16.72470
283, 2.83000, 22.31626
284, 2.84000, 27.28767
285, 2.85000, 19.32185
286, 2.86000, 20.19811
287, 2.87000, 15.62859
288, 2.88000, 13.26674
289, 2.89000, 23.33545
290, 2.90000, 29.70709
291, 2.91000, 24.76173
292, 2.92000, 29.40112
293, 2.93000, 26.27049
294, 2.94000, 21.63387
295, 2.95000, 15.38446
296, 2.96000, 24.57053
297, 2.97000, 24.96127
298, 2.98000, 24.10448
299, 2.99000, 27.71353
300, 3.00000, 21.98145
301, 3.01000, 22.95099
302, 3.02000, 26.84443
303, 3.03000, 27.60849
304, 3.04000, 31.89194
305, 3.05000, 28.19043
306, 3.06000, 21.91069
307, 3.07000, 25.06020
308, 3.08000, 24.46454
309, 3.09000, 23.24571
310, 3.10000, 24.49005
311, 3.11000, 25.54285
312, 3.12000, 24.46335
313, 3.13000, 27.11863
314, 3.14000, 31.38611
315, 3.15000, 23.23512
316, 3.16000, 25.48066
317, 3.17000, 26.85133
318, 3.18000, 29.98777
319, 3.19000, 28.47088
320, 3.20000, 27.04890
321, 3.21000, 21.88820
322, 3.22000, 23.77814
323, 3.23000, 31.59873
324, 3.24000, 36.02185
325, 3.25000, 27.57527
326, 3.26000, 16.44372
327, 3.27000, 25.62651
328, 3.28000, 25.51004
329, 3.29000, 27.70982
330, 3.30000, 36.48794
331, 3.31000, 40.73307
332, 3.32000, 28.70836
333, 3.33000, 24.69068
334, 3.34000, 29.84538
335, 3.35000, 27.70582
336, 3.36000, 24.56142
337, 3.37000, 18.43000
338, 3.38000, 31.11748
339, 3.39000, 37.47555
340, 3.40000, 25.36571
341, 3.41000, 23.63250
342, 3.42000, 26.69671
343, 3.43000, 25.82491
344, 3.44000, 26.09381
345, 3.45000, 23.42755
346, 3.46000, 18.89265
347, 3.47000, 23.96405
348, 3.48000, 31.97641
349, 3.49000, 28.38741
350, 3.50000, 19.44727
351, 3.51000, 23.41634
352, 3.52000, 22.70010
353, 3.53000, 30.81275
354, 3.54000, 30.04205
355, 3.55000, 22.94699
356, 3.56000, 23.31193
357, 3.57000, 27.93075
358, 3.58000, 25.62898
359, 3.59000, 34.66578
360, 3.60000, 43.97760
361, 3.61000, 35.10502
362, 3.62000, 30.35149
363, 3.63000, 27.91616
364, 3.64000, 25.73411
365, 3.65000, 28.33292
366, 3.66000, 17.74102
367, 3.67000, 24.32826
368, 3.68000, 21.73836
369, 3.69000, 23.11877
370, 3.70000, 23.91707
371, 3.71000, 27.84992
372, 3.72000, 24.83490
373, 3.73000, 25.10220
374, 3.74000, 18.24517
375, 3.75000, 17.13758
376, 3.76000, 18.74135
377, 3.77000, 16.25665
378, 3.78000, 22.32714
379, 3.79000, 31.70449
380, 3.80000, 24.77688
381, 3.81000, 21.61351
382, 3.82000, 31.54797
383, 3.83000, 28.18461
384, 3.84000, 25.28920
385, 3.85000, 23.72929
386, 3.86000, 22.04829
387, 3.87000, 18.03264
388, 3.88000, 18.31271
389, 3.89000, 14.54744
390, 3.90000, 15.02928
391, 3.91000, 18.27916
392, 3.92000, 22.99281
393, 3.93000, 25.87834
394, 3.94000, 26.96011
395, 3.95000, 20.43212
396, 3.96000, 23.54490
397, 3.97000, 33.15337
398, 3.98000, 24.99170
399, 3.99000, 27.82396
400, 4.00000, 20.80948
401, 4.01000, 26.12861
402, 4.02000, 26.24266
403, 4.03000, 23.39245
404, 4.04000, 29.11706
405, 4.05000, 25.72410
406, 4.06000, 30.49837
407, 4.07000, 22.10435
408, 4.08000, 27.95733
409, 4.09000, 23.48980
410, 4.10000, 27.52785
411, 4.11000, 24.73550
412, 4.12000, 16.99980
413, 4.13000, 23.18064
414, 4.14000, 17.86830
415, 4.15000, 21.90198
416, 4.16000, 18.04760
417, 4.17000, 24.41679
418, 4.18000, 24.81809
419, 4.19000, 23.47339
420, 4.20000, 13.71847
421, 4.21000, 14.64066
422, 4.22000, 16.05664
423, 4.23000, 22.82938
424, 4.24000, 30.41284
425, 4.25000, 25.62841
426, 4.26000, 29.23183
427, 4.27000, 23.63862
428, 4.28000, 30.30642
429, 4.29000, 25.82937
430, 4.30000, 21.63209
431, 4.31000, 20.32093
432, 4.32000, 21.12184
433, 4.33000, 17.77572
434, 4.34000, 19.68743
435, 4.35000, 26.02588
436, 4.36000, 22.05369
437, 4.37000, 16.82989
438, 4.38000, 26.08331
439, 4.39000, 23.06589
440, 4.40000, 22.87505
441, 4.41000, 28.97747
442, 4.42000, 35.48884
443, 4.43000, 22.44924
444, 4.44000, 24.35746
445, 4.45000, 24.75738
446, 4.46000, 27.44782
447, 4.47000, 22.50967
448, 4.48000, 26.26120
449, 4.49000, 23.71689
450, 4.50000, 24.93837
451, 4.51000, 32.90785
452, 4.52000, 22.39294
453, 4.53000, 16.76895
454, 4.54000, 23.12839
455, 4.55000, 21.60821
456, 4.56000, 22.20418
457, 4.57000, 31.62829
458, 4.58000, 29.39683
459, 4.59000, 26.07159
460, 4.60000, 26.03788
461, 4.61000, 25.04375
462, 4.62000, 26.44312
463, 4.63000, 17.44591
464, 4.64000, 22.52426
465, 4.65000, 24.86329
466, 4.66000, 27.21023
467, 4.67000, 26.15443
468, 4.68000, 24.11400
469, 4.69000, 19.12027
470, 4.70000, 21.21028
471, 4.71000, 24.09421
472, 4.72000, 25.28467
473, 4.73000, 20.69915
474, 4.74000, 22.39794
475, 4.75000, 24.12117
476, 4.76000, 26.54786
477, 4.77000, 26.72686
478, 4.78000, 30.65681
479, 4.79000, 24.31481
480, 4.80000, 22.63216
481, 4.81000, 20.21166
482, 4.82000, 21.82921
483, 4.83000, 20.41438
484, 4.84000, 30.51664
485, 4.85000, 31.97164
486, 4.86000, 25.10469
487, 4.87000, 32.77540
488, 4.88000, 25.51254
489, 4.89000, 22.37703
490, 4.90000, 19.42953
491, 4.91000, 23.58314
492, 4.92000, 26.90540
493, 4.93000, 29.05791
494, 4.94000, 21.72831
495, 4.95000, 26.28337
496, 4.96000, 26.28543
497, 4.97000, 24.49844
498, 4.98000, 20.56131
499, 4.99000, 26.60026
500, 5.00000, 18.83397
501, 5.01000, 26.43536
502, 5.02000, 20.75098
503, 5.03000, 21.36503
504, 5.04000, 20.93886
505, 5.05000, 20.21273
506, 5.06000, 24.62353
507, 5.07000, 23.60416
508, 5.08000, 30.46091
509, 5.09000, 23.93746
510, 5.10000, 27.50704
511, 5.11000, 22.16284
512, 5.12000, 20.61913
513, 5.13000, 32.28471
514, 5.14000, 28.87450
515, 5.15000, 31.09889
516, 5.16000, 22.61569
517, 5.17000, 27.17885
518, 5.18000, 26.64033
519, 5.19000, 18.19467
520, 5.20000, 26.19826
521, 5.21000, 26.57298
522, 5.22000, 23.64027
523, 5.23000, 24.05909
524, 5.24000, 20.43756
525, 5.25000, 30.50103
526, 5.26000, 34.41824
527, 5.27000, 31.54471
528, 5.28000, 25.10811
529, 5.29000, 19.71321
530, 5.30000, 17.70387
531, 5.31000, 16.20304
532, 5.32000, 13.37673
533, 5.33000, 11.51928
534, 5.34000, 17.46128
535, 5.35000, 20.45740
536, 5.36000, 22.92986
537, 5.37000, 35.69139
538, 5.38000, 23.22083
539, 5.39000, 19.19989
540, 5.40000, 16.05575
541, 5.41000, 18.62693
542, 5.42000, 22.85188
543, 5.43000, 19.90361
544, 5.44000, 20.17993
545, 5.45000, 21.90795
546, 5.46000, 26.30986
547, 5.47000, 21.68261
548, 5.48000, 23.87072
549, 5.49000, 23.67664
550, 5.50000, 26.05710
551, 5.51000, 27.64357
552, 5.52000, 23.48179
553, 5.53000, 21.92110
554, 5.54000, 20.32905
555, 5.55000, 21.44223
556, 5.56000, 25.74486
557, 5.57000, 18.86484
558, 5.58000, 17.42705
559, 5.59000, 16.60220
560, 5.60000, 17.59186
561, 5.61000, 21.19304
562, 5.62000, 25.33931
563, 5.63000, 21.00954
564, 5.64000, 23.00659
565, 5.65000, 22.99699
566, 5.66000, 26.96725
567, 5.67000, 26.27151
568, 5.68000, 19.83497
569, 5.69000, 22.75787
570, 5.70000, 27.02342
571, 5.71000, 20.42894
572, 5.72000, 21.69449
573, 5.73000, 22.78379
574, 5.74000, 19.21908
575, 5.75000, 24.20447
576, 5.76000, 23.05871
577, 5.77000, 24.11994
578, 5.78000, 25.37507
579, 5.79000, 17.17695
580, 5.80000, 23.78808
581, 5.81000, 30.37782
582, 5.82000, 27.14024
583, 5.83000, 21.46547
584, 5.84000, 20.63795
585, 5.85000, 21.40686
586, 5.86000, 24.70060
587, 5.87000, 19.45933
588, 5.88000, 25.92952
589, 5.89000, 29.06936
590, 5.90000, 27.14351
591, 5.91000, 29.89195
592, 5.92000, 31.17957
593, 5.93000, 24.96476
594, 5.94000, 18.54617
595, 5.95000, 11.16158
596, 5.96000, 16.96050
597, 5.97000, 18.98286
598, 5.98000, 23.63931
599, 5.99000, 26.89828
600, 6.00000, 28.06459
601, 6.01000, 22.83623
602, 6.02000, 19.93457
603, 6.03000, 20.52773
604, 6.04000, 26.56147
605, 6.05000, 18.79966
606, 6.06000, 23.08296
607, 6.07000, 23.63050
608, 6.08000, 23.40113
609, 6.09000, 23.12295
610, 6.10000, 24.12856
611, 6.11000, 17.54391
612, 6.12000, 23.81241
613, 6.13000, 22.30808
614, 6.14000, 22.78367
615, 6.15000, 31.16673
616, 6.16000, 30.88130
617, 6.17000, 29.79475
618, 6.18000, 29.82923
619, 6.19000, 30.72396
620, 6.20000, 22.68404
621, 6.21000, 22.73134
622, 6.22000, 21.98859
623, 6.23000, 27.25149
624, 6.24000, 23.84773
625, 6.25000, 23.20186
626, 6.26000, 16.17269
627, 6.27000, 17.87816
628, 6.28000, 20.27081
629, 6.29000, 24.65367
630, 6.30000, 25.85222
631, 6.31000, 22.58937
632, 6.32000, 22.99293
633, 6.33000, 21.97030
634, 6.34000, 31.83332
635, 6.35000, 31.46953
636, 6.36000, 23.44713
637, 6.37000, 19.20293
638, 6.38000, 20.34094
639, 6.39000, 26.21017
640, 6.40000, 25.74663
641, 6.41000, 18.49113
642, 6.42000, 22.09699
643, 6.43000, 23.98942
644, 6.44000, 21.88472
645, 6.45000, 21.55094
646, 6.46000, 24.34711
647, 6.47000, 36.75938
648, 6.48000, 25.11488
649, 6.49000, 28.79427
650, 6.50000, 25.30209
651, 6.51000, 22.81580
652, 6.52000, 20.87313
653, 6.53000, 24.77913
654, 6.54000, 25.39087
655, 6.55000, 29.29429
656, 6.56000, 28.63002
657, 6.57000, 22.71724
658, 6.58000, 15.79357
659, 6.59000, 19.78883
660, 6.60000, 19.28478
661, 6.61000, 22.78970
662, 6.62000, 23.68498
663, 6.63000, 31.43908
664, 6.64000, 23.40283
665, 6.65000, 22.28552
666, 6.66000, 27.02271
667, 6.67000, 24.29158
668, 6.68000, 20.87548
669, 6.69000, 25.81048
670, 6.70000, 28.04444
671, 6.71000, 26.39527
672, 6.72000, 30.67108
673, 6.73000, 23.87835
674, 6.74000, 16.65316
675, 6.75000, 21.24259
676, 6.76000, 22.87402
677, 6.77000, 24.19805
678, 6.78000, 29.86048
679, 6.79000, 24.80270
680, 6.80000, 26.11646
681, 6.81000, 23.49482
682, 6.82000, 27.46951
683, 6.83000, 17.10038
684, 6.84000, 17.13059
685, 6.85000, 22.45063
686, 6.86000, 19.03316
687, 6.87000, 21.27069
688, 6.88000, 16.76232
689, 6.89000, 21.01261
690, 6.90000, 21.64968
691, 6.91000, 19.93761
692, 6.92000, 29.45857
693, 6.93000, 25.23552
694, 6.94000, 25.14229
695, 6.95000, 29.15189
696, 6.96000, 31.75510
697, 6.97000, 29.75670
698, 6.98000, 26.69486
699, 6.99000, 26.17956
700, 7.00000, 27.66330
701, 7.01000, 30.81697
702, 7.02000, 24.53336
703, 7.03000, 29.66762
704, 7.04000, 21.19988
705, 7.05000, 29.04757
706, 7.06000, 20.62764
707, 7.07000, 16.82919
708, 7.08000, 13.74789
709, 7.09000, 16.45800
710, 7.10000, 25.53499
711, 7.11000, 19.73340
712, 7.12000, 19.94557
713, 7.13000, 28.24400
714, 7.14000, 31.78315
715, 7.15000, 27.66710
716, 7.16000, 26.07312
717, 7.17000, 23.91040
718, 7.18000, 26.05518
719, 7.19000, 25.62668
720, 7.20000, 27.28591
721, 7.21000, 20.21619
722, 7.22000, 25.00682
723, 7.23000, 20.75496
724, 7.24000, 23.28260
725, 7.25000, 23.70211
726, 7.26000, 26.22477
727, 7.27000, 26.68262
728, 7.28000, 27.79790
729, 7.29000, 22.49656
730, 7.30000, 25.92790
731, 7.31000, 26.86381
732, 7.32000, 21.68713
733, 7.33000, 23.78448
734, 7.34000, 25.41779
735, 7.35000, 25.68110
736, 7.36000, 19.01673
737, 7.37000, 19.99672
738, 7.38000, 27.28717
739, 7.39000, 21.21234
740, 7.40000, 20.89967
741, 7.41000, 25.98201
742, 7.42000, 21.87970
743, 7.43000, 19.97834
744, 7.44000, 18.91798
745, 7.45000, 21.18444
746, 7.46000, 27.27915
747, 7.47000, 22.41025
748, 7.48000, 26.58547
749, 7.49000, 25.15572
750, 7.50000, 30.66136
751, 7.51000, 21.60659
752, 7.52000, 22.32450
753, 7.53000, 20.65155
754, 7.54000, 17.77637
755, 7.55000, 21.12624
756, 7.56000, 24.20457
757, 7.57000, 27.46552
758, 7.58000, 29.22532
759, 7.59000, 26.51347
760, 7.60000, 21.87964
761, 7.61000, 21.39141
762, 7.62000, 20.33221
763, 7.63000, 22.55130
764, 7.64000, 28.85095
765, 7.65000, 22.66285
766, 7.66000, 26.82764
767, 7.67000, 21.89595
768, 7.68000, 16.11070
769, 7.69000, 25.17409
770, 7.70000, 23.65875
771, 7.71000, 21.45138
772, 7.72000, 19.68974
773, 7.73000, 25.58028
774, 7.74000, 19.58708
775, 7.75000, 23.13695
776, 7.76000, 26.32724
777, 7.77000, 25.56603
778, 7.78000, 27.29818
779, 7.79000, 26.04096
780, 7.80000, 29.16769
781, 7.81000, 23.04661
782, 7.82000, 22.86892
783, 7.83000, 25.17116
784, 7.84000, 20.79566
785, 7.85000, 24.56373
786, 7.86000, 18.16078
787, 7.87000, 21.48378
788, 7.88000, 21.45824
789, 7.89000, 20.03232
790, 7.90000, 17.27667
791, 7.91000, 28.60711
792, 7.92000, 25.84463
793, 7.93000, 29.11135
794, 7.94000, 23.14575
795, 7.95000, 25.35977
796, 7.96000, 27.43562
797, 7.97000, 29.54188
798, 7.98000, 28.41259
799, 7.99000, 25.66612
800, 8.00000, 19.92657
801, 8.01000, 23.82770
802, 8.02000, 26.09362
803, 8.03000, 34.89208
804, 8.04000, 26.27108
805, 8.05000, 23.23680
806, 8.06000, 27.73231
807, 8.07000, 22.43738
808, 8.08000, 18.19492
809, 8.09000, 18.81168
810, 8.10000, 27.54303
811, 8.11000, 22.92627
812, 8.12000, 28.49087
813, 8.13000, 21.79768
814, 8.14000, 24.61557
815, 8.15000, 20.66337
816, 8.16000, 17.89599
817, 8.17000, 23.83471
818, 8.18000, 30.60711
819, 8.19000, 25.51379
820, 8.20000, 29.99160
821, 8.21000, 26.47289
822, 8.22000, 23.08123
823, 8.23000, 27.68608
824, 8.24000, 28.15959
825, 8.25000, 23.95995
826, 8.26000, 22.88757
827, 8.27000, 28.23349
828, 8.28000, 26.94159
829, 8.29000, 30.19420
830, 8.30000, 26.83735
831, 8.31000, 17.97121
832, 8.32000, 13.87504
833, 8.33000, 22.13190
834, 8.34000, 21.18852
835, 8.35000, 22.45935
836, 8.36000, 33.65018
837, 8.37000, 26.71177
838, 8.38000, 29.35564
839, 8.39000, 26.91859
840, 8.40000, 24.61410
841, 8.41000, 28.59038
842, 8.42000, 28.18898
843, 8.43000, 21.15920
844, 8.44000, 27.25184
845, 8.45000, 32.88601
846, 8.46000, 26.20585
847, 8.47000, 30.45596
848, 8.48000, 24.14136
849, 8.49000, 18.88710
850, 8.50000, 28.49629
851, 8.51000, 25.63879
852, 8.52000, 28.51886
853, 8.53000, 28.72116
854, 8.54000, 21.12501
855, 8.55000, 22.83824
856, 8.56000, 21.64280
857, 8.57000, 20.78129
858, 8.58000, 18.59310
859, 8.59000, 25.45120
860, 8.60000, 24.78718
861, 8.61000, 29.14967
862, 8.62000, 21.49325
863, 8.63000, 23.13409
864, 8.64000, 33.10621
865, 8.65000, 32.22032
866, 8.66000, 32.12405
867, 8.67000, 23.63678
868, 8.68000, 29.51945
869, 8.69000, 23.40223
870, 8.70000, 25.19031
871, 8.71000, 33.76835
872, 8.72000, 28.22786
873, 8.73000, 26.75338
874, 8.74000, 27.83951
875, 8.75000, 28.89995
876, 8.76000, 29.27512
877, 8.77000, 22.22452
878, 8.78000, 20.78721
879, 8.79000, 17.12840
880, 8.80000, 16.83964
881, 8.81000, 20.54583
882, 8.82000, 18.87243
883, 8.83000, 14.87690
884, 8.84000, 36.97861
885, 8.85000, 23.70414
886, 8.86000, 29.67295
887, 8.87000, 27.51193
888, 8.88000, 24.92499
889, 8.89000, 23.30217
890, 8.90000, 21.58342
891, 8.91000, 21.91822
892, 8.92000, 19.47850
893, 8.93000, 17.98928
894, 8.94000, 17.56361
895, 8.95000, 25.42842
896, 8.96000, 24.21609
897, 8.97000, 25.40958
898, 8.98000, 27.24762
899, 8.99000, 35.64168
900, 9.00000, 25.42076
901, 9.01000, 29.91566
902, 9.02000, 29.88415
903, 9.03000, 27.12741
904, 9.04000, 24.43055
905, 9.05000, 19.68464
906, 9.06000, 20.13310
907, 9.07000, 17.23964
908, 9.08000, 17.42939
909, 9.09000, 17.39695
910, 9.10000, 18.04221
911, 9.11000, 21.99450
912, 9.12000, 16.46190
913, 9.13000, 24.01837
914, 9.14000, 22.75520
915, 9.15000, 28.99982
916, 9.16000, 30.88521
917, 9.17000, 24.08592
918, 9.18000, 20.67098
919, 9.19000, 22.13707
920, 9.20000, 27.78173
921, 9.21000, 26.79121
922, 9.22000, 20.35577
923, 9.23000, 17.74550
924, 9.24000, 24.26424
925, 9.25000, 15.06747
926, 9.26000, 25.52680
927, 9.27000, 23.22699
928, 9.28000, 27.43094
929, 9.29000, 30.61077
930, 9.30000, 27.61423
931, 9.31000, 24.93705
932, 9.32000, 29.80369
933, 9.33000, 24.15956
934, 9.34000, 21.42552
935, 9.35000, 18.76858
936, 9.36000, 20.55592
937, 9.37000, 22.64244
938, 9.38000, 21.89703
939, 9.39000, 29.35953
940, 9.40000, 23.15472
941, 9.41000, 29.30022
942, 9.42000, 21.98698
943, 9.43000, 23.88611
944, 9.44000, 24.61278
945, 9.45000, 21.05668
946, 9.46000, 23.13763
947, 9.47000, 21.51573
948, 9.48000, 20.78437
949, 9.49000, 25.82291
950, 9.50000, 22.99576
951, 9.51000, 24.39202
952, 9.52000, 34.16801
953, 9.53000, 30.69467
954, 9.54000, 18.28916
955, 9.55000, 16.51835
956, 9.56000, 19.50056
957, 9.57000, 20.30430
958, 9.58000, 20.39219
959, 9.59000, 24.19921
960, 9.60000, 23.10137
961, 9.61000, 24.85465
962, 9.62000, 24.45913
963, 9.63000, 23.76997
964, 9.64000, 27.97225
965, 9.65000, 28.70859
966, 9.66000, 20.28972
967, 9.67000, 18.20650
968, 9.68000, 28.50533
969, 9.69000, 25.71262
970, 9.70000, 21.63047
971, 9.71000, 23.41108
972, 9.72000, 20.19588
973, 9.73000, 28.32745
974, 9.74000, 28.62532
975, 9.75000, 21.02429
976, 9.76000, 33.31585
977, 9.77000, 27.51969
978, 9.78000, 30.28581
979, 9.79000, 29.56480
980, 9.80000, 22.72336
981, 9.81000, 24.03855
982, 9.82000, 23.75648
983, 9.83000, 28.23536
984, 9.84000, 19.21814
985, 9.85000, 24.01727
986, 9.86000, 24.79710
987, 9.87000, 23.50466
988, 9.88000, 19.89800
989, 9.89000, 16.27140
990, 9.90000, 14.69409
991, 9.91000, 18.85859
992, 9.92000, 19.94860
993, 9.93000, 16.70285
994, 9.94000, 19.99187
995, 9.95000, 18.23417
996, 9.96000, 19.67147
997, 9.97000, 25.36945
998, 9.98000, 29.60409
999, 9.99000, 22.57125
1000, 10.00000, 27.51750
1001, 10.01000, 27.59134
1002, 10.02000, 29.85713
1003, 10.03000, 29.92431
1004, 10.04000, 22.75934
1005, 10.05000, 26.25897
1006, 10.06000, 23.99997
1007, 10.07000, 24.85320
1008, 10.08000, 26.37200
1009, 10.09000, 24.52394
1010, 10.10000, 20.89543
1011, 10.11000, 26.41102
1012, 10.12000, 24.14111
1013, 10.13000, 23.90545
1014, 10.14000, 26.33765
1015, 10.15000, 22.99201
1016, 10.16000, 17.87088
1017, 10.17000, 15.04301
1018, 10.18000, 19.88750
1019, 10.19000, 26.28178
1020, 10.20000, 32.58055
1021, 10.21000, 20.40163
1022, 10.22000, 25.41838
1023, 10.23000, 27.29298
1024, 10.24000, 26.57957
1025, 10.25000, 22.00348
1026, 10.26000, 20.37748
1027, 10.27000, 22.49202
1028, 10.28000, 24.60900
1029, 10.29000, 23.59963
1030, 10.30000, 21.23980
1031, 10.31000, 26.99675
1032, 10.32000, 29.29795
1033, 10.33000, 26.34738
1034, 10.34000, 25.51996
1035, 10.35000, 24.77816
1036, 10.36000, 29.86933
1037, 10.37000, 20.72576
1038, 10.38000, 34.85076
1039, 10.39000, 28.71856
1040, 10.40000, 20.31658
1041, 10.41000, 23.13376
1042, 10.42000, 32.58121
1043, 10.43000, 19.55568
1044, 10.44000, 22.82517
1045, 10.45000, 19.95699
1046, 10.46000, 22.96497
1047, 10.47000, 21.36292
1048, 10.48000, 18.40814
1049, 10.49000, 23.82650
1050, 10.50000, 22.96432
1051, 10.51000, 20.22134
1052, 10.52000, 19.62469
1053, 10.53000, 14.36224
1054, 10.54000, 23.61262
1055, 10.55000, 29.19628
1056, 10.56000, 23.35920
1057, 10.57000, 38.53297
1058, 10.58000, 21.28699
1059, 10.59000, 26.48899
1060, 10.60000, 18.71095
1061, 10.61000, 26.35299
1062, 10.62000, 27.68690
1063, 10.63000, 18.58151
1064, 10.64000, 21.61739
1065, 10.65000, 24.17171
1066, 10.66000, 21.63034
1067, 10.67000, 22.72853
1068, 10.68000, 23.40679
1069, 10.69000, 23.21389
1070, 10.70000, 20.73979
1071, 10.71000, 28.28111
1072, 10.72000, 24.30399
1073, 10.73000, 20.95470
1074, 10.74000, 21.90418
1075, 10.75000, 20.60087
1076, 10.76000, 23.84143
1077, 10.77000, 28.19675
1078, 10.78000, 24.89153
1079, 10.79000, 25.31539
1080, 10.80000, 29.13676
1081, 10.81000, 25.94453
1082, 10.82000, 19.85686
1083, 10.83000, 17.73300
1084, 10.84000, 20.34971
1085, 10.85000, 22.33585
1086, 10.86000, 29.82662
1087, 10.87000, 22.06531
1088, 10.88000, 23.85285
1089, 10.89000, 23.72418
1090, 10.90000, 14.68135
1091, 10.91000, 24.68442
1092, 10.92000, 26.22498
1093, 10.93000, 21.25233
1094, 10.94000, 26.98189
1095, 10.95000, 30.43645
1096, 10.96000, 21.65279
1097, 10.97000, 25.29967
1098, 10.98000, 22.82224
1099, 10.99000, 29.10920
1100, 11.00000, 19.62528
1101, 11.01000, 18.36276
1102, 11.02000, 20.93890
1103, 11.03000, 25.64633
1104, 11.04000, 22.52662
1105, 11.05000, 31.34650
1106, 11.06000, 24.18476
1107, 11.07000, 20.32716
1108, 11.08000, 19.16952
1109, 11.09000, 22.21862
1110, 11.10000, 17.47514
1111, 11.11000, 18.47582
1112, 11.12000, 16.90803
1113, 11.13000, 22.61392
1114, 11.14000, 22.60539
1115, 11.15000, 22.89025
1116, 11.16000, 22.16427
1117, 11.17000, 23.60007
1118, 11.18000, 18.56402
1119, 11.19000, 23.52582
1120, 11.20000, 29.27537
1121, 11.21000, 26.99698
1122, 11.22000, 28.09276
1123, 11.23000, 24.73725
1124, 11.24000, 24.19645
1125, 11.25000, 19.72315
1126, 11.26000, 23.54101
1127, 11.27000, 20.72130
1128, 11.28000, 19.70776
1129, 11.29000, 24.55446
1130, 11.30000, 26.44311
1131, 11.31000, 19.20896
1132, 11.32000, 15.43947
1133, 11.33000, 15.41571
1134, 11.34000, 24.60486
1135, 11.35000, 26.33852
1136, 11.36000, 21.05214
1137, 11.37000, 33.02440
1138, 11.38000, 30.64334
1139, 11.39000, 21.31325
1140, 11.40000, 18.34101
1141, 11.41000, 24.19162
1142, 11.42000, 29.13545
1143, 11.43000, 18.80505
1144, 11.44000, 19.76372
1145, 11.45000, 29.03285
1146, 11.46000, 22.99287
1147, 11.47000, 32.24601
1148, 11.48000, 23.36886
1149, 11.49000, 24.12873
1150, 11.50000, 20.90782
1151, 11.51000, 22.57930
1152, 11.52000, 21.48847
1153, 11.53000, 23.55647
1154, 11.54000, 22.12422
1155, 11.55000, 15.54592
1156, 11.56000, 14.41141
1157, 11.57000, 17.33700
1158, 11.58000, 22.50948
1159, 11.59000, 28.15026
1160, 11.60000, 30.61017
1161, 11.61000, 26.73203
1162, 11.62000, 25.94369
1163, 11.63000, 17.06634
1164, 11.64000, 22.71448
1165, 11.65000, 16.99760
1166, 11.66000, 23.57771
1167, 11.67000, 22.86244
1168, 11.68000, 29.09373
1169, 11.69000, 26.65922
1170, 11.70000, 21.73157
1171, 11.71000, 21.31665
1172, 11.72000, 28.28276
1173, 11.73000, 24.37767
1174, 11.74000, 21.26500
1175, 11.75000, 24.44754
1176, 11.76000, 27.20154
1177, 11.77000, 29.79873
1178, 11.78000, 33.06354
1179, 11.79000, 19.96961
1180, 11.80000, 30.12855
1181, 11.81000, 27.95100
1182, 11.82000, 28.88044
1183, 11.83000, 24.49705
1184, 11.84000, 26.82075
1185, 11.85000, 22.46766
1186, 11.86000, 27.07842
1187, 11.87000, 22.12897
1188, 11.88000, 25.38253
1189, 11.89000, 28.47436
1190, 11.90000, 23.03010
1191, 11.91000, 20.58852
1192, 11.92000, 22.16833
1193, 11.93000, 14.89343
1194, 11.94000, 20.50722
1195, 11.95000, 19.41235
1196, 11.96000, 16.06432
1197, 11.97000, 19.17505
1198, 11.98000, 25.53351
1199, 11.99000, 25.13559
1200, 12.00000, 31.72062
1201, 12.01000, 29.82046
1202, 12.02000, 31.92179
1203, 12.03000, 26.01167
1204, 12.04000, 21.74198
1205, 12.05000, 25.35799
1206, 12.06000, 26.16220
1207, 12.07000, 26.99833
1208, 12.08000, 17.87635
1209, 12.09000, 20.91477
1210, 12.10000, 15.71976
1211, 12.11000, 15.86449
1212, 12.12000, 22.42531
1213, 12.13000, 25.62284
1214, 12.14000, 25.25512
1215, 12.15000, 33.46110
1216, 12.16000, 28.37153
1217, 12.17000, 20.48307
1218, 12.18000, 20.43821
1219, 12.19000, 24.34805
1220, 12.20000, 23.72123
1221, 12.21000, 21.39529
1222, 12.22000, 20.69382
1223, 12.23000, 20.67173
1224, 12.24000, 18.14460
1225, 12.25000, 16.56123
1226, 12.26000, 18.25092
1227, 12.27000, 23.68869
1228, 12.28000, 25.41796
1229, 12.29000, 20.99676
1230, 12.30000, 22.36740
1231, 12.31000, 21.97304
1232, 12.32000, 17.10090
1233, 12.33000, 14.30710
1234, 12.34000, 28.02958
1235, 12.35000, 24.16407
1236, 12.36000, 20.26341
1237, 12.37000, 27.46511
1238, 12.38000, 23.38663
1239, 12.39000, 30.54567
1240, 12.40000, 29.92635
1241, 12.41000, 28.97630
1242, 12.42000, 18.84097
1243, 12.43000, 29.71704
1244, 12.44000, 26.40097
1245, 12.45000, 23.65057
1246, 12.46000, 26.42908
1247, 12.47000, 18.91220
1248, 12.48000, 20.80541
1249, 12.49000, 23.49645
1250, 12.50000, 20.83065
1251, 12.51000, 25.36198
1252, 12.52000, 26.24358
1253, 12.53000, 30.24160
1254, 12.54000, 26.56243
1255, 12.55000, 26.60545
1256, 12.56000, 24.40537
1257, 12.57000, 25.68659
1258, 12.58000, 14.13382
1259, 12.59000, 18.75127
1260, 12.60000, 21.91557
1261, 12.61000, 26.12245
1262, 12.62000, 27.53178
1263, 12.63000, 33.60472
1264, 12.64000, 24.04262
1265, 12.65000, 19.49971
1266, 12.66000, 19.69329
1267, 12.67000, 26.20601
1268, 12.68000, 25.04053
1269, 12.69000, 23.25796
1270, 12.70000, 21.28334
1271, 12.71000, 23.55011
1272, 12.72000, 28.30655
1273, 12.73000, 26.08974
1274, 12.74000, 20.70807
1275, 12.75000, 22.13233
1276, 12.76000, 27.31799
1277, 12.77000, 23.52247
1278, 12.78000, 35.72379
1279, 12.79000, 25.20840
1280, 12.80000, 27.04247
1281, 12.81000, 28.06811
1282, 12.82000, 25.70535
1283, 12.83000, 23.78858
1284, 12.84000, 20.77343
1285, 12.85000, 23.88322
1286, 12.86000, 22.69118
1287, 12.87000, 26.90890
1288, 12.88000, 22.64022
1289, 12.89000, 26.64188
1290, 12.90000, 25.37004
1291, 12.91000, 21.11363
1292, 12.92000, 25.09325
1293, 12.93000, 29.30989
1294, 12.94000, 26.45680
1295, 12.95000, 24.78525
1296, 12.96000, 25.14891
1297, 12.97000, 25.28778
1298, 12.98000, 28.02935
1299, 12.99000, 26.12579
1300, 13.00000, 27.95954
1301, 13.01000, 23.62604
1302, 13.02000, 21.17955
1303, 13.03000, 25.08059
1304, 13.04000, 16.99111
1305, 13.05000, 20.04328
1306, 13.06000, 28.20801
1307, 13.07000, 26.60648
1308, 13.08000, 21.95815
1309, 13.09000, 20.47745
1310, 13.10000, 38.16996
1311, 13.11000, 24.18162
1312, 13.12000, 26.37440
1313, 13.13000, 26.26536
1314, 13.14000, 26.87979
1315, 13.15000, 26.10660
1316, 13.16000, 24.64670
1317, 13.17000, 23.45655
1318, 13.18000, 24.15024
1319, 13.19000, 30.19547
1320, 13.20000, 29.35414
1321, 13.21000, 20.16655
1322, 13.22000, 27.10027
1323, 13.23000, 31.01171
1324, 13.24000, 23.75006
1325, 13.25000, 31.26532
1326, 13.26000, 36.18863
1327, 13.27000, 24.13102
1328, 13.28000, 23.33174
1329, 13.29000, 21.52025
1330, 13.30000, 24.06468
1331, 13.31000, 21.79350
1332, 13.32000, 22.58957
1333, 13.33000, 30.95137
1334, 13.34000, 21.20240
1335, 13.35000, 22.74154
1336, 13.36000, 24.03019
1337, 13.37000, 25.36152
1338, 13.38000, 19.35633
1339, 13.39000, 24.62464
1340, 13.40000, 26.38884
1341, 13.41000, 25.39361
1342, 13.42000, 19.97150
1343, 13.43000, 21.15353
1344, 13.44000, 23.07878
1345, 13.45000, 22.87067
1346, 13.46000, 19.98876
1347, 13.47000, 22.65840
1348, 13.48000, 17.19095
1349, 13.49000, 18.07334
1350, 13.50000, 21.90073
1351, 13.51000, 22.12220
1352, 13.52000, 23.93722
1353, 13.53000, 24.16596
1354, 13.54000, 20.05835
1355, 13.55000, 22.74473
1356, 13.56000, 22.63396
1357, 13.57000, 21.23536
1358, 13.58000, 31.40972
1359, 13.59000, 23.71843
1360, 13.60000, 28.09547
1361, 13.61000, 27.92863
1362, 13.62000, 21.92763
1363, 13.63000, 29.14512
1364, 13.64000, 22.83653
1365, 13.65000, 27.38667
1366, 13.66000, 27.91733
1367, 13.67000, 31.31954
1368, 13.68000, 20.64254
1369, 13.69000, 23.19706
1370, 13.70000, 18.59001
1371, 13.71000, 20.30071
1372, 13.72000, 17.22109
1373, 13.73000, 18.90547
1374, 13.74000, 18.66818
1375, 13.75000, 22.78504
1376, 13.76000, 20.16181
1377, 13.77000, 21.76049
1378, 13.78000, 22.54544
1379, 13.79000, 19.82977
1380, 13.80000, 24.93986
1381, 13.81000, 25.45906
1382, 13.82000, 16.75509
1383, 13.83000, 22.26717
1384, 13.84000, 20.34500
1385, 13.85000, 22.65157
1386, 13.86000, 27.53185
1387, 13.87000, 28.10357
1388, 13.88000, 28.36335
1389, 13.89000, 23.93425
1390, 13.90000, 22.27689
1391, 13.91000, 17.04940
1392, 13.92000, 23.82441
1393, 13.93000, 25.98335
1394, 13.94000, 21.49003
1395, 13.95000, 18.50818
1396, 13.96000, 17.18361
1397, 13.97000, 17.59490
1398, 13.98000, 26.41491
1399, 13.99000, 25.75855
1400, 14.00000, 20.12000
1401, 14.01000, 22.71069
1402, 14.02000, 19.83062
1403, 14.03000, 31.13497
1404, 14.04000, 25.01778
1405, 14.05000, 23.18193
1406, 14.06000, 24.43291
1407, 14.07000, 25.38654
1408, 14.08000, 22.42483
1409, 14.09000, 28.15966
1410, 14.10000, 29.68426
1411, 14.11000, 30.12624
1412, 14.12000, 24.81067
1413, 14.13000, 21.64904
1414, 14.14000, 16.59762
1415, 14.15000, 21.61369
1416, 14.16000, 16.11057
1417, 14.17000, 22.96860
1418, 14.18000, 23.15009
1419, 14.19000, 20.57656
1420, 14.20000, 21.20528
1421, 14.21000, 26.27069
1422, 14.22000, 18.61209
1423, 14.23000, 18.52821
1424, 14.24000, 17.11519
1425, 14.25000, 25.44766
1426, 14.26000, 25.51431
1427, 14.27000, 25.31863
1428, 14.28000, 22.62082
1429, 14.29000, 27.18053
1430, 14.30000, 26.10302
1431, 14.31000, 17.82820
1432, 14.32000, 19.59699
1433, 14.33000, 18.85759
1434, 14.34000, 15.66133
1435, 14.35000, 16.56254
1436, 14.36000, 19.39025
1437, 14.37000, 23.22528
1438, 14.38000, 26.29915
1439, 14.39000, 23.86885
1440, 14.40000, 22.76080
1441, 14.41000, 22.42520
1442, 14.42000, 24.92045
1443, 14.43000, 24.65264
1444, 14.44000, 21.57804
1445, 14.45000, 21.26229
1446, 14.46000, 24.44619
1447, 14.47000, 19.13460
1448, 14.48000, 17.93738
1449, 14.49000, 23.20403
1450, 14.50000, 17.38441
1451, 14.51000, 17.58523
1452, 14.52000, 21.52853
1453, 14.53000, 27.87741
1454, 14.54000, 22.23568
1455, 14.55000, 20.83420
1456, 14.56000, 18.63063
1457, 14.57000, 21.03850
1458, 14.58000, 25.10714
1459, 14.59000, 33.61557
1460, 14.60000, 29.01253
1461, 14.61000, 24.61733
1462, 14.62000, 19.99114
1463, 14.63000, 16.07840
1464, 14.64000, 30.61478
1465, 14.65000, 31.80856
1466, 14.66000, 24.79982
1467, 14.67000, 21.04137
1468, 14.68000, 24.37569
1469, 14.69000, 16.74176
1470, 14.70000, 14.20375
1471, 14.71000, 15.22076
1472, 14.72000, 14.51205
1473, 14.73000, 22.15522
1474, 14.74000, 29.49543
1475, 14.75000, 24.45745
1476, 14.76000, 25.45398
1477, 14.77000, 23.38521
1478, 14.78000, 22.69537
1479, 14.79000, 17.70584
1480, 14.80000, 16.80494
1481, 14.81000, 20.05413
1482, 14.82000, 24.84798
1483, 14.83000, 20.36737
1484, 14.84000, 30.65762
1485, 14.85000, 28.31975
1486, 14.86000, 22.99229
1487, 14.87000, 25.49954
1488, 14.88000, 27.20315
1489, 14.89000, 21.29041
1490, 14.90000, 18.41109
1491, 14.91000, 25.40553
1492, 14.92000, 24.66838
1493, 14.93000, 26.96006
1494, 14.94000, 25.55715
1495, 14.95000, 17.87566
1496, 14.96000, 22.77101
1497, 14.97000, 17.94122
1498, 14.98000, 16.33872
1499, 14.99000, 23.00944
1500, 15.00000, 23.76637
1501, 15.01000, 25.54880
1502, 15.02000, 27.38251
1503, 15.03000, 20.03489
1504, 15.04000, 16.41043
1505, 15.05000, 17.79583
1506, 15.06000, 17.16313
1507, 15.07000, 15.79168
1508, 15.08000, 14.41719
1509, 15.09000, 14.99540
1510, 15.10000, 19.48752
1511, 15.11000, 18.97659
1512, 15.12000, 14.63464
1513, 15.13000, 18.44959
1514, 15.14000, 18.76346
1515, 15.15000, 15.56514
1516, 15.16000, 19.26249
1517, 15.17000, 23.17098
1518, 15.18000, 27.82852
1519, 15.19000, 26.87596
1520, 15.20000, 22.80839
1521, 15.21000, 22.81399
1522, 15.22000, 23.99335
1523, 15.23000, 22.29005
1524, 15.24000, 25.94424
1525, 15.25000, 15.91546
1526, 15.26000, 15.44200
1527, 15.27000, 22.22839
1528, 15.28000, 19.20935
1529, 15.29000, 21.47329
1530, 15.30000, 17.29667
1531, 15.31000, 24.79015
1532, 15.32000, 24.75730
1533, 15.33000, 20.45953
1534, 15.34000, 21.87412
1535, 15.35000, 21.14784
1536, 15.36000, 23.06449
1537, 15.37000, 30.94945
1538, 15.38000, 28.90794
1539, 15.39000, 23.87480
1540, 15.40000, 24.54327
1541, 15.41000, 19.37021
1542, 15.42000, 15.59342
1543, 15.43000, 19.69079
1544, 15.44000, 23.12676
1545, 15.45000, 22.04302
1546, 15.46000, 22.03212
1547, 15.47000, 25.40251
1548, 15.48000, 23.59559
1549, 15.49000, 24.73013
1550, 15.50000, 24.32498
1551, 15.51000, 19.51179
1552, 15.52000, 17.29475
1553, 15.53000, 16.26705
1554, 15.54000, 18.07463
1555, 15.55000, 18.49005
1556, 15.56000, 18.88401
1557, 15.57000, 22.12599
1558, 15.58000, 20.35514
1559, 15.59000, 24.22589
1560, 15.60000, 26.32614
1561, 15.61000, 21.79397
1562, 15.62000, 19.25853
1563, 15.63000, 22.15045
1564, 15.64000, 18.14843
1565, 15.65000, 22.41900
1566, 15.66000, 22.97850
1567, 15.67000, 23.32949
1568, 15.68000, 18.32940
1569, 15.69000, 21.70520
1570, 15.70000, 20.11591
1571, 15.71000, 18.48295
1572, 15.72000, 20.87318
1573, 15.73000, 22.47179
1574, 15.74000, 26.24698
1575, 15.75000, 16.53864
1576, 15.76000, 26.26671
1577, 15.77000, 28.28823
1578, 15.78000, 25.79400
1579, 15.79000, 31.07828
1580, 15.80000, 22.05510
1581, 15.81000, 24.13802
1582, 15.82000, 21.44186
1583, 15.83000, 29.13755
1584, 15.84000, 23.52456
1585, 15.85000, 26.16446
1586, 15.86000, 24.02148
1587, 15.87000, 29.00913
1588, 15.88000, 29.12209
1589, 15.89000, 20.78556
1590, 15.90000, 19.36609
1591, 15.91000, 18.27351
1592, 15.92000, 20.30004
1593, 15.93000, 26.17188
1594, 15.94000, 23.29419
1595, 15.95000, 19.48447
1596, 15.96000, 21.23808
1597, 15.97000, 23.99888
1598, 15.98000, 28.73433
1599, 15.99000, 22.47017
1600, 16.00000, 21.30022
1601, 16.01000, 24.42977
1602, 16.02000, 28.53014
1603, 16.03000, 29.52978
1604, 16.04000, 22.46787
1605, 16.05000, 13.77021
1606, 16.06000, 24.86952
1607, 16.07000, 23.69963
1608, 16.08000, 27.65722
1609, 16.09000, 27.29570
1610, 16.10000, 22.37746
1611, 16.11000, 19.10306
1612, 16.12000, 18.24851
1613, 16.13000, 18.88819
1614, 16.14000, 20.01816
1615, 16.15000, 23.43126
1616, 16.16000, 15.81494
1617, 16.17000, 16.09680
1618, 16.18000, 19.49157
1619, 16.19000, 18.60221
1620, 16.20000, 23.18849
1621, 16.21000, 18.03150
1622, 16.22000, 21.09175
1623, 16.23000, 26.22243
1624, 16.24000, 25.67636
1625, 16.25000, 23.87883
1626, 16.26000, 29.38558
1627, 16.27000, 24.20231
1628, 16.28000, 22.12376
1629, 16.29000, 22.57081
1630, 16.30000, 26.42522
1631, 16.31000, 22.89132
1632, 16.32000, 21.59241
1633, 16.33000, 21.00530
1634, 16.34000, 24.07218
1635, 16.35000, 17.96590
1636, 16.36000, 27.66635
1637, 16.37000, 16.30419
1638, 16.38000, 16.14005
1639, 16.39000, 20.26087
1640, 16.40000, 24.76818
1641, 16.41000, 26.25771
1642, 16.42000, 30.31607
1643, 16.43000, 23.45773
1644, 16.44000, 23.73362
1645, 16.45000, 26.21438
1646, 16.46000, 27.67095
1647, 16.47000, 27.09738
1648, 16.48000, 20.74592
1649, 16.49000, 25.48366
1650, 16.50000, 23.71463
1651, 16.51000, 29.16338
1652, 16.52000, 15.18248
1653, 16.53000, 12.60635
1654, 16.54000, 16.39159
1655, 16.55000, 16.77271
1656, 16.56000, 18.36301
1657, 16.57000, 21.44042
1658, 16.58000, 20.86142
1659, 16.59000, 24.27705
1660, 16.60000, 27.62642
1661, 16.61000, 25.00627
1662, 16.62000, 21.52769
1663, 16.63000, 25.30406
1664, 16.64000, 21.76973
1665, 16.65000, 26.03158
1666, 16.66000, 29.61504
1667, 16.67000, 21.71128
1668, 16.68000, 21.13871
1669, 16.69000, 22.93913
1670, 16.70000, 18.23312
1671, 16.71000, 25.39321
1672, 16.72000, 18.20356
1673, 16.73000, 21.43646
1674, 16.74000, 25.01051
1675, 16.75000, 23.61195
1676, 16.76000, 28.35314
1677, 16.77000, 31.19282
1678, 16.78000, 17.72251
1679, 16.79000, 22.61756
1680, 16.80000, 20.48962
1681, 16.81000, 25.69723
1682, 16.82000, 24.97505
1683, 16.83000, 19.06529
1684, 16.84000, 15.72108
1685, 16.85000, 21.30608
1686, 16.86000, 28.47148
1687, 16.87000, 30.51846
1688, 16.88000, 24.52676
1689, 16.89000, 22.17745
1690, 16.90000, 18.61574
1691, 16.91000, 25.96567
1692, 16.92000, 24.18087
1693, 16.93000, 18.44453
1694, 16.94000, 17.03060
1695, 16.95000, 21.09362
1696, 16.96000, 17.81862
1697, 16.97000, 17.52851
1698, 16.98000, 19.97230
1699, 16.99000, 28.29165
1700, 17.00000, 24.73325
1701, 17.01000, 26.83755
1702, 17.02000, 17.89481
1703, 17.03000, 17.34828
1704, 17.04000, 25.77946
1705, 17.05000, 32.14315
1706, 17.06000, 22.01998
1707, 17.07000, 23.90812
1708, 17.08000, 27.41979
1709, 17.09000, 19.63535
1710, 17.10000, 23.00050
1711, 17.11000, 18.44192
1712, 17.12000, 19.18322
1713, 17.13000, 19.80007
1714, 17.14000, 18.29379
1715, 17.15000, 24.52623
1716, 17.16000, 18.39069
1717, 17.17000, 22.04954
1718, 17.18000, 19.20091
1719, 17.19000, 29.02218
1720, 17.20000, 33.36623
1721, 17.21000, 15.63780
1722, 17.22000, 24.24967
1723, 17.23000, 27.89236
1724, 17.24000, 20.56945
1725, 17.25000, 24.67199
1726, 17.26000, 21.91449
1727, 17.27000, 24.71739
1728, 17.28000, 22.89206
1729, 17.29000, 26.71336
1730, 17.30000, 24.45829
1731, 17.31000, 22.64751
1732, 17.32000, 24.10823
1733, 17.33000, 20.94004
1734, 17.34000, 24.77019
1735, 17.35000, 26.46770
1736, 17.36000, 24.82436
1737, 17.37000, 23.80193
1738, 17.38000, 21.53540
1739, 17.39000, 18.41507
1740, 17.40000, 19.52144
1741, 17.41000, 18.39483
1742, 17.42000, 16.44146
1743, 17.43000, 18.53573
1744, 17.44000, 23.37031
1745, 17.45000, 17.26766
1746, 17.46000, 15.62850
1747, 17.47000, 18.34687
1748, 17.48000, 23.72414
1749, 17.49000, 23.95777
1750, 17.50000, 21.03955
1751, 17.51000, 22.45134
1752, 17.52000, 28.73140
1753, 17.53000, 23.08364
1754, 17.54000, 25.13120
1755, 17.55000, 25.30320
1756, 17.56000, 28.43386
1757, 17.57000, 23.86582
1758, 17.58000, 21.74145
1759, 17.59000, 31.71823
1760, 17.60000, 21.93721
1761, 17.61000, 21.33327
1762, 17.62000, 24.82604
1763, 17.63000, 16.94036
1764, 17.64000, 25.04867
1765, 17.65000, 23.59584
1766, 17.66000, 24.49995
1767, 17.67000, 22.32983
1768, 17.68000, 19.95703
1769, 17.69000, 22.27270
1770, 17.70000, 20.52598
1771, 17.71000, 20.30636
1772, 17.72000, 18.80276
1773, 17.73000, 15.90829
1774, 17.74000, 23.40718
1775, 17.75000, 26.81161
1776, 17.76000, 22.02946
1777, 17.77000, 22.86608
1778, 17.78000, 25.54832
1779, 17.79000, 23.07467
1780, 17.80000, 24.40177
1781, 17.81000, 25.89980
1782, 17.82000, 20.23315
1783, 17.83000, 21.47935
1784, 17.84000, 20.64168
1785, 17.85000, 21.56494
1786, 17.86000, 23.19112
1787, 17.87000, 19.84949
1788, 17.88000, 25.05592
1789, 17.89000, 21.32000
1790, 17.90000, 25.97297
1791, 17.91000, 20.65620
1792, 17.92000, 24.53685
1793, 17.93000, 24.44923
1794, 17.94000, 20.78658
1795, 17.95000, 21.02868
1796, 17.96000, 16.98097
1797, 17.97000, 22.32277
1798, 17.98000, 25.85751
1799, 17.99000, 27.88023
1800, 18.00000, 32.71978
1801, 18.01000, 20.23058
1802, 18.02000, 21.35875
1803, 18.03000, 19.19294
1804, 18.04000, 15.12951
1805, 18.05000, 21.75399
1806, 18.06000, 23.98744
1807, 18.07000, 24.51571
1808, 18.08000, 23.09638
1809, 18.09000, 24.49975
1810, 18.10000, 17.40552
1811, 18.11000, 25.19248
1812, 18.12000, 23.71598
1813, 18.13000, 24.55302
1814, 18.14000, 19.25503
1815, 18.15000, 22.51904
1816, 18.16000, 22.65062
1817, 18.17000, 23.91875
1818, 18.18000, 23.11629
1819, 18.19000, 18.38937
1820, 18.20000, 14.99704
1821, 18.21000, 18.71628
1822, 18.22000, 19.23118
1823, 18.23000, 23.94214
1824, 18.24000, 21.29154
1825, 18.25000, 19.99168
1826, 18.26000, 24.26683
1827, 18.27000, 28.46299
1828, 18.28000, 29.36496
1829, 18.29000, 28.01576
1830, 18.30000, 26.60176
1831, 18.31000, 25.51801
1832, 18.32000, 28.06380
1833, 18.33000, 19.64077
1834, 18.34000, 25.87932
1835, 18.35000, 21.66095
1836, 18.36000, 30.31624
1837, 18.37000, 28.64993
1838, 18.38000, 24.16103
1839, 18.39000, 19.77606
1840, 18.40000, 22.66829
1841, 18.41000, 23.28796
1842, 18.42000, 16.82526
1843, 18.43000, 22.80148
1844, 18.44000, 21.70977
1845, 18.45000, 20.43374
1846, 18.46000, 21.18895
1847, 18.47000, 19.35827
1848, 18.48000, 25.42682
1849, 18.49000, 21.84408
1850, 18.50000, 23.11114
1851, 18.51000, 20.63573
1852, 18.52000, 20.48011
1853, 18.53000, 19.26446
1854, 18.54000, 18.14525
1855, 18.55000, 20.68605
1856, 18.56000, 17.38961
1857, 18.57000, 21.44022
1858, 18.58000, 18.38255
1859, 18.59000, 15.72184
1860, 18.60000, 23.71637
1861, 18.61000, 21.54140
1862, 18.62000, 24.33356
1863, 18.63000, 29.55550
1864, 18.64000, 21.71067
1865, 18.65000, 23.64433
1866, 18.66000, 18.78780
1867, 18.67000, 17.66792
1868, 18.68000, 16.98903
1869, 18.69000, 17.55242
1870, 18.70000, 18.58862
1871, 18.71000, 21.96151
1872, 18.72000, 23.55892
1873, 18.73000, 14.69323
1874, 18.74000, 17.77167
1875, 18.75000, 19.76122
1876, 18.76000, 24.93364
1877, 18.77000, 25.39448
1878, 18.78000, 27.75573
1879, 18.79000, 19.26241
1880, 18.80000, 20.35500
1881, 18.81000, 23.08685
1882, 18.82000, 24.89601
1883, 18.83000, 20.48309
1884, 18.84000, 26.03598
1885, 18.85000, 19.21911
1886, 18.86000, 21.45992
1887, 18.87000, 26.15061
1888, 18.88000, 22.84415
1889, 18.89000, 21.02427
1890, 18.90000, 24.24742
1891, 18.91000, 17.49884
1892, 18.92000, 29.16030
1893, 18.93000, 24.61664
1894, 18.94000, 23.46692
1895, 18.95000, 24.73490
1896, 18.96000, 23.27685
1897, 18.97000, 20.92691
1898, 18.98000, 30.62428
1899, 18.99000, 25.37106
1900, 19.00000, 23.97389
1901, 19.01000, 21.38889
1902, 19.02000, 22.92549
1903, 19.03000, 28.08802
1904, 19.04000, 17.85772
1905, 19.05000, 17.79538
1906, 19.06000, 24.55309
1907, 19.07000, 21.13696
1908, 19.08000, 22.99803
1909, 19.09000, 23.16322
1910, 19.10000, 34.11232
1911, 19.11000, 24.94319
1912, 19.12000, 19.89887
1913, 19.13000, 24.07989
1914, 19.14000, 26.46547
1915, 19.15000, 25.28972
1916, 19.16000, 23.29736
1917, 19.17000, 22.86986
1918, 19.18000, 28.64881
1919, 19.19000, 27.16305
1920, 19.20000, 23.98898
1921, 19.21000, 12.28100
1922, 19.22000, 19.93155
1923, 19.23000, 26.63820
1924, 19.24000, 25.85792
1925, 19.25000, 18.98767
1926, 19.26000, 19.87993
1927, 19.27000, 18.21303
1928, 19.28000, 17.73362
1929, 19.29000, 26.60280
1930, 19.30000, 20.53835
1931, 19.31000, 19.87384
1932, 19.32000, 21.13812
1933, 19.33000, 19.52235
1934, 19.34000, 20.38601
1935, 19.35000, 16.63840
1936, 19.36000, 18.95058
1937, 19.37000, 17.06469
1938, 19.38000, 18.72332
1939, 19.39000, 21.89385
1940, 19.40000, 21.44315
1941, 19.41000, 33.26688
1942, 19.42000, 24.55213
1943, 19.43000, 29.26666
1944, 19.44000, 29.25474
1945, 19.45000, 26.84879
1946, 19.46000, 22.05839
1947, 19.47000, 25.57069
1948, 19.48000, 19.40628
1949, 19.49000, 25.51651
1950, 19.50000, 26.92133
1951, 19.51000, 23.59983
1952, 19.52000, 30.68570
1953, 19.53000, 28.94798
1954, 19.54000, 19.25219
1955, 19.55000, 24.38806
1956, 19.56000, 17.09595
1957, 19.57000, 23.51246
1958, 19.58000, 24.18109
1959, 19.59000, 22.60224
1960, 19.60000, 23.38478
1961, 19.61000, 23.63787
1962, 19.62000, 19.97123
1963, 19.63000, 23.31051
1964, 19.64000, 21.92275
1965, 19.65000, 21.55686
1966, 19.66000, 18.95422
1967, 19.67000, 14.22545
1968, 19.68000, 13.30684
1969, 19.69000, 20.49155
1970, 19.70000, 21.48269
1971, 19.71000, 24.22312
1972, 19.72000, 16.95080
1973, 19.73000, 23.29067
1974, 19.74000, 22.58741
1975, 19.75000, 21.33094
1976, 19.76000, 21.28441
1977, 19.77000, 19.63535
1978, 19.78000, 20.20408
1979, 19.79000, 19.37912
1980, 19.80000, 20.51059
1981, 19.81000, 20.51432
1982, 19.82000, 22.44105
1983, 19.83000, 20.22118
1984, 19.84000, 16.78996
1985, 19.85000, 16.73781
1986, 19.86000, 16.27542
1987, 19.87000, 15.89600
1988, 19.88000, 14.86654
1989, 19.89000, 16.08152
1990, 19.90000, 16.79579
1991, 19.91000, 17.19097
1992, 19.92000, 19.62422
1993, 19.93000, 21.64565
1994, 19.94000, 18.20365
1995, 19.95000, 20.99890
1996, 19.96000, 21.93263
1997, 19.97000, 20.41927
1998, 19.98000, 20.83187
1999, 19.99000, 20.52191
2000, 20.00000, 17.31276
2001, 20.01000, 19.01576
