nt, t, solve_time
1, 0.01000, 55.67390
2, 0.02000, 34.21224
3, 0.03000, 42.64918
4, 0.04000, 47.97192
5, 0.05000, 50.15022
6, 0.06000, 54.33042
7, 0.07000, 32.72067
8, 0.08000, 54.51458
9, 0.09000, 65.67377
10, 0.10000, 31.94573
11, 0.11000, 39.33031
12, 0.12000, 18.98132
13, 0.13000, 35.05044
14, 0.14000, 19.25557
15, 0.15000, 32.81194
16, 0.16000, 30.75622
17, 0.17000, 35.88057
18, 0.18000, 39.87893
19, 0.19000, 51.30480
20, 0.20000, 46.63430
21, 0.21000, 42.96348
22, 0.22000, 41.79513
23, 0.23000, 58.66339
24, 0.24000, 50.11637
25, 0.25000, 54.72311
26, 0.26000, 47.56874
27, 0.27000, 58.03057
28, 0.28000, 36.44671
29, 0.29000, 42.99773
30, 0.30000, 62.17745
31, 0.31000, 51.02096
32, 0.32000, 54.50671
33, 0.33000, 40.19328
34, 0.34000, 38.97361
35, 0.35000, 46.89795
36, 0.36000, 46.21462
37, 0.37000, 35.73857
38, 0.38000, 39.94530
39, 0.39000, 33.03038
40, 0.40000, 28.63644
41, 0.41000, 32.46641
42, 0.42000, 21.66655
43, 0.43000, 29.93823
44, 0.44000, 38.52094
45, 0.45000, 26.23897
46, 0.46000, 26.76388
47, 0.47000, 20.56229
48, 0.48000, 16.47996
49, 0.49000, 24.68582
50, 0.50000, 23.83243
51, 0.51000, 24.36664
52, 0.52000, 24.28526
53, 0.53000, 21.28699
54, 0.54000, 23.93925
55, 0.55000, 31.75435
56, 0.56000, 35.10214
57, 0.57000, 19.27568
58, 0.58000, 25.79941
59, 0.59000, 30.46064
60, 0.60000, 31.14667
61, 0.61000, 31.48356
62, 0.62000, 23.70315
63, 0.63000, 26.91362
64, 0.64000, 19.22007
65, 0.65000, 23.03994
66, 0.66000, 26.71671
67, 0.67000, 37.46296
68, 0.68000, 30.46359
69, 0.69000, 36.18013
70, 0.70000, 32.81382
71, 0.71000, 29.98943
72, 0.72000, 30.42406
73, 0.73000, 15.49509
74, 0.74000, 31.13335
75, 0.75000, 28.54108
76, 0.76000, 28.84455
77, 0.77000, 35.96526
78, 0.78000, 25.18828
79, 0.79000, 25.87187
80, 0.80000, 32.55719
81, 0.81000, 31.06945
82, 0.82000, 30.67710
83, 0.83000, 29.61693
84, 0.84000, 27.92850
85, 0.85000, 26.41741
86, 0.86000, 22.97546
87, 0.87000, 31.51293
88, 0.88000, 23.37495
89, 0.89000, 29.52840
90, 0.90000, 32.69598
91, 0.91000, 36.97110
92, 0.92000, 31.46945
93, 0.93000, 38.08979
94, 0.94000, 34.12196
95, 0.95000, 24.36801
96, 0.96000, 34.59533
97, 0.97000, 31.81633
98, 0.98000, 29.92529
99, 0.99000, 33.58475
100, 1.00000, 26.50001
101, 1.01000, 22.70827
102, 1.02000, 32.52611
103, 1.03000, 31.94221
104, 1.04000, 47.36441
105, 1.05000, 34.31264
106, 1.06000, 25.03790
107, 1.07000, 27.53120
108, 1.08000, 26.66439
109, 1.09000, 43.65577
110, 1.10000, 43.57120
111, 1.11000, 36.95220
112, 1.12000, 38.64452
113, 1.13000, 36.29836
114, 1.14000, 32.60709
115, 1.15000, 35.11939
116, 1.16000, 31.91369
117, 1.17000, 40.04123
118, 1.18000, 36.01413
119, 1.19000, 30.77610
120, 1.20000, 36.08736
121, 1.21000, 39.49204
122, 1.22000, 33.39925
123, 1.23000, 33.56359
124, 1.24000, 29.84885
125, 1.25000, 37.13122
126, 1.26000, 43.11091
127, 1.27000, 52.01815
128, 1.28000, 41.60086
129, 1.29000, 48.19848
130, 1.30000, 50.65548
131, 1.31000, 39.47074
132, 1.32000, 33.38884
133, 1.33000, 42.74914
134, 1.34000, 37.46976
135, 1.35000, 45.78916
136, 1.36000, 33.48268
137, 1.37000, 40.00851
138, 1.38000, 32.39325
139, 1.39000, 38.12100
140, 1.40000, 36.64241
141, 1.41000, 28.91284
142, 1.42000, 30.34533
143, 1.43000, 26.16222
144, 1.44000, 36.10941
145, 1.45000, 36.80330
146, 1.46000, 39.03995
147, 1.47000, 36.55424
148, 1.48000, 38.88990
149, 1.49000, 52.33821
150, 1.50000, 33.43687
151, 1.51000, 33.09481
152, 1.52000, 30.52210
153, 1.53000, 45.79330
154, 1.54000, 38.44110
155, 1.55000, 45.09099
156, 1.56000, 33.77216
157, 1.57000, 34.33611
158, 1.58000, 31.87750
159, 1.59000, 33.80501
160, 1.60000, 47.47673
161, 1.61000, 34.82486
162, 1.62000, 42.70648
163, 1.63000, 40.09978
164, 1.64000, 37.35651
165, 1.65000, 36.09034
166, 1.66000, 40.47395
167, 1.67000, 34.12532
168, 1.68000, 41.99703
169, 1.69000, 36.62906
170, 1.70000, 35.97242
171, 1.71000, 19.44834
172, 1.72000, 32.85011
173, 1.73000, 32.38108
174, 1.74000, 31.86389
175, 1.75000, 45.18201
176, 1.76000, 41.80041
177, 1.77000, 39.53315
178, 1.78000, 37.44006
179, 1.79000, 41.75716
180, 1.80000, 36.76311
181, 1.81000, 50.59105
182, 1.82000, 30.04659
183, 1.83000, 25.94954
184, 1.84000, 41.97141
185, 1.85000, 37.40227
186, 1.86000, 36.06100
187, 1.87000, 27.56792
188, 1.88000, 23.79379
189, 1.89000, 37.43746
190, 1.90000, 39.60356
191, 1.91000, 35.91727
192, 1.92000, 40.63744
193, 1.93000, 36.87620
194, 1.94000, 33.74988
195, 1.95000, 48.90964
196, 1.96000, 31.60680
197, 1.97000, 25.47953
198, 1.98000, 34.93170
199, 1.99000, 27.59162
200, 2.00000, 24.74195
201, 2.01000, 27.49673
202, 2.02000, 19.80183
203, 2.03000, 20.91140
204, 2.04000, 34.31494
205, 2.05000, 19.19512
206, 2.06000, 26.85925
207, 2.07000, 28.04424
208, 2.08000, 25.05615
209, 2.09000, 26.51290
210, 2.10000, 32.41132
211, 2.11000, 28.22739
212, 2.12000, 19.71589
213, 2.13000, 22.40043
214, 2.14000, 28.40545
215, 2.15000, 19.65064
216, 2.16000, 19.81117
217, 2.17000, 26.71401
218, 2.18000, 22.95146
219, 2.19000, 24.25409
220, 2.20000, 26.33265
221, 2.21000, 34.64187
222, 2.22000, 34.09914
223, 2.23000, 37.10981
224, 2.24000, 26.82005
225, 2.25000, 29.69381
226, 2.26000, 24.72564
227, 2.27000, 18.53821
228, 2.28000, 23.66140
229, 2.29000, 23.30684
230, 2.30000, 21.01312
231, 2.31000, 27.27840
232, 2.32000, 31.52831
233, 2.33000, 29.30068
234, 2.34000, 26.36711
235, 2.35000, 25.42561
236, 2.36000, 30.76242
237, 2.37000, 38.76301
238, 2.38000, 38.54065
239, 2.39000, 31.85822
240, 2.40000, 35.33837
241, 2.41000, 23.02154
242, 2.42000, 32.17993
243, 2.43000, 27.47975
244, 2.44000, 25.45533
245, 2.45000, 22.84394
246, 2.46000, 21.32991
247, 2.47000, 18.58146
248, 2.48000, 22.52720
249, 2.49000, 25.60114
250, 2.50000, 24.37893
251, 2.51000, 25.75336
252, 2.52000, 18.06581
253, 2.53000, 30.50585
254, 2.54000, 36.57703
255, 2.55000, 29.34941
256, 2.56000, 31.87263
257, 2.57000, 26.50451
258, 2.58000, 29.66911
259, 2.59000, 26.58434
260, 2.60000, 24.77235
261, 2.61000, 26.85749
262, 2.62000, 27.48742
263, 2.63000, 34.26659
264, 2.64000, 23.98639
265, 2.65000, 26.51070
266, 2.66000, 24.25071
267, 2.67000, 28.10527
268, 2.68000, 29.06572
269, 2.69000, 36.37473
270, 2.70000, 35.25602
271, 2.71000, 27.26506
272, 2.72000, 30.57620
273, 2.73000, 27.34516
274, 2.74000, 25.05288
275, 2.75000, 25.87574
276, 2.76000, 21.38828
277, 2.77000, 17.30973
278, 2.78000, 16.71040
279, 2.79000, 25.50731
280, 2.80000, 23.58657
281, 2.81000, 22.76954
282, 2.82000, 22.82081
283, 2.83000, 35.10446
284, 2.84000, 36.36880
285, 2.85000, 36.85113
286, 2.86000, 21.57229
287, 2.87000, 27.01231
288, 2.88000, 22.44929
289, 2.89000, 24.57141
290, 2.90000, 33.04040
291, 2.91000, 31.63614
292, 2.92000, 28.81216
293, 2.93000, 26.15482
294, 2.94000, 24.54039
295, 2.95000, 19.62376
296, 2.96000, 26.76440
297, 2.97000, 34.94854
298, 2.98000, 27.41249
299, 2.99000, 28.85795
300, 3.00000, 35.77383
301, 3.01000, 30.65987
302, 3.02000, 23.36970
303, 3.03000, 27.36378
304, 3.04000, 23.56370
305, 3.05000, 25.21260
306, 3.06000, 27.51245
307, 3.07000, 26.02474
308, 3.08000, 24.21068
309, 3.09000, 22.55494
310, 3.10000, 19.07521
311, 3.11000, 17.10622
312, 3.12000, 18.40985
313, 3.13000, 31.58555
314, 3.14000, 30.22462
315, 3.15000, 27.10392
316, 3.16000, 29.28221
317, 3.17000, 24.11488
318, 3.18000, 35.40201
319, 3.19000, 34.02117
320, 3.20000, 37.37578
321, 3.21000, 28.55877
322, 3.22000, 33.09908
323, 3.23000, 32.20033
324, 3.24000, 27.38515
325, 3.25000, 26.82093
326, 3.26000, 32.94408
327, 3.27000, 30.14668
328, 3.28000, 28.45832
329, 3.29000, 29.97710
330, 3.30000, 30.48278
331, 3.31000, 29.28713
332, 3.32000, 36.63436
333, 3.33000, 22.53029
334, 3.34000, 19.39334
335, 3.35000, 18.18767
336, 3.36000, 16.31170
337, 3.37000, 17.30658
338, 3.38000, 16.50767
339, 3.39000, 19.91057
340, 3.40000, 20.04308
341, 3.41000, 25.80511
342, 3.42000, 31.02308
343, 3.43000, 30.76612
344, 3.44000, 30.29765
345, 3.45000, 20.98460
346, 3.46000, 24.76728
347, 3.47000, 25.93038
348, 3.48000, 38.44285
349, 3.49000, 42.13713
350, 3.50000, 36.05480
351, 3.51000, 34.22571
352, 3.52000, 28.24210
353, 3.53000, 36.74863
354, 3.54000, 25.64931
355, 3.55000, 22.03254
356, 3.56000, 24.69519
357, 3.57000, 21.03345
358, 3.58000, 18.14362
359, 3.59000, 20.52426
360, 3.60000, 26.00921
361, 3.61000, 26.95725
362, 3.62000, 30.11530
363, 3.63000, 31.08932
364, 3.64000, 31.51432
365, 3.65000, 25.04405
366, 3.66000, 25.57951
367, 3.67000, 18.72052
368, 3.68000, 22.34723
369, 3.69000, 16.70959
370, 3.70000, 16.98967
371, 3.71000, 18.28920
372, 3.72000, 18.72557
373, 3.73000, 18.00579
374, 3.74000, 18.30104
375, 3.75000, 27.37127
376, 3.76000, 21.76314
377, 3.77000, 28.34060
378, 3.78000, 27.78818
379, 3.79000, 27.73301
380, 3.80000, 33.87028
381, 3.81000, 33.10769
382, 3.82000, 28.66333
383, 3.83000, 31.93861
384, 3.84000, 27.83067
385, 3.85000, 24.20068
386, 3.86000, 27.72271
387, 3.87000, 25.98416
388, 3.88000, 26.62729
389, 3.89000, 28.04414
390, 3.90000, 29.07930
391, 3.91000, 27.86889
392, 3.92000, 24.39964
393, 3.93000, 22.57637
394, 3.94000, 27.74720
395, 3.95000, 33.79358
396, 3.96000, 37.37982
397, 3.97000, 21.29293
398, 3.98000, 29.64664
399, 3.99000, 24.79256
400, 4.00000, 23.91715
401, 4.01000, 27.25319
402, 4.02000, 22.64806
403, 4.03000, 22.56768
404, 4.04000, 24.79279
405, 4.05000, 19.34541
406, 4.06000, 17.51714
407, 4.07000, 14.00177
408, 4.08000, 24.26784
409, 4.09000, 25.84200
410, 4.10000, 29.31773
411, 4.11000, 36.25629
412, 4.12000, 31.46041
413, 4.13000, 22.98612
414, 4.14000, 30.17767
415, 4.15000, 31.24830
416, 4.16000, 31.31643
417, 4.17000, 27.12991
418, 4.18000, 21.86902
419, 4.19000, 25.50823
420, 4.20000, 20.97319
421, 4.21000, 20.54580
422, 4.22000, 24.58329
423, 4.23000, 20.93843
424, 4.24000, 24.42273
425, 4.25000, 23.20694
426, 4.26000, 30.86133
427, 4.27000, 36.87698
428, 4.28000, 27.96330
429, 4.29000, 21.55078
430, 4.30000, 18.07354
431, 4.31000, 21.28878
432, 4.32000, 20.20191
433, 4.33000, 22.21929
434, 4.34000, 22.22693
435, 4.35000, 28.85520
436, 4.36000, 30.57358
437, 4.37000, 27.25011
438, 4.38000, 25.81513
439, 4.39000, 26.50520
440, 4.40000, 33.88978
441, 4.41000, 33.68936
442, 4.42000, 34.55451
443, 4.43000, 37.10265
444, 4.44000, 36.47154
445, 4.45000, 32.32726
446, 4.46000, 28.90917
447, 4.47000, 23.84088
448, 4.48000, 24.07831
449, 4.49000, 23.61378
450, 4.50000, 26.56275
451, 4.51000, 18.01940
452, 4.52000, 22.13407
453, 4.53000, 23.63843
454, 4.54000, 21.90707
455, 4.55000, 22.46693
456, 4.56000, 24.99390
457, 4.57000, 27.04807
458, 4.58000, 29.56949
459, 4.59000, 26.34783
460, 4.60000, 23.99400
461, 4.61000, 31.08903
462, 4.62000, 24.38561
463, 4.63000, 30.13577
464, 4.64000, 30.00776
465, 4.65000, 24.23216
466, 4.66000, 28.03335
467, 4.67000, 29.34065
468, 4.68000, 27.33033
469, 4.69000, 29.13984
470, 4.70000, 15.77954
471, 4.71000, 23.05633
472, 4.72000, 28.09701
473, 4.73000, 26.06714
474, 4.74000, 24.10026
475, 4.75000, 29.38998
476, 4.76000, 29.51801
477, 4.77000, 27.64966
478, 4.78000, 25.19092
479, 4.79000, 24.20312
480, 4.80000, 21.29068
481, 4.81000, 19.14419
482, 4.82000, 15.26990
483, 4.83000, 16.75991
484, 4.84000, 19.37842
485, 4.85000, 19.32890
486, 4.86000, 21.50691
487, 4.87000, 22.39581
488, 4.88000, 24.40948
489, 4.89000, 23.28629
490, 4.90000, 31.89457
491, 4.91000, 26.63381
492, 4.92000, 23.14732
493, 4.93000, 20.93173
494, 4.94000, 17.64462
495, 4.95000, 20.96434
496, 4.96000, 15.72916
497, 4.97000, 24.39433
498, 4.98000, 22.24402
499, 4.99000, 17.84453
500, 5.00000, 16.80426
501, 5.01000, 18.78840
502, 5.02000, 18.60761
503, 5.03000, 26.83403
504, 5.04000, 33.39237
505, 5.05000, 24.17265
506, 5.06000, 22.65205
507, 5.07000, 22.41514
508, 5.08000, 21.87590
509, 5.09000, 13.65950
510, 5.10000, 12.11518
511, 5.11000, 24.18603
512, 5.12000, 28.02371
513, 5.13000, 26.29491
514, 5.14000, 28.69806
515, 5.15000, 24.30975
516, 5.16000, 24.15301
517, 5.17000, 27.05298
518, 5.18000, 25.16667
519, 5.19000, 25.71871
520, 5.20000, 29.15942
521, 5.21000, 33.40076
522, 5.22000, 32.88517
523, 5.23000, 28.60113
524, 5.24000, 20.85364
525, 5.25000, 25.72086
526, 5.26000, 24.57978
527, 5.27000, 24.48786
528, 5.28000, 23.80154
529, 5.29000, 24.26219
530, 5.30000, 32.59621
531, 5.31000, 27.35850
532, 5.32000, 23.82577
533, 5.33000, 26.34584
534, 5.34000, 21.66661
535, 5.35000, 20.56410
536, 5.36000, 18.73587
537, 5.37000, 20.15914
538, 5.38000, 26.53940
539, 5.39000, 29.88459
540, 5.40000, 23.89523
541, 5.41000, 21.84348
542, 5.42000, 21.56116
543, 5.43000, 26.90181
544, 5.44000, 22.71697
545, 5.45000, 20.33093
546, 5.46000, 29.81715
547, 5.47000, 27.61621
548, 5.48000, 22.93851
549, 5.49000, 23.56719
550, 5.50000, 21.92606
551, 5.51000, 20.22012
552, 5.52000, 24.88529
553, 5.53000, 29.28333
554, 5.54000, 21.02879
555, 5.55000, 24.19562
556, 5.56000, 25.42967
557, 5.57000, 25.46887
558, 5.58000, 27.90155
559, 5.59000, 29.17648
560, 5.60000, 30.46902
561, 5.61000, 24.73997
562, 5.62000, 17.53980
563, 5.63000, 23.53940
564, 5.64000, 18.06809
565, 5.65000, 17.35072
566, 5.66000, 18.10617
567, 5.67000, 22.26114
568, 5.68000, 24.30357
569, 5.69000, 30.19487
570, 5.70000, 25.98556
571, 5.71000, 31.95634
572, 5.72000, 24.49663
573, 5.73000, 21.10025
574, 5.74000, 25.03125
575, 5.75000, 18.90809
576, 5.76000, 22.27072
577, 5.77000, 20.80165
578, 5.78000, 23.85799
579, 5.79000, 16.81368
580, 5.80000, 19.31024
581, 5.81000, 25.90489
582, 5.82000, 26.71335
583, 5.83000, 28.33537
584, 5.84000, 36.53510
585, 5.85000, 27.24595
586, 5.86000, 30.13253
587, 5.87000, 18.13131
588, 5.88000, 18.05866
589, 5.89000, 18.57109
590, 5.90000, 26.74425
591, 5.91000, 25.33753
592, 5.92000, 24.54348
593, 5.93000, 23.48691
594, 5.94000, 20.00267
595, 5.95000, 21.37832
596, 5.96000, 23.70634
597, 5.97000, 21.60619
598, 5.98000, 23.46386
599, 5.99000, 33.32475
600, 6.00000, 25.37933
601, 6.01000, 31.91091
602, 6.02000, 31.63344
603, 6.03000, 23.78661
604, 6.04000, 28.97277
605, 6.05000, 25.57312
606, 6.06000, 26.65062
607, 6.07000, 22.91891
608, 6.08000, 32.45604
609, 6.09000, 23.13712
610, 6.10000, 19.44201
611, 6.11000, 25.59790
612, 6.12000, 30.03443
613, 6.13000, 26.82214
614, 6.14000, 23.47471
615, 6.15000, 26.57891
616, 6.16000, 36.02165
617, 6.17000, 35.68303
618, 6.18000, 26.25704
619, 6.19000, 19.14842
620, 6.20000, 24.77330
621, 6.21000, 24.99127
622, 6.22000, 26.75054
623, 6.23000, 26.47518
624, 6.24000, 24.29375
625, 6.25000, 23.91204
626, 6.26000, 19.90741
627, 6.27000, 20.13945
628, 6.28000, 18.50983
629, 6.29000, 16.72086
630, 6.30000, 18.31294
631, 6.31000, 22.83205
632, 6.32000, 27.14419
633, 6.33000, 26.79621
634, 6.34000, 25.31213
635, 6.35000, 26.41054
636, 6.36000, 31.03662
637, 6.37000, 28.57677
638, 6.38000, 24.04162
639, 6.39000, 30.33170
640, 6.40000, 25.43255
641, 6.41000, 22.50362
642, 6.42000, 22.71215
643, 6.43000, 21.62015
644, 6.44000, 22.89074
645, 6.45000, 30.25111
646, 6.46000, 27.75572
647, 6.47000, 23.82243
648, 6.48000, 28.70906
649, 6.49000, 26.86231
650, 6.50000, 36.47429
651, 6.51000, 23.63656
652, 6.52000, 27.91039
653, 6.53000, 26.70625
654, 6.54000, 24.74650
655, 6.55000, 20.33032
656, 6.56000, 23.14077
657, 6.57000, 19.78852
658, 6.58000, 18.82359
659, 6.59000, 19.84815
660, 6.60000, 25.78376
661, 6.61000, 20.42051
662, 6.62000, 26.29947
663, 6.63000, 25.10958
664, 6.64000, 21.48126
665, 6.65000, 28.75453
666, 6.66000, 25.69907
667, 6.67000, 20.96759
668, 6.68000, 20.20844
669, 6.69000, 27.09654
670, 6.70000, 18.18875
671, 6.71000, 16.07946
672, 6.72000, 21.04414
673, 6.73000, 24.36101
674, 6.74000, 31.95533
675, 6.75000, 24.87281
676, 6.76000, 26.82491
677, 6.77000, 29.37173
678, 6.78000, 28.60393
679, 6.79000, 28.08735
680, 6.80000, 26.25792
681, 6.81000, 30.98291
682, 6.82000, 21.35598
683, 6.83000, 25.51232
684, 6.84000, 27.26938
685, 6.85000, 29.43889
686, 6.86000, 26.01262
687, 6.87000, 25.85082
688, 6.88000, 27.92407
689, 6.89000, 23.73513
690, 6.90000, 18.24452
691, 6.91000, 18.78891
692, 6.92000, 24.08326
693, 6.93000, 23.05247
694, 6.94000, 31.24631
695, 6.95000, 28.21645
696, 6.96000, 31.04284
697, 6.97000, 27.61557
698, 6.98000, 29.71609
699, 6.99000, 22.02030
700, 7.00000, 24.78495
701, 7.01000, 20.19733
702, 7.02000, 15.35991
703, 7.03000, 18.04935
704, 7.04000, 18.06152
705, 7.05000, 13.75756
706, 7.06000, 19.11365
707, 7.07000, 17.41536
708, 7.08000, 22.99223
709, 7.09000, 24.62747
710, 7.10000, 24.51546
711, 7.11000, 28.11851
712, 7.12000, 24.25082
713, 7.13000, 27.65036
714, 7.14000, 21.81952
715, 7.15000, 22.11286
716, 7.16000, 20.22765
717, 7.17000, 24.33783
718, 7.18000, 20.57176
719, 7.19000, 25.64845
720, 7.20000, 23.24201
721, 7.21000, 23.43979
722, 7.22000, 22.07262
723, 7.23000, 30.40960
724, 7.24000, 23.83604
725, 7.25000, 28.67504
726, 7.26000, 35.70264
727, 7.27000, 24.30906
728, 7.28000, 29.08113
729, 7.29000, 31.21840
730, 7.30000, 24.28518
731, 7.31000, 20.65148
732, 7.32000, 21.28638
733, 7.33000, 20.27025
734, 7.34000, 23.69595
735, 7.35000, 19.55484
736, 7.36000, 18.79460
737, 7.37000, 27.35515
738, 7.38000, 23.58195
739, 7.39000, 23.97609
740, 7.40000, 23.09658
741, 7.41000, 23.04456
742, 7.42000, 23.30016
743, 7.43000, 24.92913
744, 7.44000, 31.95286
745, 7.45000, 28.38779
746, 7.46000, 22.21539
747, 7.47000, 23.45412
748, 7.48000, 25.93226
749, 7.49000, 27.67324
750, 7.50000, 27.01386
751, 7.51000, 32.07059
752, 7.52000, 31.87145
753, 7.53000, 24.63265
754, 7.54000, 21.35561
755, 7.55000, 21.54116
756, 7.56000, 21.03863
757, 7.57000, 25.12805
758, 7.58000, 27.90451
759, 7.59000, 21.15280
760, 7.60000, 25.88901
761, 7.61000, 27.93511
762, 7.62000, 33.25055
763, 7.63000, 26.79163
764, 7.64000, 24.44615
765, 7.65000, 23.59733
766, 7.66000, 24.67981
767, 7.67000, 25.32345
768, 7.68000, 16.48697
769, 7.69000, 21.59039
770, 7.70000, 22.53989
771, 7.71000, 15.72794
772, 7.72000, 21.07488
773, 7.73000, 22.94301
774, 7.74000, 23.75839
775, 7.75000, 31.65689
776, 7.76000, 25.16289
777, 7.77000, 19.01136
778, 7.78000, 30.14468
779, 7.79000, 20.71112
780, 7.80000, 24.55760
781, 7.81000, 25.25497
782, 7.82000, 26.29972
783, 7.83000, 28.59110
784, 7.84000, 31.54479
785, 7.85000, 26.65895
786, 7.86000, 19.64291
787, 7.87000, 31.93202
788, 7.88000, 22.37028
789, 7.89000, 22.74127
790, 7.90000, 23.67739
791, 7.91000, 26.04065
792, 7.92000, 26.59705
793, 7.93000, 23.71767
794, 7.94000, 25.62345
795, 7.95000, 22.60373
796, 7.96000, 24.32428
797, 7.97000, 29.12554
798, 7.98000, 30.12515
799, 7.99000, 23.50790
800, 8.00000, 16.95557
801, 8.01000, 15.14902
802, 8.02000, 23.70789
803, 8.03000, 23.31421
804, 8.04000, 22.17447
805, 8.05000, 20.05501
806, 8.06000, 25.01816
807, 8.07000, 26.94755
808, 8.08000, 24.30196
809, 8.09000, 27.92299
810, 8.10000, 26.65949
811, 8.11000, 30.01503
812, 8.12000, 29.30415
813, 8.13000, 21.79509
814, 8.14000, 22.15711
815, 8.15000, 20.48336
816, 8.16000, 24.46542
817, 8.17000, 26.75178
818, 8.18000, 23.18611
819, 8.19000, 27.08540
820, 8.20000, 24.55586
821, 8.21000, 27.69874
822, 8.22000, 27.38345
823, 8.23000, 34.99820
824, 8.24000, 32.43572
825, 8.25000, 33.04423
826, 8.26000, 27.58383
827, 8.27000, 19.13629
828, 8.28000, 20.45715
829, 8.29000, 24.82894
830, 8.30000, 27.31803
831, 8.31000, 18.47700
832, 8.32000, 21.13611
833, 8.33000, 15.52702
834, 8.34000, 20.80288
835, 8.35000, 31.48801
836, 8.36000, 26.72970
837, 8.37000, 25.19620
838, 8.38000, 32.84390
839, 8.39000, 25.33510
840, 8.40000, 25.71900
841, 8.41000, 29.09948
842, 8.42000, 24.02950
843, 8.43000, 27.85973
844, 8.44000, 21.85616
845, 8.45000, 20.24607
846, 8.46000, 21.05969
847, 8.47000, 20.04280
848, 8.48000, 28.35452
849, 8.49000, 21.16332
850, 8.50000, 25.21492
851, 8.51000, 24.08439
852, 8.52000, 27.90273
853, 8.53000, 34.64523
854, 8.54000, 22.13984
855, 8.55000, 23.03936
856, 8.56000, 28.25596
857, 8.57000, 26.32346
858, 8.58000, 20.31007
859, 8.59000, 19.33926
860, 8.60000, 17.83701
861, 8.61000, 20.50176
862, 8.62000, 17.08120
863, 8.63000, 20.67433
864, 8.64000, 26.75349
865, 8.65000, 25.27026
866, 8.66000, 29.89924
867, 8.67000, 23.73644
868, 8.68000, 19.61807
869, 8.69000, 16.03202
870, 8.70000, 20.51314
871, 8.71000, 20.84754
872, 8.72000, 27.88350
873, 8.73000, 20.79149
874, 8.74000, 24.41331
875, 8.75000, 26.20134
876, 8.76000, 21.28869
877, 8.77000, 26.52254
878, 8.78000, 27.24037
879, 8.79000, 26.53706
880, 8.80000, 28.05106
881, 8.81000, 25.23132
882, 8.82000, 27.84506
883, 8.83000, 27.26217
884, 8.84000, 30.64927
885, 8.85000, 22.80453
886, 8.86000, 25.81148
887, 8.87000, 29.27014
888, 8.88000, 36.33106
889, 8.89000, 26.03998
890, 8.90000, 19.65013
891, 8.91000, 20.27021
892, 8.92000, 18.63043
893, 8.93000, 20.62420
894, 8.94000, 25.67909
895, 8.95000, 29.13341
896, 8.96000, 20.64018
897, 8.97000, 22.86145
898, 8.98000, 14.09280
899, 8.99000, 19.84454
900, 9.00000, 27.25195
901, 9.01000, 24.34254
902, 9.02000, 37.72408
903, 9.03000, 34.05142
904, 9.04000, 30.55950
905, 9.05000, 24.07455
906, 9.06000, 29.31257
907, 9.07000, 23.89612
908, 9.08000, 28.47233
909, 9.09000, 30.16437
910, 9.10000, 27.64173
911, 9.11000, 24.69770
912, 9.12000, 29.97810
913, 9.13000, 31.15475
914, 9.14000, 26.86554
915, 9.15000, 30.87034
916, 9.16000, 20.84673
917, 9.17000, 18.36539
918, 9.18000, 26.00106
919, 9.19000, 34.27978
920, 9.20000, 40.94239
921, 9.21000, 28.80633
922, 9.22000, 28.46927
923, 9.23000, 24.34095
924, 9.24000, 26.58408
925, 9.25000, 29.16013
926, 9.26000, 28.79341
927, 9.27000, 32.45139
928, 9.28000, 21.78707
929, 9.29000, 19.37121
930, 9.30000, 17.04228
931, 9.31000, 21.32114
932, 9.32000, 30.51462
933, 9.33000, 26.61342
934, 9.34000, 25.73396
935, 9.35000, 35.43180
936, 9.36000, 25.91318
937, 9.37000, 21.20225
938, 9.38000, 24.91900
939, 9.39000, 30.26607
940, 9.40000, 26.53815
941, 9.41000, 26.29573
942, 9.42000, 19.21570
943, 9.43000, 28.59313
944, 9.44000, 26.63574
945, 9.45000, 26.09094
946, 9.46000, 22.70422
947, 9.47000, 20.80429
948, 9.48000, 25.13995
949, 9.49000, 33.38523
950, 9.50000, 27.10989
951, 9.51000, 35.04793
952, 9.52000, 31.92562
953, 9.53000, 32.00720
954, 9.54000, 29.49195
955, 9.55000, 25.69130
956, 9.56000, 25.81364
957, 9.57000, 27.10160
958, 9.58000, 22.46219
959, 9.59000, 22.81164
960, 9.60000, 22.90717
961, 9.61000, 15.71540
962, 9.62000, 13.95801
963, 9.63000, 14.73842
964, 9.64000, 15.85917
965, 9.65000, 19.09615
966, 9.66000, 29.66596
967, 9.67000, 30.75532
968, 9.68000, 23.28245
969, 9.69000, 27.41336
970, 9.70000, 22.92422
971, 9.71000, 25.55683
972, 9.72000, 26.32646
973, 9.73000, 34.61898
974, 9.74000, 28.22971
975, 9.75000, 25.87691
976, 9.76000, 23.71101
977, 9.77000, 21.19380
978, 9.78000, 20.21125
979, 9.79000, 29.70860
980, 9.80000, 30.35022
981, 9.81000, 22.48415
982, 9.82000, 29.38587
983, 9.83000, 27.59449
984, 9.84000, 25.63631
985, 9.85000, 25.84155
986, 9.86000, 24.58333
987, 9.87000, 23.41996
988, 9.88000, 27.87784
989, 9.89000, 28.52407
990, 9.90000, 20.28115
991, 9.91000, 17.74532
992, 9.92000, 21.90737
993, 9.93000, 21.68574
994, 9.94000, 23.50491
995, 9.95000, 24.77239
996, 9.96000, 20.92312
997, 9.97000, 26.31536
998, 9.98000, 34.70097
999, 9.99000, 36.27027
1000, 10.00000, 22.23879
1001, 10.01000, 21.56034
1002, 10.02000, 22.63452
1003, 10.03000, 16.74549
1004, 10.04000, 19.78454
1005, 10.05000, 21.47331
1006, 10.06000, 23.77208
1007, 10.07000, 25.80467
1008, 10.08000, 31.77346
1009, 10.09000, 29.60885
1010, 10.10000, 15.79490
1011, 10.11000, 15.59043
1012, 10.12000, 20.23976
1013, 10.13000, 25.15791
1014, 10.14000, 23.81627
1015, 10.15000, 22.36867
1016, 10.16000, 23.72154
1017, 10.17000, 18.06579
1018, 10.18000, 21.28298
1019, 10.19000, 20.08440
1020, 10.20000, 23.94743
1021, 10.21000, 21.86564
1022, 10.22000, 27.25854
1023, 10.23000, 24.09652
1024, 10.24000, 30.44208
1025, 10.25000, 21.40300
1026, 10.26000, 24.20017
1027, 10.27000, 20.01119
1028, 10.28000, 21.04266
1029, 10.29000, 26.87344
1030, 10.30000, 26.67340
1031, 10.31000, 18.38421
1032, 10.32000, 22.02842
1033, 10.33000, 19.38656
1034, 10.34000, 21.52562
1035, 10.35000, 27.03836
1036, 10.36000, 28.05733
1037, 10.37000, 22.07905
1038, 10.38000, 22.73780
1039, 10.39000, 22.33778
1040, 10.40000, 23.91518
1041, 10.41000, 21.45144
1042, 10.42000, 19.61935
1043, 10.43000, 29.57403
1044, 10.44000, 25.47675
1045, 10.45000, 24.66780
1046, 10.46000, 23.45696
1047, 10.47000, 28.76880
1048, 10.48000, 24.21657
1049, 10.49000, 29.64668
1050, 10.50000, 26.39577
1051, 10.51000, 25.66073
1052, 10.52000, 23.95960
1053, 10.53000, 25.89286
1054, 10.54000, 28.32474
1055, 10.55000, 30.09692
1056, 10.56000, 23.74349
1057, 10.57000, 17.53390
1058, 10.58000, 19.95865
1059, 10.59000, 21.00223
1060, 10.60000, 20.29180
1061, 10.61000, 19.60919
1062, 10.62000, 28.39612
1063, 10.63000, 29.36487
1064, 10.64000, 27.70890
1065, 10.65000, 33.51191
1066, 10.66000, 27.05902
1067, 10.67000, 19.50905
1068, 10.68000, 24.86466
1069, 10.69000, 25.13927
1070, 10.70000, 19.16011
1071, 10.71000, 21.07873
1072, 10.72000, 24.63498
1073, 10.73000, 20.91001
1074, 10.74000, 30.10690
1075, 10.75000, 29.76971
1076, 10.76000, 29.88090
1077, 10.77000, 19.90974
1078, 10.78000, 29.45190
1079, 10.79000, 21.34069
1080, 10.80000, 21.62905
1081, 10.81000, 22.10541
1082, 10.82000, 20.96799
1083, 10.83000, 28.31278
1084, 10.84000, 25.15993
1085, 10.85000, 26.60881
1086, 10.86000, 27.34671
1087, 10.87000, 27.91704
1088, 10.88000, 23.12361
1089, 10.89000, 24.65158
1090, 10.90000, 20.77138
1091, 10.91000, 24.93428
1092, 10.92000, 24.81790
1093, 10.93000, 19.12265
1094, 10.94000, 30.01381
1095, 10.95000, 27.73324
1096, 10.96000, 30.19765
1097, 10.97000, 22.38042
1098, 10.98000, 26.48886
1099, 10.99000, 22.31702
1100, 11.00000, 26.54356
1101, 11.01000, 21.39495
1102, 11.02000, 20.20201
1103, 11.03000, 23.48522
1104, 11.04000, 24.09251
1105, 11.05000, 27.73240
1106, 11.06000, 28.09806
1107, 11.07000, 32.90166
1108, 11.08000, 26.61342
1109, 11.09000, 31.27261
1110, 11.10000, 33.63102
1111, 11.11000, 22.11381
1112, 11.12000, 23.15891
1113, 11.13000, 25.45476
1114, 11.14000, 24.04676
1115, 11.15000, 23.86580
1116, 11.16000, 28.07054
1117, 11.17000, 25.73169
1118, 11.18000, 18.44154
1119, 11.19000, 18.43067
1120, 11.20000, 17.28974
1121, 11.21000, 16.47274
1122, 11.22000, 19.26279
1123, 11.23000, 19.61411
1124, 11.24000, 34.57602
1125, 11.25000, 27.85169
1126, 11.26000, 30.94083
1127, 11.27000, 25.52012
1128, 11.28000, 27.21475
1129, 11.29000, 26.96592
1130, 11.30000, 30.64728
1131, 11.31000, 24.60604
1132, 11.32000, 20.16347
1133, 11.33000, 25.48540
1134, 11.34000, 21.31657
1135, 11.35000, 20.06607
1136, 11.36000, 15.83264
1137, 11.37000, 14.48038
1138, 11.38000, 23.63509
1139, 11.39000, 22.49083
1140, 11.40000, 18.50016
1141, 11.41000, 26.64155
1142, 11.42000, 27.20167
1143, 11.43000, 25.12643
1144, 11.44000, 27.85379
1145, 11.45000, 22.44833
1146, 11.46000, 23.13389
1147, 11.47000, 22.39269
1148, 11.48000, 21.04185
1149, 11.49000, 18.78057
1150, 11.50000, 24.17532
1151, 11.51000, 26.26984
1152, 11.52000, 25.04019
1153, 11.53000, 22.11817
1154, 11.54000, 27.61155
1155, 11.55000, 27.53791
1156, 11.56000, 28.86616
1157, 11.57000, 23.56095
1158, 11.58000, 22.57103
1159, 11.59000, 26.03811
1160, 11.60000, 21.80203
1161, 11.61000, 22.36828
1162, 11.62000, 21.60215
1163, 11.63000, 25.06507
1164, 11.64000, 24.35806
1165, 11.65000, 34.29936
1166, 11.66000, 27.90176
1167, 11.67000, 24.55212
1168, 11.68000, 27.02475
1169, 11.69000, 30.71914
1170, 11.70000, 22.97751
1171, 11.71000, 19.63747
1172, 11.72000, 30.27885
1173, 11.73000, 30.28821
1174, 11.74000, 40.05896
1175, 11.75000, 24.50958
1176, 11.76000, 25.21201
1177, 11.77000, 26.12126
1178, 11.78000, 23.20134
1179, 11.79000, 28.23541
1180, 11.80000, 29.21821
1181, 11.81000, 27.47756
1182, 11.82000, 22.61066
1183, 11.83000, 24.31112
1184, 11.84000, 21.83066
1185, 11.85000, 20.12832
1186, 11.86000, 19.23780
1187, 11.87000, 26.92214
1188, 11.88000, 25.56585
1189, 11.89000, 19.89793
1190, 11.90000, 22.31742
1191, 11.91000, 26.50572
1192, 11.92000, 26.37328
1193, 11.93000, 26.56209
1194, 11.94000, 22.97508
1195, 11.95000, 23.92038
1196, 11.96000, 23.84937
1197, 11.97000, 30.27824
1198, 11.98000, 24.06076
1199, 11.99000, 22.18419
1200, 12.00000, 24.26532
1201, 12.01000, 27.96474
1202, 12.02000, 37.06822
1203, 12.03000, 29.28292
1204, 12.04000, 26.97311
1205, 12.05000, 24.17505
1206, 12.06000, 20.41021
1207, 12.07000, 27.01824
1208, 12.08000, 30.03266
1209, 12.09000, 29.05604
1210, 12.10000, 31.76972
1211, 12.11000, 29.30268
1212, 12.12000, 31.00742
1213, 12.13000, 28.52409
1214, 12.14000, 26.66627
1215, 12.15000, 21.84543
1216, 12.16000, 22.90582
1217, 12.17000, 26.12049
1218, 12.18000, 24.23028
1219, 12.19000, 33.10124
1220, 12.20000, 23.75617
1221, 12.21000, 27.38219
1222, 12.22000, 28.41390
1223, 12.23000, 27.95089
1224, 12.24000, 26.30009
1225, 12.25000, 27.80046
1226, 12.26000, 29.86810
1227, 12.27000, 28.16434
1228, 12.28000, 23.72824
1229, 12.29000, 26.47551
1230, 12.30000, 19.93783
1231, 12.31000, 28.88736
1232, 12.32000, 27.14924
1233, 12.33000, 26.41923
1234, 12.34000, 19.31529
1235, 12.35000, 22.08798
1236, 12.36000, 28.25562
1237, 12.37000, 29.40895
1238, 12.38000, 19.99393
1239, 12.39000, 23.04752
1240, 12.40000, 26.47662
1241, 12.41000, 22.08979
1242, 12.42000, 20.88304
1243, 12.43000, 17.07782
1244, 12.44000, 18.71297
1245, 12.45000, 20.63490
1246, 12.46000, 20.57260
1247, 12.47000, 17.27711
1248, 12.48000, 21.64684
1249, 12.49000, 26.00251
1250, 12.50000, 29.13754
1251, 12.51000, 30.60715
1252, 12.52000, 34.97883
1253, 12.53000, 34.90893
1254, 12.54000, 24.54626
1255, 12.55000, 24.04992
1256, 12.56000, 22.28837
1257, 12.57000, 26.94355
1258, 12.58000, 21.34991
1259, 12.59000, 28.53516
1260, 12.60000, 23.60698
1261, 12.61000, 25.86904
1262, 12.62000, 21.66550
1263, 12.63000, 19.60506
1264, 12.64000, 14.25993
1265, 12.65000, 22.04478
1266, 12.66000, 22.60166
1267, 12.67000, 21.13113
1268, 12.68000, 27.52506
1269, 12.69000, 36.05886
1270, 12.70000, 22.98914
1271, 12.71000, 26.52325
1272, 12.72000, 30.05409
1273, 12.73000, 21.82911
1274, 12.74000, 23.07298
1275, 12.75000, 16.04881
1276, 12.76000, 21.11267
1277, 12.77000, 20.89358
1278, 12.78000, 20.44184
1279, 12.79000, 19.40004
1280, 12.80000, 27.18324
1281, 12.81000, 21.24899
1282, 12.82000, 18.07034
1283, 12.83000, 20.39549
1284, 12.84000, 29.20220
1285, 12.85000, 27.01290
1286, 12.86000, 23.65648
1287, 12.87000, 27.31675
1288, 12.88000, 29.03303
1289, 12.89000, 26.10774
1290, 12.90000, 20.16934
1291, 12.91000, 25.73503
1292, 12.92000, 27.99676
1293, 12.93000, 25.64324
1294, 12.94000, 28.59401
1295, 12.95000, 29.59266
1296, 12.96000, 26.42244
1297, 12.97000, 22.06207
1298, 12.98000, 25.22224
1299, 12.99000, 28.52965
1300, 13.00000, 25.71565
1301, 13.01000, 21.98461
1302, 13.02000, 14.76190
1303, 13.03000, 17.46516
1304, 13.04000, 24.40153
1305, 13.05000, 18.73349
1306, 13.06000, 21.91007
1307, 13.07000, 24.26061
1308, 13.08000, 21.31454
1309, 13.09000, 23.76027
1310, 13.10000, 17.02213
1311, 13.11000, 25.94836
1312, 13.12000, 25.66438
1313, 13.13000, 22.47242
1314, 13.14000, 29.79387
1315, 13.15000, 28.26980
1316, 13.16000, 30.01246
1317, 13.17000, 27.07163
1318, 13.18000, 26.04061
1319, 13.19000, 27.63228
1320, 13.20000, 29.46440
1321, 13.21000, 18.30086
1322, 13.22000, 20.47473
1323, 13.23000, 22.45313
1324, 13.24000, 25.73721
1325, 13.25000, 25.46480
1326, 13.26000, 23.32303
1327, 13.27000, 25.45212
1328, 13.28000, 24.38194
1329, 13.29000, 31.73141
1330, 13.30000, 21.53313
1331, 13.31000, 28.85907
1332, 13.32000, 27.84897
1333, 13.33000, 19.53097
1334, 13.34000, 21.12430
1335, 13.35000, 21.16963
1336, 13.36000, 20.50397
1337, 13.37000, 22.80991
1338, 13.38000, 20.69558
1339, 13.39000, 28.57074
1340, 13.40000, 27.38003
1341, 13.41000, 28.55789
1342, 13.42000, 23.12438
1343, 13.43000, 23.91196
1344, 13.44000, 22.59851
1345, 13.45000, 20.84708
1346, 13.46000, 29.87544
1347, 13.47000, 32.04251
1348, 13.48000, 25.45459
1349, 13.49000, 21.58892
1350, 13.50000, 22.38692
1351, 13.51000, 20.66271
1352, 13.52000, 18.73898
1353, 13.53000, 27.08740
1354, 13.54000, 28.87464
1355, 13.55000, 23.18967
1356, 13.56000, 20.46894
1357, 13.57000, 21.40705
1358, 13.58000, 23.52680
1359, 13.59000, 23.59017
1360, 13.60000, 21.59043
1361, 13.61000, 16.46183
1362, 13.62000, 21.89495
1363, 13.63000, 35.50379
1364, 13.64000, 23.03084
1365, 13.65000, 20.46715
1366, 13.66000, 26.70287
1367, 13.67000, 25.09067
1368, 13.68000, 21.60938
1369, 13.69000, 22.90069
1370, 13.70000, 22.28511
1371, 13.71000, 20.15600
1372, 13.72000, 29.29844
1373, 13.73000, 27.55037
1374, 13.74000, 16.81463
1375, 13.75000, 29.98410
1376, 13.76000, 19.26307
1377, 13.77000, 24.52088
1378, 13.78000, 26.72045
1379, 13.79000, 27.22111
1380, 13.80000, 19.38342
1381, 13.81000, 20.72154
1382, 13.82000, 26.35561
1383, 13.83000, 22.47876
1384, 13.84000, 22.06023
1385, 13.85000, 19.73600
1386, 13.86000, 16.91252
1387, 13.87000, 26.48725
1388, 13.88000, 26.90763
1389, 13.89000, 21.83884
1390, 13.90000, 23.35723
1391, 13.91000, 27.15879
1392, 13.92000, 24.00917
1393, 13.93000, 25.92314
1394, 13.94000, 36.52585
1395, 13.95000, 29.90209
1396, 13.96000, 34.45662
1397, 13.97000, 22.26607
1398, 13.98000, 23.78182
1399, 13.99000, 19.80140
1400, 14.00000, 16.82260
1401, 14.01000, 16.84747
1402, 14.02000, 17.17544
1403, 14.03000, 14.11757
1404, 14.04000, 18.41037
1405, 14.05000, 20.03899
1406, 14.06000, 23.23882
1407, 14.07000, 25.50667
1408, 14.08000, 27.10235
1409, 14.09000, 26.92095
1410, 14.10000, 30.19194
1411, 14.11000, 26.03168
1412, 14.12000, 24.37025
1413, 14.13000, 25.40139
1414, 14.14000, 33.88608
1415, 14.15000, 28.29380
1416, 14.16000, 22.03471
1417, 14.17000, 19.50483
1418, 14.18000, 25.43792
1419, 14.19000, 27.81319
1420, 14.20000, 28.47468
1421, 14.21000, 28.81843
1422, 14.22000, 22.80161
1423, 14.23000, 21.72831
1424, 14.24000, 27.20052
1425, 14.25000, 31.20945
1426, 14.26000, 30.23398
1427, 14.27000, 32.40604
1428, 14.28000, 31.52967
1429, 14.29000, 26.90322
1430, 14.30000, 21.05819
1431, 14.31000, 28.21943
1432, 14.32000, 24.60525
1433, 14.33000, 18.58879
1434, 14.34000, 19.32792
1435, 14.35000, 19.47694
1436, 14.36000, 15.62731
1437, 14.37000, 16.26966
1438, 14.38000, 26.34586
1439, 14.39000, 23.42816
1440, 14.40000, 28.06362
1441, 14.41000, 31.03823
1442, 14.42000, 30.68885
1443, 14.43000, 31.33913
1444, 14.44000, 26.04945
1445, 14.45000, 21.61700
1446, 14.46000, 21.93327
1447, 14.47000, 25.33270
1448, 14.48000, 23.83009
1449, 14.49000, 15.80847
1450, 14.50000, 16.37100
1451, 14.51000, 13.04392
1452, 14.52000, 18.98266
1453, 14.53000, 24.31153
1454, 14.54000, 24.86558
1455, 14.55000, 25.67777
1456, 14.56000, 22.34499
1457, 14.57000, 22.72046
1458, 14.58000, 27.88126
1459, 14.59000, 27.60875
1460, 14.60000, 25.44564
1461, 14.61000, 23.13173
1462, 14.62000, 20.88006
1463, 14.63000, 23.11409
1464, 14.64000, 27.56594
1465, 14.65000, 29.85895
1466, 14.66000, 26.09422
1467, 14.67000, 17.85475
1468, 14.68000, 15.86862
1469, 14.69000, 19.32157
1470, 14.70000, 22.48417
1471, 14.71000, 23.65845
1472, 14.72000, 28.63192
1473, 14.73000, 30.27189
1474, 14.74000, 21.31034
1475, 14.75000, 24.08620
1476, 14.76000, 20.99993
1477, 14.77000, 19.23414
1478, 14.78000, 25.32272
1479, 14.79000, 26.00741
1480, 14.80000, 24.51655
1481, 14.81000, 24.55199
1482, 14.82000, 29.63139
1483, 14.83000, 26.36877
1484, 14.84000, 25.58665
1485, 14.85000, 19.92959
1486, 14.86000, 19.66688
1487, 14.87000, 25.29552
1488, 14.88000, 22.02764
1489, 14.89000, 26.57554
1490, 14.90000, 24.17561
1491, 14.91000, 19.84692
1492, 14.92000, 16.49247
1493, 14.93000, 28.13535
1494, 14.94000, 25.35568
1495, 14.95000, 19.82290
1496, 14.96000, 19.79459
1497, 14.97000, 24.76454
1498, 14.98000, 19.63549
1499, 14.99000, 16.93442
1500, 15.00000, 23.76763
1501, 15.01000, 23.08524
1502, 15.02000, 28.55233
1503, 15.03000, 31.65701
1504, 15.04000, 28.18881
1505, 15.05000, 31.41330
1506, 15.06000, 33.18480
1507, 15.07000, 27.67818
1508, 15.08000, 24.78193
1509, 15.09000, 20.22956
1510, 15.10000, 30.60842
1511, 15.11000, 27.61909
1512, 15.12000, 24.65240
1513, 15.13000, 22.91936
1514, 15.14000, 23.66274
1515, 15.15000, 29.07419
1516, 15.16000, 30.37121
1517, 15.17000, 28.41309
1518, 15.18000, 23.87448
1519, 15.19000, 28.26166
1520, 15.20000, 26.03366
1521, 15.21000, 32.38548
1522, 15.22000, 31.13426
1523, 15.23000, 29.52721
1524, 15.24000, 22.73838
1525, 15.25000, 24.93261
1526, 15.26000, 16.89917
1527, 15.27000, 16.07081
1528, 15.28000, 22.14097
1529, 15.29000, 27.33937
1530, 15.30000, 27.48033
1531, 15.31000, 29.78834
1532, 15.32000, 25.76756
1533, 15.33000, 29.31711
1534, 15.34000, 26.84292
1535, 15.35000, 20.69182
1536, 15.36000, 23.48391
1537, 15.37000, 31.23094
1538, 15.38000, 33.16422
1539, 15.39000, 29.45644
1540, 15.40000, 27.56473
1541, 15.41000, 26.24410
1542, 15.42000, 27.25892
1543, 15.43000, 23.55730
1544, 15.44000, 27.98184
1545, 15.45000, 31.83977
1546, 15.46000, 32.23772
1547, 15.47000, 26.41319
1548, 15.48000, 26.51247
1549, 15.49000, 26.50196
1550, 15.50000, 23.24607
1551, 15.51000, 17.09855
1552, 15.52000, 23.44827
1553, 15.53000, 26.48554
1554, 15.54000, 33.03083
1555, 15.55000, 24.31335
1556, 15.56000, 26.62505
1557, 15.57000, 19.63197
1558, 15.58000, 19.30501
1559, 15.59000, 27.34543
1560, 15.60000, 24.14749
1561, 15.61000, 22.66929
1562, 15.62000, 16.55473
1563, 15.63000, 18.60133
1564, 15.64000, 21.43275
1565, 15.65000, 19.71013
1566, 15.66000, 22.22174
1567, 15.67000, 20.82186
1568, 15.68000, 27.64799
1569, 15.69000, 26.79874
1570, 15.70000, 22.97177
1571, 15.71000, 21.19740
1572, 15.72000, 28.17869
1573, 15.73000, 25.88747
1574, 15.74000, 25.92094
1575, 15.75000, 21.63854
1576, 15.76000, 24.95605
1577, 15.77000, 21.65110
1578, 15.78000, 20.41988
1579, 15.79000, 25.92287
1580, 15.80000, 17.81507
1581, 15.81000, 16.32181
1582, 15.82000, 25.85483
1583, 15.83000, 31.62983
1584, 15.84000, 21.24324
1585, 15.85000, 27.20032
1586, 15.86000, 33.98674
1587, 15.87000, 25.61156
1588, 15.88000, 25.89732
1589, 15.89000, 20.33517
1590, 15.90000, 25.00622
1591, 15.91000, 20.44909
1592, 15.92000, 21.67005
1593, 15.93000, 24.40944
1594, 15.94000, 27.95072
1595, 15.95000, 26.74496
1596, 15.96000, 25.18794
1597, 15.97000, 20.42904
1598, 15.98000, 25.65238
1599, 15.99000, 24.15637
1600, 16.00000, 27.21996
1601, 16.01000, 28.95955
1602, 16.02000, 27.25672
1603, 16.03000, 20.73375
1604, 16.04000, 22.27148
1605, 16.05000, 25.00952
1606, 16.06000, 22.23764
1607, 16.07000, 16.73520
1608, 16.08000, 18.30807
1609, 16.09000, 20.11565
1610, 16.10000, 20.52639
1611, 16.11000, 22.88127
1612, 16.12000, 24.34303
1613, 16.13000, 19.58359
1614, 16.14000, 23.15489
1615, 16.15000, 23.53526
1616, 16.16000, 31.92795
1617, 16.17000, 35.15605
1618, 16.18000, 27.47531
1619, 16.19000, 26.94195
1620, 16.20000, 25.63423
1621, 16.21000, 23.23084
1622, 16.22000, 28.03330
1623, 16.23000, 27.58291
1624, 16.24000, 24.08808
1625, 16.25000, 25.71673
1626, 16.26000, 21.01362
1627, 16.27000, 21.71384
1628, 16.28000, 24.01971
1629, 16.29000, 26.17302
1630, 16.30000, 27.31555
1631, 16.31000, 22.87090
1632, 16.32000, 26.21738
1633, 16.33000, 28.14620
1634, 16.34000, 26.64898
1635, 16.35000, 26.12942
1636, 16.36000, 26.51039
1637, 16.37000, 23.36874
1638, 16.38000, 18.68028
1639, 16.39000, 21.12028
1640, 16.40000, 26.53444
1641, 16.41000, 29.08088
1642, 16.42000, 26.99477
1643, 16.43000, 22.41927
1644, 16.44000, 28.05858
1645, 16.45000, 26.53192
1646, 16.46000, 23.97481
1647, 16.47000, 23.82769
1648, 16.48000, 25.61477
1649, 16.49000, 28.74318
1650, 16.50000, 29.55492
1651, 16.51000, 19.42045
1652, 16.52000, 21.65640
1653, 16.53000, 17.62159
1654, 16.54000, 15.70289
1655, 16.55000, 19.54882
1656, 16.56000, 27.42574
1657, 16.57000, 23.81332
1658, 16.58000, 26.27276
1659, 16.59000, 22.10986
1660, 16.60000, 24.71809
1661, 16.61000, 24.51541
1662, 16.62000, 26.70627
1663, 16.63000, 21.70217
1664, 16.64000, 29.34624
1665, 16.65000, 32.20725
1666, 16.66000, 22.40432
1667, 16.67000, 25.24215
1668, 16.68000, 28.78849
1669, 16.69000, 22.19513
1670, 16.70000, 19.41986
1671, 16.71000, 15.64478
1672, 16.72000, 20.60634
1673, 16.73000, 23.38326
1674, 16.74000, 20.00413
1675, 16.75000, 22.85253
1676, 16.76000, 23.25614
1677, 16.77000, 24.77388
1678, 16.78000, 22.71409
1679, 16.79000, 23.01373
1680, 16.80000, 21.82493
1681, 16.81000, 28.53639
1682, 16.82000, 30.30809
1683, 16.83000, 28.91256
1684, 16.84000, 25.77921
1685, 16.85000, 22.81197
1686, 16.86000, 27.70557
1687, 16.87000, 24.08730
1688, 16.88000, 22.85954
1689, 16.89000, 25.59109
1690, 16.90000, 22.02925
1691, 16.91000, 18.88468
1692, 16.92000, 21.09997
1693, 16.93000, 28.36314
1694, 16.94000, 21.38390
1695, 16.95000, 31.29518
1696, 16.96000, 30.29952
1697, 16.97000, 31.36560
1698, 16.98000, 23.89241
1699, 16.99000, 27.44486
1700, 17.00000, 21.61197
1701, 17.01000, 23.71432
1702, 17.02000, 23.39466
1703, 17.03000, 19.87798
1704, 17.04000, 20.36657
1705, 17.05000, 20.12510
1706, 17.06000, 18.73733
1707, 17.07000, 19.68192
1708, 17.08000, 30.64829
1709, 17.09000, 31.20998
1710, 17.10000, 30.51733
1711, 17.11000, 28.26540
1712, 17.12000, 36.17456
1713, 17.13000, 34.12072
1714, 17.14000, 27.30921
1715, 17.15000, 20.35401
1716, 17.16000, 22.07075
1717, 17.17000, 23.35595
1718, 17.18000, 22.39420
1719, 17.19000, 18.69129
1720, 17.20000, 18.01050
1721, 17.21000, 17.82052
1722, 17.22000, 19.74704
1723, 17.23000, 23.71078
1724, 17.24000, 24.87024
1725, 17.25000, 26.62870
1726, 17.26000, 27.71490
1727, 17.27000, 34.89898
1728, 17.28000, 27.29995
1729, 17.29000, 25.36815
1730, 17.30000, 24.34380
1731, 17.31000, 20.48759
1732, 17.32000, 29.52630
1733, 17.33000, 26.53210
1734, 17.34000, 25.22197
1735, 17.35000, 24.41353
1736, 17.36000, 22.89486
1737, 17.37000, 16.59634
1738, 17.38000, 16.73918
1739, 17.39000, 17.61735
1740, 17.40000, 14.08131
1741, 17.41000, 18.98548
1742, 17.42000, 27.27283
1743, 17.43000, 22.06597
1744, 17.44000, 20.28324
1745, 17.45000, 22.39540
1746, 17.46000, 22.99382
1747, 17.47000, 23.27951
1748, 17.48000, 23.89480
1749, 17.49000, 23.05543
1750, 17.50000, 22.07601
1751, 17.51000, 22.97053
1752, 17.52000, 26.39897
1753, 17.53000, 30.37926
1754, 17.54000, 24.14619
1755, 17.55000, 25.72122
1756, 17.56000, 22.86148
1757, 17.57000, 23.94659
1758, 17.58000, 27.67994
1759, 17.59000, 25.74526
1760, 17.60000, 26.25592
1761, 17.61000, 26.87133
1762, 17.62000, 22.88972
1763, 17.63000, 18.81115
1764, 17.64000, 18.84557
1765, 17.65000, 23.70011
1766, 17.66000, 26.86880
1767, 17.67000, 21.72067
1768, 17.68000, 16.55807
1769, 17.69000, 19.22544
1770, 17.70000, 23.34698
1771, 17.71000, 22.09255
1772, 17.72000, 24.70800
1773, 17.73000, 19.95159
1774, 17.74000, 25.73050
1775, 17.75000, 26.94032
1776, 17.76000, 26.25742
1777, 17.77000, 20.62628
1778, 17.78000, 15.00412
1779, 17.79000, 21.09523
1780, 17.80000, 23.06290
1781, 17.81000, 18.91190
1782, 17.82000, 20.50588
1783, 17.83000, 20.87758
1784, 17.84000, 26.35372
1785, 17.85000, 26.20525
1786, 17.86000, 24.30780
1787, 17.87000, 22.10062
1788, 17.88000, 30.54027
1789, 17.89000, 25.83976
1790, 17.90000, 23.98120
1791, 17.91000, 21.14994
1792, 17.92000, 22.97385
1793, 17.93000, 23.50859
1794, 17.94000, 20.45881
1795, 17.95000, 18.21753
1796, 17.96000, 25.10635
1797, 17.97000, 23.11097
1798, 17.98000, 20.05262
1799, 17.99000, 22.75050
1800, 18.00000, 18.07373
1801, 18.01000, 26.06200
1802, 18.02000, 20.19072
1803, 18.03000, 21.91991
1804, 18.04000, 25.62400
1805, 18.05000, 31.09082
1806, 18.06000, 22.90264
1807, 18.07000, 25.96577
1808, 18.08000, 26.01169
1809, 18.09000, 18.56213
1810, 18.10000, 19.12534
1811, 18.11000, 15.38359
1812, 18.12000, 15.47698
1813, 18.13000, 20.36455
1814, 18.14000, 21.87564
1815, 18.15000, 19.84040
1816, 18.16000, 18.70971
1817, 18.17000, 20.44419
1818, 18.18000, 19.29210
1819, 18.19000, 23.26988
1820, 18.20000, 20.85651
1821, 18.21000, 25.84292
1822, 18.22000, 39.84017
1823, 18.23000, 30.92117
1824, 18.24000, 27.06758
1825, 18.25000, 28.48176
1826, 18.26000, 22.55427
1827, 18.27000, 22.77895
1828, 18.28000, 21.98435
1829, 18.29000, 23.53538
1830, 18.30000, 31.33838
1831, 18.31000, 29.66637
1832, 18.32000, 24.93328
1833, 18.33000, 21.69971
1834, 18.34000, 24.72207
1835, 18.35000, 22.57297
1836, 18.36000, 24.05272
1837, 18.37000, 24.31509
1838, 18.38000, 25.28882
1839, 18.39000, 31.98516
1840, 18.40000, 31.14003
1841, 18.41000, 23.00526
1842, 18.42000, 33.54172
1843, 18.43000, 24.79827
1844, 18.44000, 24.62427
1845, 18.45000, 25.20172
1846, 18.46000, 23.07346
1847, 18.47000, 19.09206
1848, 18.48000, 18.76411
1849, 18.49000, 22.05138
1850, 18.50000, 23.34981
1851, 18.51000, 24.58353
1852, 18.52000, 21.92350
1853, 18.53000, 24.14445
1854, 18.54000, 27.63100
1855, 18.55000, 25.62331
1856, 18.56000, 25.10824
1857, 18.57000, 24.27485
1858, 18.58000, 18.85917
1859, 18.59000, 22.12196
1860, 18.60000, 23.85776
1861, 18.61000, 22.44922
1862, 18.62000, 21.73821
1863, 18.63000, 21.10563
1864, 18.64000, 23.47267
1865, 18.65000, 27.12858
1866, 18.66000, 24.53405
1867, 18.67000, 18.25576
1868, 18.68000, 22.69337
1869, 18.69000, 16.67466
1870, 18.70000, 26.69906
1871, 18.71000, 20.85944
1872, 18.72000, 26.80597
1873, 18.73000, 18.19226
1874, 18.74000, 15.82767
1875, 18.75000, 15.25016
1876, 18.76000, 22.65971
1877, 18.77000, 21.87300
1878, 18.78000, 20.55062
1879, 18.79000, 17.16815
1880, 18.80000, 18.09192
1881, 18.81000, 18.47652
1882, 18.82000, 19.03369
1883, 18.83000, 19.14249
1884, 18.84000, 18.14311
1885, 18.85000, 16.07800
1886, 18.86000, 19.16763
1887, 18.87000, 27.88209
1888, 18.88000, 20.75656
1889, 18.89000, 18.53691
1890, 18.90000, 20.17580
1891, 18.91000, 15.21996
1892, 18.92000, 16.81103
1893, 18.93000, 19.29856
1894, 18.94000, 18.63823
1895, 18.95000, 21.55821
1896, 18.96000, 21.96331
1897, 18.97000, 18.52565
1898, 18.98000, 18.25285
1899, 18.99000, 19.78083
1900, 19.00000, 21.73766
1901, 19.01000, 19.28494
1902, 19.02000, 24.88914
1903, 19.03000, 23.60921
1904, 19.04000, 21.16775
1905, 19.05000, 16.21338
1906, 19.06000, 17.49249
1907, 19.07000, 16.20724
1908, 19.08000, 13.69825
1909, 19.09000, 16.14659
1910, 19.10000, 16.86658
1911, 19.11000, 16.57422
1912, 19.12000, 16.15847
1913, 19.13000, 15.80073
1914, 19.14000, 19.10582
1915, 19.15000, 20.65608
1916, 19.16000, 21.77548
1917, 19.17000, 26.73647
1918, 19.18000, 20.30449
1919, 19.19000, 23.36027
1920, 19.20000, 20.69937
1921, 19.21000, 17.61850
1922, 19.22000, 19.75817
1923, 19.23000, 23.88832
1924, 19.24000, 24.25981
1925, 19.25000, 17.83483
1926, 19.26000, 15.21912
1927, 19.27000, 17.82703
1928, 19.28000, 18.88718
1929, 19.29000, 20.08633
1930, 19.30000, 18.28225
1931, 19.31000, 16.45924
1932, 19.32000, 21.74163
1933, 19.33000, 17.03944
1934, 19.34000, 21.20715
1935, 19.35000, 21.37244
1936, 19.36000, 17.46343
1937, 19.37000, 15.81199
1938, 19.38000, 18.26784
1939, 19.39000, 22.84113
1940, 19.40000, 16.87376
1941, 19.41000, 17.68912
1942, 19.42000, 17.05065
1943, 19.43000, 20.36848
1944, 19.44000, 16.50572
1945, 19.45000, 13.47827
1946, 19.46000, 13.85226
1947, 19.47000, 15.38376
1948, 19.48000, 14.99145
1949, 19.49000, 23.92920
1950, 19.50000, 21.38147
1951, 19.51000, 16.98006
1952, 19.52000, 15.12142
1953, 19.53000, 18.00050
1954, 19.54000, 16.29610
1955, 19.55000, 16.53210
1956, 19.56000, 18.10044
1957, 19.57000, 18.13651
1958, 19.58000, 17.47934
1959, 19.59000, 16.22846
1960, 19.60000, 15.79156
1961, 19.61000, 17.42085
1962, 19.62000, 20.07214
1963, 19.63000, 16.58011
1964, 19.64000, 15.93371
1965, 19.65000, 16.29979
1966, 19.66000, 19.33887
1967, 19.67000, 20.65760
1968, 19.68000, 16.16006
1969, 19.69000, 18.99564
1970, 19.70000, 15.97334
1971, 19.71000, 17.21033
1972, 19.72000, 22.22208
1973, 19.73000, 19.62869
1974, 19.74000, 15.27183
1975, 19.75000, 19.25122
1976, 19.76000, 15.73413
1977, 19.77000, 11.20774
1978, 19.78000, 15.39460
1979, 19.79000, 21.23398
1980, 19.80000, 18.71032
1981, 19.81000, 19.02173
1982, 19.82000, 23.28063
1983, 19.83000, 18.31236
1984, 19.84000, 16.53532
1985, 19.85000, 18.53618
1986, 19.86000, 17.41958
1987, 19.87000, 17.29623
1988, 19.88000, 18.91126
1989, 19.89000, 17.59607
1990, 19.90000, 15.99100
1991, 19.91000, 15.61445
1992, 19.92000, 17.34766
1993, 19.93000, 14.64213
1994, 19.94000, 14.85529
1995, 19.95000, 19.51567
1996, 19.96000, 16.22770
1997, 19.97000, 18.54122
1998, 19.98000, 20.30521
1999, 19.99000, 21.41722
2000, 20.00000, 15.29216
2001, 20.01000, 16.35684
