nt, t, solve_time
1, 0.01000, 65.26911
2, 0.02000, 52.02546
3, 0.03000, 39.09718
4, 0.04000, 49.36825
5, 0.05000, 41.41841
6, 0.06000, 56.37701
7, 0.07000, 52.31753
8, 0.08000, 43.29160
9, 0.09000, 45.76005
10, 0.10000, 37.03789
11, 0.11000, 33.10595
12, 0.12000, 34.28249
13, 0.13000, 44.05540
14, 0.14000, 38.71354
15, 0.15000, 21.88852
16, 0.16000, 38.05367
17, 0.17000, 38.44834
18, 0.18000, 36.73011
19, 0.19000, 38.89864
20, 0.20000, 39.46382
21, 0.21000, 40.89981
22, 0.22000, 39.24019
23, 0.23000, 38.38552
24, 0.24000, 49.36578
25, 0.25000, 48.46649
26, 0.26000, 49.50591
27, 0.27000, 59.04009
28, 0.28000, 50.32290
29, 0.29000, 44.61768
30, 0.30000, 62.72351
31, 0.31000, 44.67406
32, 0.32000, 51.31339
33, 0.33000, 29.88358
34, 0.34000, 44.59637
35, 0.35000, 35.19391
36, 0.36000, 25.50765
37, 0.37000, 21.34225
38, 0.38000, 19.94719
39, 0.39000, 50.81969
40, 0.40000, 26.40481
41, 0.41000, 51.84453
42, 0.42000, 30.76740
43, 0.43000, 44.78910
44, 0.44000, 46.54420
45, 0.45000, 29.23288
46, 0.46000, 18.32179
47, 0.47000, 18.04827
48, 0.48000, 27.11728
49, 0.49000, 23.75672
50, 0.50000, 27.30590
51, 0.51000, 31.67263
52, 0.52000, 31.72886
53, 0.53000, 14.38812
54, 0.54000, 23.33013
55, 0.55000, 17.03951
56, 0.56000, 18.05041
57, 0.57000, 16.50271
58, 0.58000, 15.35140
59, 0.59000, 16.70491
60, 0.60000, 37.59418
61, 0.61000, 34.34256
62, 0.62000, 24.80793
63, 0.63000, 23.21435
64, 0.64000, 23.49355
65, 0.65000, 36.32461
66, 0.66000, 30.07880
67, 0.67000, 19.97431
68, 0.68000, 22.37448
69, 0.69000, 24.21082
70, 0.70000, 19.93830
71, 0.71000, 23.87911
72, 0.72000, 26.29316
73, 0.73000, 24.44093
74, 0.74000, 25.77625
75, 0.75000, 31.35986
76, 0.76000, 26.32911
77, 0.77000, 25.74906
78, 0.78000, 23.62463
79, 0.79000, 18.54918
80, 0.80000, 22.88822
81, 0.81000, 34.29713
82, 0.82000, 26.27110
83, 0.83000, 30.64258
84, 0.84000, 33.79592
85, 0.85000, 26.00141
86, 0.86000, 17.44807
87, 0.87000, 31.46246
88, 0.88000, 26.38365
89, 0.89000, 33.91988
90, 0.90000, 32.14178
91, 0.91000, 24.34208
92, 0.92000, 19.88276
93, 0.93000, 30.40224
94, 0.94000, 22.05113
95, 0.95000, 32.42933
96, 0.96000, 33.58393
97, 0.97000, 21.54275
98, 0.98000, 22.65292
99, 0.99000, 29.92590
100, 1.00000, 29.52241
101, 1.01000, 29.83877
102, 1.02000, 32.92512
103, 1.03000, 30.24152
104, 1.04000, 40.85455
105, 1.05000, 50.05670
106, 1.06000, 36.35810
107, 1.07000, 36.01759
108, 1.08000, 37.24013
109, 1.09000, 28.65616
110, 1.10000, 27.89667
111, 1.11000, 38.41398
112, 1.12000, 34.44978
113, 1.13000, 39.98433
114, 1.14000, 39.22461
115, 1.15000, 45.69871
116, 1.16000, 44.31865
117, 1.17000, 32.63792
118, 1.18000, 30.24998
119, 1.19000, 38.63049
120, 1.20000, 47.56582
121, 1.21000, 27.46555
122, 1.22000, 24.54677
123, 1.23000, 28.15964
124, 1.24000, 30.60238
125, 1.25000, 37.74926
126, 1.26000, 44.00077
127, 1.27000, 48.84579
128, 1.28000, 50.42962
129, 1.29000, 36.77592
130, 1.30000, 44.37166
131, 1.31000, 40.78999
132, 1.32000, 46.16691
133, 1.33000, 39.73746
134, 1.34000, 39.65678
135, 1.35000, 35.25171
136, 1.36000, 40.21196
137, 1.37000, 34.75714
138, 1.38000, 34.88000
139, 1.39000, 31.99721
140, 1.40000, 41.82920
141, 1.41000, 40.06210
142, 1.42000, 36.52529
143, 1.43000, 33.50073
144, 1.44000, 37.57739
145, 1.45000, 35.72587
146, 1.46000, 32.06969
147, 1.47000, 30.38349
148, 1.48000, 37.37432
149, 1.49000, 30.24146
150, 1.50000, 24.72297
151, 1.51000, 33.10602
152, 1.52000, 41.28055
153, 1.53000, 28.29884
154, 1.54000, 30.20011
155, 1.55000, 34.81341
156, 1.56000, 26.36190
157, 1.57000, 21.60893
158, 1.58000, 30.14983
159, 1.59000, 43.80534
160, 1.60000, 43.03184
161, 1.61000, 37.96206
162, 1.62000, 34.34335
163, 1.63000, 40.51488
164, 1.64000, 40.42544
165, 1.65000, 29.96819
166, 1.66000, 33.69262
167, 1.67000, 48.57935
168, 1.68000, 45.20338
169, 1.69000, 41.79704
170, 1.70000, 28.85313
171, 1.71000, 25.02890
172, 1.72000, 43.20411
173, 1.73000, 34.38459
174, 1.74000, 43.74541
175, 1.75000, 42.53541
176, 1.76000, 28.74392
177, 1.77000, 23.32411
178, 1.78000, 32.52226
179, 1.79000, 47.84270
180, 1.80000, 31.11232
181, 1.81000, 27.49435
182, 1.82000, 32.35547
183, 1.83000, 38.51324
184, 1.84000, 38.09509
185, 1.85000, 40.65533
186, 1.86000, 26.35837
187, 1.87000, 39.14742
188, 1.88000, 41.64573
189, 1.89000, 36.97443
190, 1.90000, 32.44694
191, 1.91000, 48.59483
192, 1.92000, 57.15081
193, 1.93000, 32.51984
194, 1.94000, 29.52235
195, 1.95000, 40.31977
196, 1.96000, 30.62219
197, 1.97000, 31.58078
198, 1.98000, 36.76442
199, 1.99000, 32.66082
200, 2.00000, 39.33827
201, 2.01000, 25.97716
202, 2.02000, 38.67352
203, 2.03000, 26.12193
204, 2.04000, 32.83769
205, 2.05000, 31.17677
206, 2.06000, 30.55480
207, 2.07000, 28.42482
208, 2.08000, 30.47869
209, 2.09000, 29.37447
210, 2.10000, 31.57695
211, 2.11000, 23.84264
212, 2.12000, 27.55030
213, 2.13000, 25.87134
214, 2.14000, 21.70726
215, 2.15000, 25.71640
216, 2.16000, 20.21852
217, 2.17000, 17.73663
218, 2.18000, 24.58196
219, 2.19000, 30.28247
220, 2.20000, 33.09026
221, 2.21000, 39.10376
222, 2.22000, 35.99618
223, 2.23000, 32.37029
224, 2.24000, 39.55851
225, 2.25000, 29.25290
226, 2.26000, 24.26490
227, 2.27000, 26.46410
228, 2.28000, 29.77421
229, 2.29000, 28.51807
230, 2.30000, 20.62468
231, 2.31000, 24.05027
232, 2.32000, 27.48653
233, 2.33000, 29.09859
234, 2.34000, 28.60816
235, 2.35000, 33.99964
236, 2.36000, 35.27764
237, 2.37000, 29.39611
238, 2.38000, 23.73230
239, 2.39000, 31.06466
240, 2.40000, 30.51928
241, 2.41000, 27.27258
242, 2.42000, 27.61508
243, 2.43000, 26.60978
244, 2.44000, 22.15364
245, 2.45000, 22.62788
246, 2.46000, 20.54697
247, 2.47000, 24.61381
248, 2.48000, 25.43626
249, 2.49000, 24.36345
250, 2.50000, 31.78408
251, 2.51000, 33.46186
252, 2.52000, 31.33840
253, 2.53000, 25.20255
254, 2.54000, 24.80526
255, 2.55000, 27.27429
256, 2.56000, 22.63131
257, 2.57000, 35.21120
258, 2.58000, 27.02014
259, 2.59000, 22.80092
260, 2.60000, 21.73431
261, 2.61000, 26.15569
262, 2.62000, 33.59568
263, 2.63000, 28.44082
264, 2.64000, 20.49781
265, 2.65000, 20.09380
266, 2.66000, 29.99371
267, 2.67000, 25.67337
268, 2.68000, 37.05454
269, 2.69000, 36.34054
270, 2.70000, 28.35088
271, 2.71000, 33.53460
272, 2.72000, 27.05006
273, 2.73000, 35.51929
274, 2.74000, 36.37170
275, 2.75000, 27.55337
276, 2.76000, 19.72539
277, 2.77000, 15.47805
278, 2.78000, 21.51104
279, 2.79000, 27.26723
280, 2.80000, 25.60573
281, 2.81000, 27.14477
282, 2.82000, 35.93792
283, 2.83000, 36.08952
284, 2.84000, 37.63161
285, 2.85000, 29.39244
286, 2.86000, 30.04307
287, 2.87000, 41.60910
288, 2.88000, 31.88823
289, 2.89000, 37.09678
290, 2.90000, 28.62102
291, 2.91000, 25.50282
292, 2.92000, 23.85410
293, 2.93000, 26.23941
294, 2.94000, 24.83564
295, 2.95000, 25.43414
296, 2.96000, 31.80863
297, 2.97000, 23.86538
298, 2.98000, 32.02459
299, 2.99000, 21.68076
300, 3.00000, 26.70887
301, 3.01000, 37.46853
302, 3.02000, 24.52407
303, 3.03000, 19.71726
304, 3.04000, 26.66103
305, 3.05000, 23.81230
306, 3.06000, 22.57398
307, 3.07000, 26.95944
308, 3.08000, 21.45885
309, 3.09000, 22.20858
310, 3.10000, 20.19561
311, 3.11000, 21.45277
312, 3.12000, 26.94710
313, 3.13000, 32.34791
314, 3.14000, 35.39418
315, 3.15000, 29.23238
316, 3.16000, 27.41657
317, 3.17000, 20.99641
318, 3.18000, 41.88912
319, 3.19000, 38.37602
320, 3.20000, 38.01512
321, 3.21000, 26.55231
322, 3.22000, 15.60632
323, 3.23000, 24.21190
324, 3.24000, 27.89715
325, 3.25000, 26.14062
326, 3.26000, 25.62374
327, 3.27000, 34.36193
328, 3.28000, 43.43903
329, 3.29000, 24.49412
330, 3.30000, 33.55101
331, 3.31000, 36.93500
332, 3.32000, 30.48711
333, 3.33000, 20.02265
334, 3.34000, 18.80161
335, 3.35000, 22.27286
336, 3.36000, 20.62858
337, 3.37000, 17.78793
338, 3.38000, 19.27081
339, 3.39000, 18.22556
340, 3.40000, 25.40852
341, 3.41000, 26.10278
342, 3.42000, 31.16853
343, 3.43000, 24.32461
344, 3.44000, 29.16030
345, 3.45000, 29.19105
346, 3.46000, 27.93927
347, 3.47000, 40.05642
348, 3.48000, 32.25141
349, 3.49000, 36.66240
350, 3.50000, 44.32325
351, 3.51000, 38.44506
352, 3.52000, 24.57178
353, 3.53000, 33.51920
354, 3.54000, 22.39086
355, 3.55000, 29.07938
356, 3.56000, 27.32736
357, 3.57000, 20.55198
358, 3.58000, 21.38166
359, 3.59000, 21.99651
360, 3.60000, 34.05736
361, 3.61000, 19.61306
362, 3.62000, 26.57383
363, 3.63000, 26.71202
364, 3.64000, 33.04751
365, 3.65000, 33.47339
366, 3.66000, 26.67898
367, 3.67000, 35.31919
368, 3.68000, 39.49564
369, 3.69000, 33.77957
370, 3.70000, 25.29305
371, 3.71000, 22.64434
372, 3.72000, 24.42266
373, 3.73000, 20.22502
374, 3.74000, 23.13580
375, 3.75000, 36.32325
376, 3.76000, 24.20541
377, 3.77000, 20.57352
378, 3.78000, 19.11045
379, 3.79000, 29.81228
380, 3.80000, 34.08733
381, 3.81000, 24.65006
382, 3.82000, 22.03879
383, 3.83000, 22.19931
384, 3.84000, 17.71588
385, 3.85000, 21.55129
386, 3.86000, 19.16187
387, 3.87000, 30.47748
388, 3.88000, 27.49693
389, 3.89000, 26.15050
390, 3.90000, 31.60549
391, 3.91000, 29.11302
392, 3.92000, 30.95876
393, 3.93000, 23.63985
394, 3.94000, 28.32997
395, 3.95000, 28.95741
396, 3.96000, 36.33784
397, 3.97000, 33.79643
398, 3.98000, 27.14257
399, 3.99000, 22.27725
400, 4.00000, 30.65505
401, 4.01000, 19.25574
402, 4.02000, 19.28179
403, 4.03000, 24.22932
404, 4.04000, 24.66230
405, 4.05000, 28.23710
406, 4.06000, 34.93542
407, 4.07000, 32.54634
408, 4.08000, 29.04377
409, 4.09000, 23.88820
410, 4.10000, 24.23572
411, 4.11000, 37.52997
412, 4.12000, 31.95577
413, 4.13000, 27.95630
414, 4.14000, 32.44870
415, 4.15000, 21.74943
416, 4.16000, 26.37352
417, 4.17000, 31.75175
418, 4.18000, 28.78743
419, 4.19000, 26.22663
420, 4.20000, 27.63919
421, 4.21000, 25.63263
422, 4.22000, 17.24150
423, 4.23000, 23.18157
424, 4.24000, 29.25127
425, 4.25000, 27.47182
426, 4.26000, 27.68613
427, 4.27000, 33.91187
428, 4.28000, 31.51092
429, 4.29000, 29.04915
430, 4.30000, 25.06384
431, 4.31000, 20.60925
432, 4.32000, 25.61677
433, 4.33000, 26.89127
434, 4.34000, 28.99451
435, 4.35000, 19.23660
436, 4.36000, 25.53124
437, 4.37000, 29.78953
438, 4.38000, 29.59056
439, 4.39000, 33.81904
440, 4.40000, 20.45317
441, 4.41000, 24.07867
442, 4.42000, 22.68641
443, 4.43000, 30.16882
444, 4.44000, 25.84903
445, 4.45000, 32.88220
446, 4.46000, 29.80143
447, 4.47000, 17.99467
448, 4.48000, 25.71605
449, 4.49000, 25.26275
450, 4.50000, 23.50800
451, 4.51000, 23.82331
452, 4.52000, 21.68171
453, 4.53000, 17.24637
454, 4.54000, 22.85773
455, 4.55000, 21.55155
456, 4.56000, 33.84537
457, 4.57000, 25.55392
458, 4.58000, 35.17888
459, 4.59000, 37.92575
460, 4.60000, 37.71218
461, 4.61000, 32.83092
462, 4.62000, 25.71686
463, 4.63000, 20.52539
464, 4.64000, 26.92409
465, 4.65000, 23.51233
466, 4.66000, 22.29574
467, 4.67000, 18.77012
468, 4.68000, 23.50251
469, 4.69000, 23.34912
470, 4.70000, 28.22216
471, 4.71000, 27.77042
472, 4.72000, 28.28221
473, 4.73000, 30.24634
474, 4.74000, 18.14282
475, 4.75000, 25.68348
476, 4.76000, 30.53648
477, 4.77000, 32.64682
478, 4.78000, 29.20810
479, 4.79000, 19.57598
480, 4.80000, 22.78766
481, 4.81000, 28.11186
482, 4.82000, 25.89190
483, 4.83000, 22.61395
484, 4.84000, 29.34621
485, 4.85000, 23.08595
486, 4.86000, 20.10225
487, 4.87000, 20.16502
488, 4.88000, 24.12153
489, 4.89000, 27.13877
490, 4.90000, 27.80554
491, 4.91000, 34.34774
492, 4.92000, 35.51390
493, 4.93000, 38.13877
494, 4.94000, 25.93619
495, 4.95000, 22.02204
496, 4.96000, 23.26283
497, 4.97000, 18.78429
498, 4.98000, 25.92296
499, 4.99000, 28.97997
500, 5.00000, 24.87312
501, 5.01000, 25.73674
502, 5.02000, 22.82806
503, 5.03000, 30.85829
504, 5.04000, 26.76104
505, 5.05000, 23.38039
506, 5.06000, 24.45127
507, 5.07000, 26.43240
508, 5.08000, 30.10004
509, 5.09000, 26.27162
510, 5.10000, 32.60536
511, 5.11000, 27.54973
512, 5.12000, 18.53369
513, 5.13000, 21.44831
514, 5.14000, 26.74446
515, 5.15000, 28.96095
516, 5.16000, 26.45659
517, 5.17000, 27.17336
518, 5.18000, 22.45576
519, 5.19000, 29.68382
520, 5.20000, 36.32021
521, 5.21000, 31.81537
522, 5.22000, 37.53698
523, 5.23000, 30.00176
524, 5.24000, 31.70271
525, 5.25000, 28.88830
526, 5.26000, 22.79140
527, 5.27000, 24.13779
528, 5.28000, 31.41700
529, 5.29000, 22.81450
530, 5.30000, 21.48120
531, 5.31000, 21.39337
532, 5.32000, 19.65330
533, 5.33000, 22.13965
534, 5.34000, 20.12768
535, 5.35000, 24.21786
536, 5.36000, 22.54869
537, 5.37000, 25.57469
538, 5.38000, 23.28452
539, 5.39000, 40.97324
540, 5.40000, 30.71439
541, 5.41000, 33.41276
542, 5.42000, 30.13115
543, 5.43000, 27.30614
544, 5.44000, 29.85614
545, 5.45000, 28.55768
546, 5.46000, 21.64533
547, 5.47000, 27.14339
548, 5.48000, 21.31054
549, 5.49000, 30.08455
550, 5.50000, 29.79592
551, 5.51000, 25.91430
552, 5.52000, 34.69328
553, 5.53000, 26.84554
554, 5.54000, 35.60941
555, 5.55000, 25.00146
556, 5.56000, 28.21246
557, 5.57000, 31.21315
558, 5.58000, 19.57872
559, 5.59000, 18.78900
560, 5.60000, 32.14529
561, 5.61000, 26.40821
562, 5.62000, 25.49430
563, 5.63000, 22.20763
564, 5.64000, 25.78540
565, 5.65000, 22.77920
566, 5.66000, 28.46429
567, 5.67000, 17.54224
568, 5.68000, 25.76909
569, 5.69000, 24.84149
570, 5.70000, 22.09715
571, 5.71000, 31.15223
572, 5.72000, 23.17708
573, 5.73000, 33.70586
574, 5.74000, 37.02801
575, 5.75000, 29.10295
576, 5.76000, 24.79212
577, 5.77000, 18.69058
578, 5.78000, 20.29632
579, 5.79000, 18.67667
580, 5.80000, 22.51145
581, 5.81000, 30.23538
582, 5.82000, 26.34452
583, 5.83000, 25.61570
584, 5.84000, 30.64199
585, 5.85000, 20.81022
586, 5.86000, 31.67915
587, 5.87000, 28.98129
588, 5.88000, 29.80160
589, 5.89000, 29.89086
590, 5.90000, 21.08985
591, 5.91000, 22.20095
592, 5.92000, 26.68022
593, 5.93000, 26.92177
594, 5.94000, 25.36355
595, 5.95000, 18.74714
596, 5.96000, 18.52956
597, 5.97000, 17.77713
598, 5.98000, 18.17615
599, 5.99000, 17.16904
600, 6.00000, 15.82448
601, 6.01000, 24.97910
602, 6.02000, 26.63977
603, 6.03000, 33.37104
604, 6.04000, 32.22715
605, 6.05000, 40.60718
606, 6.06000, 28.79314
607, 6.07000, 20.14047
608, 6.08000, 18.90742
609, 6.09000, 20.79426
610, 6.10000, 25.23016
611, 6.11000, 21.54526
612, 6.12000, 21.72678
613, 6.13000, 28.44140
614, 6.14000, 22.22410
615, 6.15000, 21.56785
616, 6.16000, 21.29115
617, 6.17000, 17.13130
618, 6.18000, 26.59177
619, 6.19000, 27.92444
620, 6.20000, 29.30006
621, 6.21000, 26.06643
622, 6.22000, 23.48970
623, 6.23000, 23.56640
624, 6.24000, 35.27094
625, 6.25000, 16.96206
626, 6.26000, 17.45070
627, 6.27000, 18.09124
628, 6.28000, 22.77781
629, 6.29000, 25.13999
630, 6.30000, 26.26690
631, 6.31000, 20.46995
632, 6.32000, 27.40172
633, 6.33000, 34.23120
634, 6.34000, 31.88982
635, 6.35000, 38.37848
636, 6.36000, 36.76209
637, 6.37000, 32.94866
638, 6.38000, 28.15760
639, 6.39000, 23.82958
640, 6.40000, 25.50395
641, 6.41000, 20.68811
642, 6.42000, 22.99314
643, 6.43000, 27.16297
644, 6.44000, 23.86994
645, 6.45000, 30.13579
646, 6.46000, 29.98408
647, 6.47000, 21.20732
648, 6.48000, 23.11743
649, 6.49000, 20.58160
650, 6.50000, 33.13263
651, 6.51000, 38.27002
652, 6.52000, 32.01250
653, 6.53000, 31.76651
654, 6.54000, 22.96555
655, 6.55000, 23.16265
656, 6.56000, 24.53162
657, 6.57000, 23.27532
658, 6.58000, 30.16706
659, 6.59000, 29.76232
660, 6.60000, 24.15780
661, 6.61000, 26.09606
662, 6.62000, 27.88994
663, 6.63000, 33.07042
664, 6.64000, 25.96056
665, 6.65000, 34.06217
666, 6.66000, 23.41855
667, 6.67000, 32.10602
668, 6.68000, 25.77776
669, 6.69000, 32.44508
670, 6.70000, 32.70822
671, 6.71000, 25.73150
672, 6.72000, 23.47582
673, 6.73000, 25.88208
674, 6.74000, 30.95369
675, 6.75000, 30.15985
676, 6.76000, 25.42895
677, 6.77000, 24.28565
678, 6.78000, 17.62374
679, 6.79000, 19.49604
680, 6.80000, 23.81001
681, 6.81000, 21.10102
682, 6.82000, 26.08939
683, 6.83000, 29.85721
684, 6.84000, 33.43238
685, 6.85000, 37.16335
686, 6.86000, 18.85467
687, 6.87000, 16.57323
688, 6.88000, 25.26628
689, 6.89000, 24.88030
690, 6.90000, 25.34904
691, 6.91000, 21.44758
692, 6.92000, 22.80828
693, 6.93000, 20.37663
694, 6.94000, 21.46473
695, 6.95000, 25.07047
696, 6.96000, 28.05925
697, 6.97000, 33.72390
698, 6.98000, 25.35899
699, 6.99000, 29.87832
700, 7.00000, 26.94794
701, 7.01000, 30.22079
702, 7.02000, 25.19832
703, 7.03000, 21.28758
704, 7.04000, 27.31005
705, 7.05000, 28.93079
706, 7.06000, 25.87323
707, 7.07000, 24.88320
708, 7.08000, 25.37558
709, 7.09000, 25.63100
710, 7.10000, 27.38071
711, 7.11000, 18.59018
712, 7.12000, 21.17769
713, 7.13000, 15.52197
714, 7.14000, 24.29915
715, 7.15000, 23.26535
716, 7.16000, 27.62284
717, 7.17000, 30.05219
718, 7.18000, 25.62496
719, 7.19000, 26.82875
720, 7.20000, 29.94602
721, 7.21000, 26.09409
722, 7.22000, 20.88003
723, 7.23000, 25.61382
724, 7.24000, 32.06328
725, 7.25000, 30.75186
726, 7.26000, 22.77094
727, 7.27000, 19.72672
728, 7.28000, 17.22103
729, 7.29000, 19.11028
730, 7.30000, 21.57214
731, 7.31000, 31.55531
732, 7.32000, 26.05334
733, 7.33000, 26.06271
734, 7.34000, 26.20083
735, 7.35000, 23.11250
736, 7.36000, 27.55262
737, 7.37000, 24.98928
738, 7.38000, 23.86477
739, 7.39000, 24.84751
740, 7.40000, 24.80176
741, 7.41000, 18.02225
742, 7.42000, 28.00902
743, 7.43000, 25.09680
744, 7.44000, 26.73981
745, 7.45000, 23.08198
746, 7.46000, 32.91826
747, 7.47000, 38.05554
748, 7.48000, 37.09378
749, 7.49000, 25.25126
750, 7.50000, 15.91249
751, 7.51000, 17.63126
752, 7.52000, 35.32443
753, 7.53000, 28.18849
754, 7.54000, 29.94385
755, 7.55000, 28.29592
756, 7.56000, 23.37013
757, 7.57000, 20.30871
758, 7.58000, 24.67322
759, 7.59000, 24.81052
760, 7.60000, 27.25317
761, 7.61000, 35.77107
762, 7.62000, 28.59244
763, 7.63000, 33.96857
764, 7.64000, 33.39919
765, 7.65000, 37.04119
766, 7.66000, 37.04225
767, 7.67000, 28.64409
768, 7.68000, 27.20770
769, 7.69000, 23.97677
770, 7.70000, 18.07341
771, 7.71000, 16.50635
772, 7.72000, 23.64923
773, 7.73000, 29.22801
774, 7.74000, 24.65682
775, 7.75000, 19.13287
776, 7.76000, 20.49708
777, 7.77000, 18.09199
778, 7.78000, 26.19109
779, 7.79000, 22.38012
780, 7.80000, 24.41424
781, 7.81000, 22.59525
782, 7.82000, 18.40298
783, 7.83000, 24.48552
784, 7.84000, 26.70595
785, 7.85000, 25.50691
786, 7.86000, 21.31555
787, 7.87000, 23.36461
788, 7.88000, 22.48149
789, 7.89000, 21.96137
790, 7.90000, 23.03802
791, 7.91000, 17.46117
792, 7.92000, 20.00861
793, 7.93000, 31.37850
794, 7.94000, 24.50320
795, 7.95000, 26.01719
796, 7.96000, 23.69291
797, 7.97000, 26.23805
798, 7.98000, 28.12084
799, 7.99000, 21.67842
800, 8.00000, 26.54405
801, 8.01000, 23.23592
802, 8.02000, 27.21061
803, 8.03000, 23.42880
804, 8.04000, 20.08066
805, 8.05000, 27.60784
806, 8.06000, 24.93267
807, 8.07000, 27.59806
808, 8.08000, 20.92526
809, 8.09000, 21.36342
810, 8.10000, 35.03048
811, 8.11000, 31.26972
812, 8.12000, 22.04009
813, 8.13000, 23.05716
814, 8.14000, 19.10326
815, 8.15000, 26.74871
816, 8.16000, 31.38956
817, 8.17000, 25.49961
818, 8.18000, 27.92543
819, 8.19000, 26.54417
820, 8.20000, 21.41917
821, 8.21000, 19.91631
822, 8.22000, 20.73469
823, 8.23000, 18.97268
824, 8.24000, 18.95587
825, 8.25000, 26.81731
826, 8.26000, 20.64280
827, 8.27000, 38.60579
828, 8.28000, 31.71563
829, 8.29000, 30.19241
830, 8.30000, 29.64274
831, 8.31000, 26.99342
832, 8.32000, 21.52419
833, 8.33000, 30.69431
834, 8.34000, 28.54649
835, 8.35000, 26.66419
836, 8.36000, 24.67625
837, 8.37000, 25.11823
838, 8.38000, 23.26818
839, 8.39000, 21.65277
840, 8.40000, 23.54671
841, 8.41000, 20.79418
842, 8.42000, 30.77583
843, 8.43000, 33.78839
844, 8.44000, 23.39907
845, 8.45000, 32.91315
846, 8.46000, 26.52507
847, 8.47000, 23.89151
848, 8.48000, 30.86652
849, 8.49000, 27.83862
850, 8.50000, 23.52133
851, 8.51000, 24.95973
852, 8.52000, 25.28366
853, 8.53000, 22.59213
854, 8.54000, 26.92903
855, 8.55000, 27.75058
856, 8.56000, 29.75480
857, 8.57000, 38.89448
858, 8.58000, 28.27773
859, 8.59000, 30.78857
860, 8.60000, 30.25411
861, 8.61000, 31.84911
862, 8.62000, 32.80266
863, 8.63000, 27.56619
864, 8.64000, 27.72401
865, 8.65000, 18.12415
866, 8.66000, 18.37337
867, 8.67000, 19.61435
868, 8.68000, 19.40931
869, 8.69000, 25.67916
870, 8.70000, 31.50007
871, 8.71000, 21.30369
872, 8.72000, 20.97875
873, 8.73000, 25.68054
874, 8.74000, 37.39406
875, 8.75000, 24.49730
876, 8.76000, 27.78728
877, 8.77000, 21.81032
878, 8.78000, 25.31143
879, 8.79000, 27.09284
880, 8.80000, 31.23887
881, 8.81000, 23.82075
882, 8.82000, 27.04249
883, 8.83000, 23.19208
884, 8.84000, 25.56378
885, 8.85000, 23.79282
886, 8.86000, 22.46783
887, 8.87000, 23.89126
888, 8.88000, 20.66232
889, 8.89000, 21.49333
890, 8.90000, 22.51899
891, 8.91000, 33.65775
892, 8.92000, 26.21236
893, 8.93000, 28.82337
894, 8.94000, 37.03766
895, 8.95000, 23.07768
896, 8.96000, 22.87307
897, 8.97000, 21.32921
898, 8.98000, 17.58491
899, 8.99000, 18.49816
900, 9.00000, 20.92462
901, 9.01000, 32.55466
902, 9.02000, 31.58902
903, 9.03000, 25.38954
904, 9.04000, 27.83811
905, 9.05000, 32.20259
906, 9.06000, 27.19655
907, 9.07000, 26.53379
908, 9.08000, 31.44207
909, 9.09000, 21.83437
910, 9.10000, 23.42966
911, 9.11000, 21.34365
912, 9.12000, 25.70279
913, 9.13000, 18.55025
914, 9.14000, 21.06820
915, 9.15000, 22.90088
916, 9.16000, 24.97319
917, 9.17000, 18.94838
918, 9.18000, 14.45437
919, 9.19000, 19.24039
920, 9.20000, 18.33169
921, 9.21000, 25.74318
922, 9.22000, 21.15118
923, 9.23000, 24.82268
924, 9.24000, 32.57517
925, 9.25000, 40.89829
926, 9.26000, 28.16721
927, 9.27000, 20.33786
928, 9.28000, 20.87877
929, 9.29000, 22.12861
930, 9.30000, 28.03305
931, 9.31000, 25.45440
932, 9.32000, 29.41239
933, 9.33000, 26.95450
934, 9.34000, 17.08704
935, 9.35000, 24.93415
936, 9.36000, 21.48404
937, 9.37000, 17.85349
938, 9.38000, 20.90332
939, 9.39000, 21.13265
940, 9.40000, 23.13088
941, 9.41000, 33.61110
942, 9.42000, 25.33999
943, 9.43000, 25.31531
944, 9.44000, 26.20744
945, 9.45000, 24.53753
946, 9.46000, 21.78542
947, 9.47000, 17.94380
948, 9.48000, 22.75894
949, 9.49000, 26.14895
950, 9.50000, 31.26451
951, 9.51000, 21.72562
952, 9.52000, 25.58849
953, 9.53000, 23.65611
954, 9.54000, 17.48650
955, 9.55000, 29.59337
956, 9.56000, 31.86760
957, 9.57000, 32.19609
958, 9.58000, 24.74800
959, 9.59000, 22.07775
960, 9.60000, 22.63136
961, 9.61000, 30.83881
962, 9.62000, 26.24927
963, 9.63000, 24.12778
964, 9.64000, 23.28531
965, 9.65000, 23.75646
966, 9.66000, 25.26490
967, 9.67000, 25.87463
968, 9.68000, 24.21652
969, 9.69000, 20.54560
970, 9.70000, 27.64356
971, 9.71000, 31.75451
972, 9.72000, 27.44758
973, 9.73000, 30.33613
974, 9.74000, 28.79978
975, 9.75000, 27.92835
976, 9.76000, 34.36015
977, 9.77000, 23.08766
978, 9.78000, 20.15162
979, 9.79000, 19.96573
980, 9.80000, 19.26725
981, 9.81000, 21.66435
982, 9.82000, 19.63497
983, 9.83000, 26.78304
984, 9.84000, 18.97853
985, 9.85000, 23.37209
986, 9.86000, 30.60152
987, 9.87000, 35.78672
988, 9.88000, 40.56375
989, 9.89000, 27.17114
990, 9.90000, 26.21589
991, 9.91000, 21.14909
992, 9.92000, 27.49336
993, 9.93000, 29.51811
994, 9.94000, 19.94099
995, 9.95000, 22.95998
996, 9.96000, 21.10815
997, 9.97000, 24.53375
998, 9.98000, 24.64450
999, 9.99000, 25.36848
1000, 10.00000, 27.00978
1001, 10.01000, 29.74678
1002, 10.02000, 32.08853
1003, 10.03000, 31.81013
1004, 10.04000, 32.51470
1005, 10.05000, 25.88587
1006, 10.06000, 21.56341
1007, 10.07000, 19.86796
1008, 10.08000, 25.61058
1009, 10.09000, 19.19934
1010, 10.10000, 16.70375
1011, 10.11000, 18.79571
1012, 10.12000, 21.05967
1013, 10.13000, 21.80128
1014, 10.14000, 26.03528
1015, 10.15000, 19.79164
1016, 10.16000, 20.00784
1017, 10.17000, 26.71857
1018, 10.18000, 22.40962
1019, 10.19000, 36.89433
1020, 10.20000, 37.78044
1021, 10.21000, 38.44714
1022, 10.22000, 32.55558
1023, 10.23000, 23.75471
1024, 10.24000, 27.23376
1025, 10.25000, 22.25898
1026, 10.26000, 22.91581
1027, 10.27000, 26.47866
1028, 10.28000, 27.17516
1029, 10.29000, 24.45996
1030, 10.30000, 23.93961
1031, 10.31000, 22.62734
1032, 10.32000, 20.61490
1033, 10.33000, 27.14314
1034, 10.34000, 26.54436
1035, 10.35000, 22.05636
1036, 10.36000, 28.58716
1037, 10.37000, 26.43116
1038, 10.38000, 15.34725
1039, 10.39000, 14.95995
1040, 10.40000, 23.56643
1041, 10.41000, 22.50870
1042, 10.42000, 18.51848
1043, 10.43000, 21.23352
1044, 10.44000, 15.60828
1045, 10.45000, 15.10686
1046, 10.46000, 20.52008
1047, 10.47000, 25.84568
1048, 10.48000, 31.11903
1049, 10.49000, 30.35686
1050, 10.50000, 25.32427
1051, 10.51000, 29.71640
1052, 10.52000, 31.34514
1053, 10.53000, 31.06992
1054, 10.54000, 23.40749
1055, 10.55000, 19.75239
1056, 10.56000, 23.49299
1057, 10.57000, 18.51992
1058, 10.58000, 22.25419
1059, 10.59000, 25.08481
1060, 10.60000, 25.21685
1061, 10.61000, 29.70443
1062, 10.62000, 19.29702
1063, 10.63000, 19.04235
1064, 10.64000, 21.19282
1065, 10.65000, 19.72209
1066, 10.66000, 24.15362
1067, 10.67000, 22.90729
1068, 10.68000, 24.60671
1069, 10.69000, 26.43883
1070, 10.70000, 18.94508
1071, 10.71000, 20.20692
1072, 10.72000, 37.64341
1073, 10.73000, 26.79682
1074, 10.74000, 29.85229
1075, 10.75000, 30.49776
1076, 10.76000, 31.85253
1077, 10.77000, 19.75517
1078, 10.78000, 16.84108
1079, 10.79000, 17.29154
1080, 10.80000, 17.89380
1081, 10.81000, 34.49180
1082, 10.82000, 21.32532
1083, 10.83000, 27.42125
1084, 10.84000, 33.22385
1085, 10.85000, 29.15414
1086, 10.86000, 28.55298
1087, 10.87000, 23.07867
1088, 10.88000, 24.19895
1089, 10.89000, 24.98581
1090, 10.90000, 25.07577
1091, 10.91000, 21.70063
1092, 10.92000, 19.92595
1093, 10.93000, 28.20004
1094, 10.94000, 26.00751
1095, 10.95000, 23.16941
1096, 10.96000, 28.42233
1097, 10.97000, 30.73053
1098, 10.98000, 28.93845
1099, 10.99000, 23.61798
1100, 11.00000, 24.88581
1101, 11.01000, 28.07520
1102, 11.02000, 26.81493
1103, 11.03000, 20.71220
1104, 11.04000, 26.21920
1105, 11.05000, 25.19576
1106, 11.06000, 31.27333
1107, 11.07000, 26.44638
1108, 11.08000, 24.35341
1109, 11.09000, 25.26151
1110, 11.10000, 22.41348
1111, 11.11000, 18.29408
1112, 11.12000, 27.87158
1113, 11.13000, 30.63971
1114, 11.14000, 25.11556
1115, 11.15000, 25.87740
1116, 11.16000, 25.59379
1117, 11.17000, 29.34533
1118, 11.18000, 27.72592
1119, 11.19000, 21.48614
1120, 11.20000, 21.35889
1121, 11.21000, 24.23795
1122, 11.22000, 21.78334
1123, 11.23000, 22.71396
1124, 11.24000, 20.98102
1125, 11.25000, 26.35006
1126, 11.26000, 28.24126
1127, 11.27000, 24.40648
1128, 11.28000, 23.70832
1129, 11.29000, 31.44115
1130, 11.30000, 36.64389
1131, 11.31000, 33.65962
1132, 11.32000, 29.27293
1133, 11.33000, 29.49408
1134, 11.34000, 28.60856
1135, 11.35000, 24.78188
1136, 11.36000, 36.83193
1137, 11.37000, 19.82818
1138, 11.38000, 18.63583
1139, 11.39000, 12.11097
1140, 11.40000, 23.59631
1141, 11.41000, 27.56984
1142, 11.42000, 23.81719
1143, 11.43000, 23.68876
1144, 11.44000, 24.28639
1145, 11.45000, 27.02351
1146, 11.46000, 26.67077
1147, 11.47000, 31.47983
1148, 11.48000, 24.74141
1149, 11.49000, 23.44930
1150, 11.50000, 18.91596
1151, 11.51000, 15.21367
1152, 11.52000, 23.41711
1153, 11.53000, 24.46352
1154, 11.54000, 20.14786
1155, 11.55000, 25.37973
1156, 11.56000, 20.52523
1157, 11.57000, 21.62276
1158, 11.58000, 27.33787
1159, 11.59000, 26.88893
1160, 11.60000, 29.60011
1161, 11.61000, 21.61586
1162, 11.62000, 22.54058
1163, 11.63000, 24.41389
1164, 11.64000, 32.22003
1165, 11.65000, 37.33307
1166, 11.66000, 24.48434
1167, 11.67000, 27.71654
1168, 11.68000, 34.13636
1169, 11.69000, 27.84302
1170, 11.70000, 25.79756
1171, 11.71000, 25.05035
1172, 11.72000, 26.00539
1173, 11.73000, 26.75892
1174, 11.74000, 22.18764
1175, 11.75000, 27.33784
1176, 11.76000, 27.20303
1177, 11.77000, 27.29168
1178, 11.78000, 21.99517
1179, 11.79000, 19.26334
1180, 11.80000, 20.20610
1181, 11.81000, 24.80286
1182, 11.82000, 28.82370
1183, 11.83000, 24.82393
1184, 11.84000, 19.75153
1185, 11.85000, 18.95987
1186, 11.86000, 22.22469
1187, 11.87000, 21.54374
1188, 11.88000, 20.25913
1189, 11.89000, 24.79830
1190, 11.90000, 25.73939
1191, 11.91000, 20.26919
1192, 11.92000, 20.25113
1193, 11.93000, 22.32305
1194, 11.94000, 32.44294
1195, 11.95000, 29.39675
1196, 11.96000, 25.18764
1197, 11.97000, 30.74226
1198, 11.98000, 32.50903
1199, 11.99000, 27.61812
1200, 12.00000, 31.11367
1201, 12.01000, 31.16365
1202, 12.02000, 26.90269
1203, 12.03000, 25.11330
1204, 12.04000, 24.98735
1205, 12.05000, 20.27694
1206, 12.06000, 21.41217
1207, 12.07000, 24.22706
1208, 12.08000, 20.76955
1209, 12.09000, 19.40051
1210, 12.10000, 19.02489
1211, 12.11000, 26.32134
1212, 12.12000, 24.03125
1213, 12.13000, 29.76977
1214, 12.14000, 30.10674
1215, 12.15000, 28.77889
1216, 12.16000, 25.96528
1217, 12.17000, 31.12056
1218, 12.18000, 24.41874
1219, 12.19000, 28.04735
1220, 12.20000, 28.42153
1221, 12.21000, 24.13904
1222, 12.22000, 26.76163
1223, 12.23000, 19.28382
1224, 12.24000, 14.47886
1225, 12.25000, 19.78114
1226, 12.26000, 34.83566
1227, 12.27000, 31.62260
1228, 12.28000, 26.27457
1229, 12.29000, 30.08848
1230, 12.30000, 24.82216
1231, 12.31000, 23.45492
1232, 12.32000, 32.95750
1233, 12.33000, 22.26539
1234, 12.34000, 22.78576
1235, 12.35000, 24.55439
1236, 12.36000, 26.62710
1237, 12.37000, 23.52867
1238, 12.38000, 23.58833
1239, 12.39000, 22.06037
1240, 12.40000, 18.73298
1241, 12.41000, 22.47786
1242, 12.42000, 19.49704
1243, 12.43000, 20.57259
1244, 12.44000, 20.43302
1245, 12.45000, 20.17284
1246, 12.46000, 19.54314
1247, 12.47000, 19.48054
1248, 12.48000, 25.30282
1249, 12.49000, 25.53940
1250, 12.50000, 22.66104
1251, 12.51000, 28.67357
1252, 12.52000, 22.93889
1253, 12.53000, 25.04679
1254, 12.54000, 27.40364
1255, 12.55000, 26.76341
1256, 12.56000, 29.19692
1257, 12.57000, 24.23649
1258, 12.58000, 27.25158
1259, 12.59000, 27.19685
1260, 12.60000, 24.83814
1261, 12.61000, 31.60786
1262, 12.62000, 29.27633
1263, 12.63000, 26.08034
1264, 12.64000, 31.21848
1265, 12.65000, 30.04266
1266, 12.66000, 24.38410
1267, 12.67000, 27.62557
1268, 12.68000, 25.52938
1269, 12.69000, 21.35401
1270, 12.70000, 21.55564
1271, 12.71000, 15.98487
1272, 12.72000, 18.30895
1273, 12.73000, 26.84447
1274, 12.74000, 16.74570
1275, 12.75000, 27.32972
1276, 12.76000, 29.08975
1277, 12.77000, 25.50211
1278, 12.78000, 20.22804
1279, 12.79000, 17.56465
1280, 12.80000, 20.88580
1281, 12.81000, 29.63343
1282, 12.82000, 25.33650
1283, 12.83000, 22.29552
1284, 12.84000, 16.89643
1285, 12.85000, 18.67244
1286, 12.86000, 19.46923
1287, 12.87000, 19.69190
1288, 12.88000, 18.63593
1289, 12.89000, 26.63928
1290, 12.90000, 31.13059
1291, 12.91000, 32.84121
1292, 12.92000, 37.70536
1293, 12.93000, 31.50592
1294, 12.94000, 17.85718
1295, 12.95000, 22.16905
1296, 12.96000, 29.17143
1297, 12.97000, 21.84217
1298, 12.98000, 18.63216
1299, 12.99000, 21.01850
1300, 13.00000, 19.93360
1301, 13.01000, 19.86007
1302, 13.02000, 22.31442
1303, 13.03000, 17.81814
1304, 13.04000, 23.43093
1305, 13.05000, 30.51368
1306, 13.06000, 20.92905
1307, 13.07000, 25.58877
1308, 13.08000, 24.26512
1309, 13.09000, 32.71047
1310, 13.10000, 30.73070
1311, 13.11000, 24.37016
1312, 13.12000, 25.85762
1313, 13.13000, 26.12914
1314, 13.14000, 22.61405
1315, 13.15000, 27.78784
1316, 13.16000, 25.73758
1317, 13.17000, 27.44665
1318, 13.18000, 27.02943
1319, 13.19000, 26.63443
1320, 13.20000, 25.44096
1321, 13.21000, 26.49543
1322, 13.22000, 39.29045
1323, 13.23000, 33.83739
1324, 13.24000, 31.22388
1325, 13.25000, 33.30520
1326, 13.26000, 25.53515
1327, 13.27000, 20.30169
1328, 13.28000, 25.69593
1329, 13.29000, 21.82378
1330, 13.30000, 27.20658
1331, 13.31000, 22.08152
1332, 13.32000, 22.11051
1333, 13.33000, 23.86415
1334, 13.34000, 22.95008
1335, 13.35000, 22.43289
1336, 13.36000, 24.94720
1337, 13.37000, 33.19552
1338, 13.38000, 29.23360
1339, 13.39000, 30.53813
1340, 13.40000, 27.61268
1341, 13.41000, 33.82234
1342, 13.42000, 37.46918
1343, 13.43000, 32.17123
1344, 13.44000, 29.22198
1345, 13.45000, 24.38726
1346, 13.46000, 22.46083
1347, 13.47000, 17.84280
1348, 13.48000, 19.37258
1349, 13.49000, 25.91166
1350, 13.50000, 16.47988
1351, 13.51000, 19.18239
1352, 13.52000, 23.46338
1353, 13.53000, 20.60354
1354, 13.54000, 25.04425
1355, 13.55000, 25.95524
1356, 13.56000, 21.99356
1357, 13.57000, 22.03755
1358, 13.58000, 20.61013
1359, 13.59000, 22.23767
1360, 13.60000, 27.89047
1361, 13.61000, 23.36340
1362, 13.62000, 22.17443
1363, 13.63000, 23.36620
1364, 13.64000, 18.99853
1365, 13.65000, 19.81961
1366, 13.66000, 27.54615
1367, 13.67000, 30.21150
1368, 13.68000, 28.05586
1369, 13.69000, 30.72822
1370, 13.70000, 20.53748
1371, 13.71000, 22.49290
1372, 13.72000, 24.14494
1373, 13.73000, 30.12016
1374, 13.74000, 29.75179
1375, 13.75000, 29.02127
1376, 13.76000, 28.47387
1377, 13.77000, 21.21333
1378, 13.78000, 26.40435
1379, 13.79000, 24.80640
1380, 13.80000, 28.14778
1381, 13.81000, 24.31702
1382, 13.82000, 24.75543
1383, 13.83000, 17.47115
1384, 13.84000, 18.45427
1385, 13.85000, 24.50221
1386, 13.86000, 23.81483
1387, 13.87000, 22.06951
1388, 13.88000, 28.76332
1389, 13.89000, 34.72076
1390, 13.90000, 29.18565
1391, 13.91000, 23.82799
1392, 13.92000, 37.57984
1393, 13.93000, 28.86895
1394, 13.94000, 22.33541
1395, 13.95000, 22.86350
1396, 13.96000, 24.74973
1397, 13.97000, 25.54705
1398, 13.98000, 21.66568
1399, 13.99000, 20.98646
1400, 14.00000, 23.79603
1401, 14.01000, 29.06393
1402, 14.02000, 22.43616
1403, 14.03000, 27.22373
1404, 14.04000, 35.55159
1405, 14.05000, 31.73975
1406, 14.06000, 35.00416
1407, 14.07000, 22.40289
1408, 14.08000, 25.39110
1409, 14.09000, 30.39079
1410, 14.10000, 23.96034
1411, 14.11000, 21.12851
1412, 14.12000, 25.24417
1413, 14.13000, 22.79763
1414, 14.14000, 20.45029
1415, 14.15000, 21.32953
1416, 14.16000, 22.53315
1417, 14.17000, 24.63250
1418, 14.18000, 25.74038
1419, 14.19000, 30.76712
1420, 14.20000, 27.96728
1421, 14.21000, 30.59059
1422, 14.22000, 28.77146
1423, 14.23000, 24.82148
1424, 14.24000, 30.19640
1425, 14.25000, 20.60309
1426, 14.26000, 23.74342
1427, 14.27000, 21.06099
1428, 14.28000, 16.07258
1429, 14.29000, 14.22380
1430, 14.30000, 19.06410
1431, 14.31000, 22.52785
1432, 14.32000, 26.78353
1433, 14.33000, 25.22740
1434, 14.34000, 21.01639
1435, 14.35000, 30.88734
1436, 14.36000, 31.80355
1437, 14.37000, 30.46295
1438, 14.38000, 30.20691
1439, 14.39000, 20.11928
1440, 14.40000, 23.30062
1441, 14.41000, 20.90557
1442, 14.42000, 25.96544
1443, 14.43000, 22.70138
1444, 14.44000, 31.17235
1445, 14.45000, 26.18945
1446, 14.46000, 28.76905
1447, 14.47000, 31.55959
1448, 14.48000, 23.49593
1449, 14.49000, 19.80348
1450, 14.50000, 34.09168
1451, 14.51000, 35.37589
1452, 14.52000, 25.31577
1453, 14.53000, 23.28837
1454, 14.54000, 20.65511
1455, 14.55000, 20.12225
1456, 14.56000, 28.57612
1457, 14.57000, 26.27034
1458, 14.58000, 22.36664
1459, 14.59000, 24.00633
1460, 14.60000, 24.14105
1461, 14.61000, 27.94094
1462, 14.62000, 27.98749
1463, 14.63000, 25.81853
1464, 14.64000, 27.90900
1465, 14.65000, 27.98379
1466, 14.66000, 17.09979
1467, 14.67000, 21.68661
1468, 14.68000, 22.94148
1469, 14.69000, 29.33779
1470, 14.70000, 22.30755
1471, 14.71000, 18.10441
1472, 14.72000, 20.20261
1473, 14.73000, 26.53567
1474, 14.74000, 23.72720
1475, 14.75000, 23.64977
1476, 14.76000, 20.95074
1477, 14.77000, 22.06508
1478, 14.78000, 30.03448
1479, 14.79000, 24.39648
1480, 14.80000, 24.38535
1481, 14.81000, 21.30005
1482, 14.82000, 25.58550
1483, 14.83000, 22.46652
1484, 14.84000, 34.92232
1485, 14.85000, 28.25771
1486, 14.86000, 17.59736
1487, 14.87000, 21.69159
1488, 14.88000, 25.67657
1489, 14.89000, 19.25084
1490, 14.90000, 23.86247
1491, 14.91000, 20.87676
1492, 14.92000, 19.37993
1493, 14.93000, 23.85908
1494, 14.94000, 25.11196
1495, 14.95000, 18.39916
1496, 14.96000, 20.41203
1497, 14.97000, 23.98779
1498, 14.98000, 23.94607
1499, 14.99000, 30.31992
1500, 15.00000, 28.00478
1501, 15.01000, 28.59758
1502, 15.02000, 33.95317
1503, 15.03000, 26.69551
1504, 15.04000, 21.58729
1505, 15.05000, 25.79586
1506, 15.06000, 22.10193
1507, 15.07000, 23.70958
1508, 15.08000, 23.25920
1509, 15.09000, 25.06382
1510, 15.10000, 25.49075
1511, 15.11000, 30.18560
1512, 15.12000, 31.29030
1513, 15.13000, 22.80118
1514, 15.14000, 31.78763
1515, 15.15000, 32.23525
1516, 15.16000, 30.64053
1517, 15.17000, 31.74412
1518, 15.18000, 24.29419
1519, 15.19000, 21.16807
1520, 15.20000, 29.50638
1521, 15.21000, 25.81951
1522, 15.22000, 25.02836
1523, 15.23000, 28.28544
1524, 15.24000, 28.36722
1525, 15.25000, 22.88282
1526, 15.26000, 17.77711
1527, 15.27000, 16.90949
1528, 15.28000, 19.06974
1529, 15.29000, 31.13108
1530, 15.30000, 25.71599
1531, 15.31000, 28.26852
1532, 15.32000, 21.49271
1533, 15.33000, 21.10049
1534, 15.34000, 23.07312
1535, 15.35000, 17.42620
1536, 15.36000, 24.85986
1537, 15.37000, 24.07758
1538, 15.38000, 24.11101
1539, 15.39000, 21.53132
1540, 15.40000, 28.95018
1541, 15.41000, 27.86837
1542, 15.42000, 21.18538
1543, 15.43000, 23.05606
1544, 15.44000, 22.83802
1545, 15.45000, 19.02843
1546, 15.46000, 24.12348
1547, 15.47000, 29.07304
1548, 15.48000, 27.19216
1549, 15.49000, 27.04816
1550, 15.50000, 23.67560
1551, 15.51000, 20.29890
1552, 15.52000, 26.44552
1553, 15.53000, 26.47744
1554, 15.54000, 28.53376
1555, 15.55000, 26.11319
1556, 15.56000, 25.71052
1557, 15.57000, 22.08613
1558, 15.58000, 18.17954
1559, 15.59000, 16.98578
1560, 15.60000, 20.31399
1561, 15.61000, 25.05776
1562, 15.62000, 20.72712
1563, 15.63000, 27.61732
1564, 15.64000, 31.10391
1565, 15.65000, 26.12112
1566, 15.66000, 22.75901
1567, 15.67000, 23.73501
1568, 15.68000, 19.78018
1569, 15.69000, 18.67877
1570, 15.70000, 19.37910
1571, 15.71000, 20.12480
1572, 15.72000, 24.90032
1573, 15.73000, 22.88122
1574, 15.74000, 25.03249
1575, 15.75000, 22.21846
1576, 15.76000, 22.04719
1577, 15.77000, 20.39158
1578, 15.78000, 23.00265
1579, 15.79000, 31.96376
1580, 15.80000, 29.88697
1581, 15.81000, 28.95800
1582, 15.82000, 25.78879
1583, 15.83000, 24.21741
1584, 15.84000, 31.07838
1585, 15.85000, 19.08275
1586, 15.86000, 19.24546
1587, 15.87000, 22.06895
1588, 15.88000, 17.57805
1589, 15.89000, 24.11196
1590, 15.90000, 28.33967
1591, 15.91000, 23.90475
1592, 15.92000, 21.94094
1593, 15.93000, 30.39315
1594, 15.94000, 22.33190
1595, 15.95000, 26.04738
1596, 15.96000, 33.81531
1597, 15.97000, 31.58058
1598, 15.98000, 30.07156
1599, 15.99000, 25.23880
1600, 16.00000, 24.93636
1601, 16.01000, 25.05261
1602, 16.02000, 26.13832
1603, 16.03000, 23.29288
1604, 16.04000, 31.88766
1605, 16.05000, 25.33737
1606, 16.06000, 21.03306
1607, 16.07000, 25.19006
1608, 16.08000, 25.11328
1609, 16.09000, 17.40509
1610, 16.10000, 26.47310
1611, 16.11000, 30.74457
1612, 16.12000, 25.30367
1613, 16.13000, 25.46632
1614, 16.14000, 22.29512
1615, 16.15000, 22.10835
1616, 16.16000, 34.15575
1617, 16.17000, 31.22050
1618, 16.18000, 30.31563
1619, 16.19000, 22.30467
1620, 16.20000, 25.96531
1621, 16.21000, 25.07412
1622, 16.22000, 22.67107
1623, 16.23000, 19.51106
1624, 16.24000, 20.23254
1625, 16.25000, 22.84549
1626, 16.26000, 23.46682
1627, 16.27000, 31.31004
1628, 16.28000, 27.13971
1629, 16.29000, 35.16419
1630, 16.30000, 22.94171
1631, 16.31000, 26.36946
1632, 16.32000, 24.28905
1633, 16.33000, 21.74615
1634, 16.34000, 15.55114
1635, 16.35000, 19.53465
1636, 16.36000, 17.95592
1637, 16.37000, 22.21582
1638, 16.38000, 18.55301
1639, 16.39000, 18.50402
1640, 16.40000, 18.55139
1641, 16.41000, 23.03874
1642, 16.42000, 27.07986
1643, 16.43000, 27.63164
1644, 16.44000, 31.52018
1645, 16.45000, 38.63415
1646, 16.46000, 28.69111
1647, 16.47000, 24.39964
1648, 16.48000, 28.76611
1649, 16.49000, 17.65129
1650, 16.50000, 18.31168
1651, 16.51000, 16.47105
1652, 16.52000, 20.53772
1653, 16.53000, 23.33556
1654, 16.54000, 19.29116
1655, 16.55000, 15.20221
1656, 16.56000, 15.94518
1657, 16.57000, 19.46621
1658, 16.58000, 28.61011
1659, 16.59000, 30.06728
1660, 16.60000, 23.19127
1661, 16.61000, 19.28179
1662, 16.62000, 22.43622
1663, 16.63000, 27.17714
1664, 16.64000, 19.57671
1665, 16.65000, 19.98182
1666, 16.66000, 18.66781
1667, 16.67000, 18.43623
1668, 16.68000, 18.02938
1669, 16.69000, 18.96984
1670, 16.70000, 21.36850
1671, 16.71000, 22.53602
1672, 16.72000, 18.91363
1673, 16.73000, 21.15234
1674, 16.74000, 33.01237
1675, 16.75000, 37.59275
1676, 16.76000, 24.45526
1677, 16.77000, 28.11349
1678, 16.78000, 19.00747
1679, 16.79000, 19.11570
1680, 16.80000, 23.67315
1681, 16.81000, 18.47644
1682, 16.82000, 19.66971
1683, 16.83000, 22.70189
1684, 16.84000, 23.82723
1685, 16.85000, 26.68202
1686, 16.86000, 22.45329
1687, 16.87000, 22.14306
1688, 16.88000, 19.23574
1689, 16.89000, 31.23860
1690, 16.90000, 23.43509
1691, 16.91000, 27.96265
1692, 16.92000, 20.48362
1693, 16.93000, 21.52096
1694, 16.94000, 22.52908
1695, 16.95000, 23.58875
1696, 16.96000, 32.72107
1697, 16.97000, 25.88306
1698, 16.98000, 32.91848
1699, 16.99000, 30.01235
1700, 17.00000, 28.33348
1701, 17.01000, 20.83790
1702, 17.02000, 22.10003
1703, 17.03000, 18.11536
1704, 17.04000, 21.05998
1705, 17.05000, 21.17109
1706, 17.06000, 31.80385
1707, 17.07000, 31.08006
1708, 17.08000, 30.42083
1709, 17.09000, 25.64997
1710, 17.10000, 20.26372
1711, 17.11000, 19.85552
1712, 17.12000, 24.17665
1713, 17.13000, 20.61923
1714, 17.14000, 21.75519
1715, 17.15000, 25.43894
1716, 17.16000, 24.64579
1717, 17.17000, 21.93235
1718, 17.18000, 21.15224
1719, 17.19000, 18.17245
1720, 17.20000, 23.03648
1721, 17.21000, 33.35264
1722, 17.22000, 23.90776
1723, 17.23000, 30.63093
1724, 17.24000, 32.29039
1725, 17.25000, 27.88449
1726, 17.26000, 25.37425
1727, 17.27000, 22.32922
1728, 17.28000, 27.00669
1729, 17.29000, 28.38796
1730, 17.30000, 25.37485
1731, 17.31000, 25.56716
1732, 17.32000, 26.39839
1733, 17.33000, 21.01316
1734, 17.34000, 18.79518
1735, 17.35000, 17.45838
1736, 17.36000, 22.42200
1737, 17.37000, 22.38822
1738, 17.38000, 25.78254
1739, 17.39000, 30.03926
1740, 17.40000, 36.81158
1741, 17.41000, 23.58939
1742, 17.42000, 24.88960
1743, 17.43000, 22.81283
1744, 17.44000, 24.38523
1745, 17.45000, 27.39147
1746, 17.46000, 21.80056
1747, 17.47000, 27.00061
1748, 17.48000, 29.91719
1749, 17.49000, 23.35311
1750, 17.50000, 19.90933
1751, 17.51000, 16.91063
1752, 17.52000, 15.83426
1753, 17.53000, 23.81648
1754, 17.54000, 24.27317
1755, 17.55000, 29.22871
1756, 17.56000, 28.77417
1757, 17.57000, 24.92826
1758, 17.58000, 23.02253
1759, 17.59000, 17.19186
1760, 17.60000, 25.78573
1761, 17.61000, 23.52466
1762, 17.62000, 19.87547
1763, 17.63000, 23.27010
1764, 17.64000, 23.26078
1765, 17.65000, 28.85619
1766, 17.66000, 23.45722
1767, 17.67000, 21.32005
1768, 17.68000, 23.08526
1769, 17.69000, 27.00880
1770, 17.70000, 31.68292
1771, 17.71000, 25.84143
1772, 17.72000, 24.38227
1773, 17.73000, 25.25057
1774, 17.74000, 17.52382
1775, 17.75000, 17.73517
1776, 17.76000, 24.86049
1777, 17.77000, 17.04249
1778, 17.78000, 17.32231
1779, 17.79000, 22.23889
1780, 17.80000, 24.74725
1781, 17.81000, 21.38787
1782, 17.82000, 25.79063
1783, 17.83000, 25.01689
1784, 17.84000, 20.34869
1785, 17.85000, 26.52895
1786, 17.86000, 24.09959
1787, 17.87000, 26.80441
1788, 17.88000, 30.17198
1789, 17.89000, 22.38553
1790, 17.90000, 22.01142
1791, 17.91000, 21.60766
1792, 17.92000, 20.55493
1793, 17.93000, 24.47415
1794, 17.94000, 29.18207
1795, 17.95000, 25.85331
1796, 17.96000, 25.49668
1797, 17.97000, 20.02259
1798, 17.98000, 19.57992
1799, 17.99000, 17.65888
1800, 18.00000, 18.56108
1801, 18.01000, 22.67679
1802, 18.02000, 24.82962
1803, 18.03000, 26.83412
1804, 18.04000, 25.75343
1805, 18.05000, 23.39051
1806, 18.06000, 19.10089
1807, 18.07000, 26.53659
1808, 18.08000, 24.11371
1809, 18.09000, 19.58681
1810, 18.10000, 23.59281
1811, 18.11000, 15.75799
1812, 18.12000, 23.54262
1813, 18.13000, 31.28094
1814, 18.14000, 24.30040
1815, 18.15000, 24.39236
1816, 18.16000, 23.01655
1817, 18.17000, 40.21035
1818, 18.18000, 20.24818
1819, 18.19000, 32.47644
1820, 18.20000, 34.18687
1821, 18.21000, 26.05274
1822, 18.22000, 24.71999
1823, 18.23000, 28.07637
1824, 18.24000, 20.84931
1825, 18.25000, 21.91735
1826, 18.26000, 24.25762
1827, 18.27000, 20.58235
1828, 18.28000, 18.76611
1829, 18.29000, 19.32767
1830, 18.30000, 24.27487
1831, 18.31000, 17.99638
1832, 18.32000, 15.87627
1833, 18.33000, 16.58510
1834, 18.34000, 30.02623
1835, 18.35000, 26.68131
1836, 18.36000, 28.84481
1837, 18.37000, 22.54802
1838, 18.38000, 21.37403
1839, 18.39000, 22.62179
1840, 18.40000, 29.51773
1841, 18.41000, 20.55400
1842, 18.42000, 18.34082
1843, 18.43000, 17.97736
1844, 18.44000, 17.96075
1845, 18.45000, 20.72173
1846, 18.46000, 22.79287
1847, 18.47000, 19.25168
1848, 18.48000, 21.92680
1849, 18.49000, 21.97185
1850, 18.50000, 17.91785
1851, 18.51000, 26.86259
1852, 18.52000, 25.70382
1853, 18.53000, 21.68338
1854, 18.54000, 24.33994
1855, 18.55000, 18.18710
1856, 18.56000, 17.68462
1857, 18.57000, 17.04712
1858, 18.58000, 17.82417
1859, 18.59000, 16.81247
1860, 18.60000, 19.50239
1861, 18.61000, 17.15629
1862, 18.62000, 18.38960
1863, 18.63000, 19.53440
1864, 18.64000, 21.63870
1865, 18.65000, 17.16872
1866, 18.66000, 23.17408
1867, 18.67000, 25.79264
1868, 18.68000, 26.46091
1869, 18.69000, 21.49843
1870, 18.70000, 21.29853
1871, 18.71000, 16.91726
1872, 18.72000, 24.77455
1873, 18.73000, 19.24871
1874, 18.74000, 17.92132
1875, 18.75000, 17.42411
1876, 18.76000, 15.79374
1877, 18.77000, 16.95473
1878, 18.78000, 21.24288
1879, 18.79000, 19.82707
1880, 18.80000, 22.60038
1881, 18.81000, 21.85079
1882, 18.82000, 18.39003
1883, 18.83000, 24.10705
1884, 18.84000, 23.13244
1885, 18.85000, 19.22816
1886, 18.86000, 20.57874
1887, 18.87000, 21.26769
1888, 18.88000, 21.41945
1889, 18.89000, 18.95645
1890, 18.90000, 14.37268
1891, 18.91000, 15.71489
1892, 18.92000, 17.84192
1893, 18.93000, 19.21391
1894, 18.94000, 17.81609
1895, 18.95000, 17.09911
1896, 18.96000, 18.76191
1897, 18.97000, 19.22320
1898, 18.98000, 24.04916
1899, 18.99000, 26.38603
1900, 19.00000, 23.96340
1901, 19.01000, 23.64670
1902, 19.02000, 14.91926
1903, 19.03000, 17.67828
1904, 19.04000, 22.05721
1905, 19.05000, 16.96437
1906, 19.06000, 16.19260
1907, 19.07000, 18.19842
1908, 19.08000, 20.29211
1909, 19.09000, 19.74279
1910, 19.10000, 16.07344
1911, 19.11000, 18.65778
1912, 19.12000, 18.43364
1913, 19.13000, 22.99930
1914, 19.14000, 14.93175
1915, 19.15000, 19.34152
1916, 19.16000, 18.36046
1917, 19.17000, 16.82021
1918, 19.18000, 21.03077
1919, 19.19000, 21.86622
1920, 19.20000, 16.94847
1921, 19.21000, 16.84613
1922, 19.22000, 20.07941
1923, 19.23000, 19.55474
1924, 19.24000, 17.49722
1925, 19.25000, 19.03361
1926, 19.26000, 18.30629
1927, 19.27000, 17.08432
1928, 19.28000, 14.66907
1929, 19.29000, 14.19306
1930, 19.30000, 24.33157
1931, 19.31000, 18.89097
1932, 19.32000, 19.99183
1933, 19.33000, 18.44731
1934, 19.34000, 16.01570
1935, 19.35000, 17.44418
1936, 19.36000, 20.62048
1937, 19.37000, 15.10565
1938, 19.38000, 15.93261
1939, 19.39000, 17.47567
1940, 19.40000, 17.19567
1941, 19.41000, 15.24560
1942, 19.42000, 14.87803
1943, 19.43000, 16.27431
1944, 19.44000, 17.39997
1945, 19.45000, 20.65888
1946, 19.46000, 18.32833
1947, 19.47000, 21.88905
1948, 19.48000, 19.08033
1949, 19.49000, 17.25420
1950, 19.50000, 17.98644
1951, 19.51000, 14.63805
1952, 19.52000, 17.26380
1953, 19.53000, 19.46780
1954, 19.54000, 18.41499
1955, 19.55000, 20.76602
1956, 19.56000, 17.41472
1957, 19.57000, 14.96176
1958, 19.58000, 19.40799
1959, 19.59000, 16.42849
1960, 19.60000, 17.74040
1961, 19.61000, 16.79121
1962, 19.62000, 17.68669
1963, 19.63000, 22.93582
1964, 19.64000, 27.84548
1965, 19.65000, 20.04467
1966, 19.66000, 17.47896
1967, 19.67000, 18.52675
1968, 19.68000, 24.12896
1969, 19.69000, 20.09434
1970, 19.70000, 15.73025
1971, 19.71000, 15.39807
1972, 19.72000, 16.37831
1973, 19.73000, 16.56410
1974, 19.74000, 16.64045
1975, 19.75000, 13.88777
1976, 19.76000, 15.74242
1977, 19.77000, 25.07125
1978, 19.78000, 15.54088
1979, 19.79000, 17.53507
1980, 19.80000, 18.82426
1981, 19.81000, 15.11681
1982, 19.82000, 15.14233
1983, 19.83000, 11.44229
1984, 19.84000, 14.61911
1985, 19.85000, 13.50356
1986, 19.86000, 15.32313
1987, 19.87000, 14.69215
1988, 19.88000, 14.85420
1989, 19.89000, 13.44842
1990, 19.90000, 14.48812
1991, 19.91000, 13.25551
1992, 19.92000, 13.30535
1993, 19.93000, 12.88629
1994, 19.94000, 16.99010
1995, 19.95000, 17.23724
1996, 19.96000, 14.39249
1997, 19.97000, 15.48451
1998, 19.98000, 16.72426
1999, 19.99000, 13.48608
2000, 20.00000, 15.59389
2001, 20.01000, 12.13976
