nt, t, solve_time
1, 0.01000, 63.60111
2, 0.02000, 39.98201
3, 0.03000, 56.12052
4, 0.04000, 57.61056
5, 0.05000, 46.61282
6, 0.06000, 51.41894
7, 0.07000, 58.60638
8, 0.08000, 50.30996
9, 0.09000, 46.72421
10, 0.10000, 33.69393
11, 0.11000, 35.86073
12, 0.12000, 44.30277
13, 0.13000, 23.49619
14, 0.14000, 36.72715
15, 0.15000, 25.00265
16, 0.16000, 22.04641
17, 0.17000, 14.34896
18, 0.18000, 24.33285
19, 0.19000, 20.98175
20, 0.20000, 45.08631
21, 0.21000, 37.29280
22, 0.22000, 30.54822
23, 0.23000, 32.92310
24, 0.24000, 52.33046
25, 0.25000, 24.94956
26, 0.26000, 50.05391
27, 0.27000, 47.91522
28, 0.28000, 28.61707
29, 0.29000, 36.00142
30, 0.30000, 23.66464
31, 0.31000, 38.71500
32, 0.32000, 51.76588
33, 0.33000, 51.99319
34, 0.34000, 39.01833
35, 0.35000, 44.88377
36, 0.36000, 21.68790
37, 0.37000, 36.85949
38, 0.38000, 45.32302
39, 0.39000, 32.75895
40, 0.40000, 26.36192
41, 0.41000, 35.50638
42, 0.42000, 42.92106
43, 0.43000, 35.58867
44, 0.44000, 25.62353
45, 0.45000, 26.36262
46, 0.46000, 30.45999
47, 0.47000, 27.80388
48, 0.48000, 28.84726
49, 0.49000, 47.93447
50, 0.50000, 19.71088
51, 0.51000, 22.71191
52, 0.52000, 23.14570
53, 0.53000, 23.83090
54, 0.54000, 15.78679
55, 0.55000, 15.69755
56, 0.56000, 16.97558
57, 0.57000, 12.65165
58, 0.58000, 12.11780
59, 0.59000, 22.27054
60, 0.60000, 21.84876
61, 0.61000, 19.02147
62, 0.62000, 26.78902
63, 0.63000, 22.30968
64, 0.64000, 22.22166
65, 0.65000, 20.82224
66, 0.66000, 29.36786
67, 0.67000, 34.67654
68, 0.68000, 20.28282
69, 0.69000, 27.25512
70, 0.70000, 18.55776
71, 0.71000, 24.78217
72, 0.72000, 32.97388
73, 0.73000, 34.92576
74, 0.74000, 36.39102
75, 0.75000, 29.71148
76, 0.76000, 30.51628
77, 0.77000, 31.13957
78, 0.78000, 27.04191
79, 0.79000, 20.65219
80, 0.80000, 34.21970
81, 0.81000, 33.51941
82, 0.82000, 19.23959
83, 0.83000, 34.52808
84, 0.84000, 18.98191
85, 0.85000, 28.04624
86, 0.86000, 25.29924
87, 0.87000, 21.01146
88, 0.88000, 23.05855
89, 0.89000, 24.66764
90, 0.90000, 33.47795
91, 0.91000, 33.40206
92, 0.92000, 38.71371
93, 0.93000, 27.60224
94, 0.94000, 19.88097
95, 0.95000, 22.84927
96, 0.96000, 28.18289
97, 0.97000, 26.77845
98, 0.98000, 20.15126
99, 0.99000, 28.20747
100, 1.00000, 28.21275
101, 1.01000, 17.91760
102, 1.02000, 33.02422
103, 1.03000, 19.27406
104, 1.04000, 23.83608
105, 1.05000, 22.97620
106, 1.06000, 31.17188
107, 1.07000, 35.41906
108, 1.08000, 33.56058
109, 1.09000, 29.06896
110, 1.10000, 37.24940
111, 1.11000, 45.89021
112, 1.12000, 37.27973
113, 1.13000, 36.85917
114, 1.14000, 33.79700
115, 1.15000, 33.91377
116, 1.16000, 40.21030
117, 1.17000, 31.36302
118, 1.18000, 43.34048
119, 1.19000, 39.05773
120, 1.20000, 33.50343
121, 1.21000, 35.51008
122, 1.22000, 37.56843
123, 1.23000, 36.45913
124, 1.24000, 29.56562
125, 1.25000, 35.73287
126, 1.26000, 37.14654
127, 1.27000, 48.45528
128, 1.28000, 47.00103
129, 1.29000, 41.39237
130, 1.30000, 42.69874
131, 1.31000, 50.20056
132, 1.32000, 41.41910
133, 1.33000, 47.02012
134, 1.34000, 33.19966
135, 1.35000, 32.44173
136, 1.36000, 42.74739
137, 1.37000, 33.96518
138, 1.38000, 37.42274
139, 1.39000, 48.40289
140, 1.40000, 44.78720
141, 1.41000, 53.09995
142, 1.42000, 53.29997
143, 1.43000, 48.84424
144, 1.44000, 31.34813
145, 1.45000, 29.08133
146, 1.46000, 35.34903
147, 1.47000, 25.03295
148, 1.48000, 25.63804
149, 1.49000, 47.22143
150, 1.50000, 33.41767
151, 1.51000, 36.39244
152, 1.52000, 39.81504
153, 1.53000, 28.47591
154, 1.54000, 31.79493
155, 1.55000, 43.76538
156, 1.56000, 47.28369
157, 1.57000, 38.15666
158, 1.58000, 43.22578
159, 1.59000, 32.53786
160, 1.60000, 34.67587
161, 1.61000, 39.76603
162, 1.62000, 36.38021
163, 1.63000, 30.41770
164, 1.64000, 27.03161
165, 1.65000, 33.96303
166, 1.66000, 39.42577
167, 1.67000, 48.90306
168, 1.68000, 41.37006
169, 1.69000, 40.23374
170, 1.70000, 42.58524
171, 1.71000, 39.11358
172, 1.72000, 36.96352
173, 1.73000, 28.61821
174, 1.74000, 31.40791
175, 1.75000, 42.21594
176, 1.76000, 51.70651
177, 1.77000, 43.42384
178, 1.78000, 29.47910
179, 1.79000, 33.17826
180, 1.80000, 41.29790
181, 1.81000, 36.54520
182, 1.82000, 41.57925
183, 1.83000, 38.99656
184, 1.84000, 44.60086
185, 1.85000, 26.82395
186, 1.86000, 34.12414
187, 1.87000, 26.90217
188, 1.88000, 41.24406
189, 1.89000, 39.01020
190, 1.90000, 34.89996
191, 1.91000, 40.45447
192, 1.92000, 40.17809
193, 1.93000, 38.74902
194, 1.94000, 38.73139
195, 1.95000, 32.32483
196, 1.96000, 41.27110
197, 1.97000, 37.97639
198, 1.98000, 41.47224
199, 1.99000, 20.91681
200, 2.00000, 27.79910
201, 2.01000, 21.64331
202, 2.02000, 25.29305
203, 2.03000, 36.37410
204, 2.04000, 39.83079
205, 2.05000, 34.14324
206, 2.06000, 39.80674
207, 2.07000, 38.14800
208, 2.08000, 25.30376
209, 2.09000, 22.21002
210, 2.10000, 27.44981
211, 2.11000, 20.93374
212, 2.12000, 19.21274
213, 2.13000, 25.89983
214, 2.14000, 30.87110
215, 2.15000, 23.49366
216, 2.16000, 26.23027
217, 2.17000, 22.69181
218, 2.18000, 35.85701
219, 2.19000, 29.21938
220, 2.20000, 25.34737
221, 2.21000, 24.26612
222, 2.22000, 22.01928
223, 2.23000, 28.97005
224, 2.24000, 23.99199
225, 2.25000, 28.28287
226, 2.26000, 24.19112
227, 2.27000, 24.14371
228, 2.28000, 30.00754
229, 2.29000, 24.78317
230, 2.30000, 30.86946
231, 2.31000, 27.06885
232, 2.32000, 36.38810
233, 2.33000, 31.71114
234, 2.34000, 26.32686
235, 2.35000, 28.72286
236, 2.36000, 33.03564
237, 2.37000, 25.14823
238, 2.38000, 26.92814
239, 2.39000, 29.40775
240, 2.40000, 28.62738
241, 2.41000, 32.56173
242, 2.42000, 32.31000
243, 2.43000, 19.15574
244, 2.44000, 18.75628
245, 2.45000, 19.37014
246, 2.46000, 17.68275
247, 2.47000, 28.29304
248, 2.48000, 29.05121
249, 2.49000, 34.48672
250, 2.50000, 35.91267
251, 2.51000, 26.89757
252, 2.52000, 28.58485
253, 2.53000, 25.33677
254, 2.54000, 29.03972
255, 2.55000, 33.42809
256, 2.56000, 26.54112
257, 2.57000, 24.70203
258, 2.58000, 28.76766
259, 2.59000, 26.87952
260, 2.60000, 28.44228
261, 2.61000, 31.80051
262, 2.62000, 23.01631
263, 2.63000, 20.79475
264, 2.64000, 24.13079
265, 2.65000, 25.39975
266, 2.66000, 27.05477
267, 2.67000, 36.39544
268, 2.68000, 34.35852
269, 2.69000, 34.61143
270, 2.70000, 29.67663
271, 2.71000, 28.65076
272, 2.72000, 38.58401
273, 2.73000, 31.17943
274, 2.74000, 26.41792
275, 2.75000, 23.13469
276, 2.76000, 25.23863
277, 2.77000, 23.77064
278, 2.78000, 23.19525
279, 2.79000, 25.37360
280, 2.80000, 24.75713
281, 2.81000, 27.31227
282, 2.82000, 24.08163
283, 2.83000, 25.68608
284, 2.84000, 27.49599
285, 2.85000, 30.21997
286, 2.86000, 27.28782
287, 2.87000, 26.88184
288, 2.88000, 25.56923
289, 2.89000, 27.84421
290, 2.90000, 22.69660
291, 2.91000, 36.25003
292, 2.92000, 30.78600
293, 2.93000, 24.60285
294, 2.94000, 29.31187
295, 2.95000, 22.47495
296, 2.96000, 23.49336
297, 2.97000, 28.38912
298, 2.98000, 26.27973
299, 2.99000, 34.64831
300, 3.00000, 24.31228
301, 3.01000, 28.31792
302, 3.02000, 26.05257
303, 3.03000, 20.69121
304, 3.04000, 22.02084
305, 3.05000, 23.68211
306, 3.06000, 21.70479
307, 3.07000, 26.28520
308, 3.08000, 30.09963
309, 3.09000, 28.57554
310, 3.10000, 24.35413
311, 3.11000, 28.77787
312, 3.12000, 22.99772
313, 3.13000, 20.76053
314, 3.14000, 31.90476
315, 3.15000, 33.43085
316, 3.16000, 27.95142
317, 3.17000, 23.65763
318, 3.18000, 31.61641
319, 3.19000, 43.47573
320, 3.20000, 32.71149
321, 3.21000, 34.64752
322, 3.22000, 22.16361
323, 3.23000, 34.42174
324, 3.24000, 23.13611
325, 3.25000, 25.20104
326, 3.26000, 30.62745
327, 3.27000, 38.78340
328, 3.28000, 21.62293
329, 3.29000, 39.25556
330, 3.30000, 44.06931
331, 3.31000, 32.72160
332, 3.32000, 35.77914
333, 3.33000, 30.98196
334, 3.34000, 38.06394
335, 3.35000, 31.84230
336, 3.36000, 27.37247
337, 3.37000, 27.43470
338, 3.38000, 18.90839
339, 3.39000, 19.36426
340, 3.40000, 17.60334
341, 3.41000, 13.71656
342, 3.42000, 15.10952
343, 3.43000, 16.93086
344, 3.44000, 22.01836
345, 3.45000, 23.45386
346, 3.46000, 49.77054
347, 3.47000, 49.12892
348, 3.48000, 28.50584
349, 3.49000, 30.31434
350, 3.50000, 34.50973
351, 3.51000, 37.77438
352, 3.52000, 26.94423
353, 3.53000, 35.17125
354, 3.54000, 19.28473
355, 3.55000, 29.09204
356, 3.56000, 20.29897
357, 3.57000, 46.24635
358, 3.58000, 33.19493
359, 3.59000, 23.30140
360, 3.60000, 24.50789
361, 3.61000, 19.92513
362, 3.62000, 22.19376
363, 3.63000, 27.32401
364, 3.64000, 35.47044
365, 3.65000, 36.45640
366, 3.66000, 27.17451
367, 3.67000, 32.84079
368, 3.68000, 29.67882
369, 3.69000, 32.32379
370, 3.70000, 40.26648
371, 3.71000, 34.34286
372, 3.72000, 26.87040
373, 3.73000, 20.88730
374, 3.74000, 19.01550
375, 3.75000, 28.40911
376, 3.76000, 30.30326
377, 3.77000, 31.21760
378, 3.78000, 20.46174
379, 3.79000, 22.20722
380, 3.80000, 19.66064
381, 3.81000, 21.69273
382, 3.82000, 23.30401
383, 3.83000, 25.85912
384, 3.84000, 31.72851
385, 3.85000, 39.15859
386, 3.86000, 28.66576
387, 3.87000, 25.37969
388, 3.88000, 26.45826
389, 3.89000, 26.11712
390, 3.90000, 23.34526
391, 3.91000, 26.02246
392, 3.92000, 34.03889
393, 3.93000, 19.18979
394, 3.94000, 28.67977
395, 3.95000, 29.47932
396, 3.96000, 31.14611
397, 3.97000, 31.84853
398, 3.98000, 27.47603
399, 3.99000, 25.24020
400, 4.00000, 30.15688
401, 4.01000, 22.43238
402, 4.02000, 20.03110
403, 4.03000, 16.75511
404, 4.04000, 22.87523
405, 4.05000, 22.94932
406, 4.06000, 25.37042
407, 4.07000, 29.13649
408, 4.08000, 24.72064
409, 4.09000, 22.54641
410, 4.10000, 25.75043
411, 4.11000, 26.90238
412, 4.12000, 21.43367
413, 4.13000, 21.08493
414, 4.14000, 30.69502
415, 4.15000, 36.46566
416, 4.16000, 39.01954
417, 4.17000, 34.51503
418, 4.18000, 31.54980
419, 4.19000, 30.04980
420, 4.20000, 21.93762
421, 4.21000, 22.02830
422, 4.22000, 25.79508
423, 4.23000, 18.42581
424, 4.24000, 21.90046
425, 4.25000, 23.13245
426, 4.26000, 32.61075
427, 4.27000, 25.11792
428, 4.28000, 25.00998
429, 4.29000, 23.44457
430, 4.30000, 26.40047
431, 4.31000, 26.96316
432, 4.32000, 29.38752
433, 4.33000, 25.37561
434, 4.34000, 29.99306
435, 4.35000, 27.81321
436, 4.36000, 29.52119
437, 4.37000, 27.44198
438, 4.38000, 23.19914
439, 4.39000, 19.71883
440, 4.40000, 25.82717
441, 4.41000, 27.17052
442, 4.42000, 25.43698
443, 4.43000, 35.19632
444, 4.44000, 41.78221
445, 4.45000, 29.34908
446, 4.46000, 34.21096
447, 4.47000, 35.73405
448, 4.48000, 28.75360
449, 4.49000, 30.73177
450, 4.50000, 31.59816
451, 4.51000, 26.45636
452, 4.52000, 26.25471
453, 4.53000, 21.20041
454, 4.54000, 23.72727
455, 4.55000, 22.49203
456, 4.56000, 16.92793
457, 4.57000, 23.25749
458, 4.58000, 30.83967
459, 4.59000, 32.53532
460, 4.60000, 31.23518
461, 4.61000, 33.40538
462, 4.62000, 31.70432
463, 4.63000, 33.47462
464, 4.64000, 26.76523
465, 4.65000, 28.75864
466, 4.66000, 31.98750
467, 4.67000, 25.25501
468, 4.68000, 28.85124
469, 4.69000, 25.52040
470, 4.70000, 25.15957
471, 4.71000, 28.31681
472, 4.72000, 24.38026
473, 4.73000, 20.75821
474, 4.74000, 24.02367
475, 4.75000, 25.74345
476, 4.76000, 29.17444
477, 4.77000, 30.06475
478, 4.78000, 29.14868
479, 4.79000, 26.90235
480, 4.80000, 26.33246
481, 4.81000, 32.31021
482, 4.82000, 24.61713
483, 4.83000, 26.13047
484, 4.84000, 27.16712
485, 4.85000, 25.08388
486, 4.86000, 24.83656
487, 4.87000, 28.16665
488, 4.88000, 29.92096
489, 4.89000, 29.30781
490, 4.90000, 23.74120
491, 4.91000, 37.38237
492, 4.92000, 27.59726
493, 4.93000, 21.55922
494, 4.94000, 23.33535
495, 4.95000, 33.42603
496, 4.96000, 37.80986
497, 4.97000, 27.04363
498, 4.98000, 27.84674
499, 4.99000, 35.41739
500, 5.00000, 35.83063
501, 5.01000, 27.98076
502, 5.02000, 26.00083
503, 5.03000, 24.45952
504, 5.04000, 28.25092
505, 5.05000, 29.44725
506, 5.06000, 28.24807
507, 5.07000, 27.34874
508, 5.08000, 27.14466
509, 5.09000, 28.86790
510, 5.10000, 27.01529
511, 5.11000, 31.11453
512, 5.12000, 28.00990
513, 5.13000, 31.55993
514, 5.14000, 32.45948
515, 5.15000, 26.38131
516, 5.16000, 22.05884
517, 5.17000, 20.21705
518, 5.18000, 19.50051
519, 5.19000, 17.25367
520, 5.20000, 15.65708
521, 5.21000, 17.04443
522, 5.22000, 16.68801
523, 5.23000, 21.20454
524, 5.24000, 17.82855
525, 5.25000, 24.81460
526, 5.26000, 32.64777
527, 5.27000, 32.91184
528, 5.28000, 29.31015
529, 5.29000, 31.59054
530, 5.30000, 32.50401
531, 5.31000, 25.88525
532, 5.32000, 17.53726
533, 5.33000, 14.47063
534, 5.34000, 21.84554
535, 5.35000, 28.03577
536, 5.36000, 22.03541
537, 5.37000, 26.27995
538, 5.38000, 23.47259
539, 5.39000, 23.72322
540, 5.40000, 20.50003
541, 5.41000, 22.45551
542, 5.42000, 19.22056
543, 5.43000, 32.68028
544, 5.44000, 27.89699
545, 5.45000, 23.44767
546, 5.46000, 34.88838
547, 5.47000, 19.95611
548, 5.48000, 26.82005
549, 5.49000, 22.21030
550, 5.50000, 25.45997
551, 5.51000, 23.52171
552, 5.52000, 22.90144
553, 5.53000, 32.40426
554, 5.54000, 21.12813
555, 5.55000, 39.62120
556, 5.56000, 31.48410
557, 5.57000, 28.03938
558, 5.58000, 31.83892
559, 5.59000, 27.21101
560, 5.60000, 24.36505
561, 5.61000, 28.55252
562, 5.62000, 28.26465
563, 5.63000, 34.57342
564, 5.64000, 24.13657
565, 5.65000, 22.78965
566, 5.66000, 23.87277
567, 5.67000, 30.89397
568, 5.68000, 25.70324
569, 5.69000, 25.72720
570, 5.70000, 14.39998
571, 5.71000, 22.19718
572, 5.72000, 27.85091
573, 5.73000, 33.57421
574, 5.74000, 26.06648
575, 5.75000, 23.39812
576, 5.76000, 31.98595
577, 5.77000, 30.41382
578, 5.78000, 25.88577
579, 5.79000, 22.29124
580, 5.80000, 27.76585
581, 5.81000, 23.52955
582, 5.82000, 26.03483
583, 5.83000, 33.07149
584, 5.84000, 27.90307
585, 5.85000, 23.91019
586, 5.86000, 20.20034
587, 5.87000, 28.91468
588, 5.88000, 26.47907
589, 5.89000, 26.12087
590, 5.90000, 26.04848
591, 5.91000, 26.07724
592, 5.92000, 25.85068
593, 5.93000, 27.66901
594, 5.94000, 24.75522
595, 5.95000, 32.28123
596, 5.96000, 18.61946
597, 5.97000, 21.97306
598, 5.98000, 24.04635
599, 5.99000, 22.38482
600, 6.00000, 23.48359
601, 6.01000, 22.27240
602, 6.02000, 21.07469
603, 6.03000, 28.55611
604, 6.04000, 34.68192
605, 6.05000, 30.54532
606, 6.06000, 27.04546
607, 6.07000, 37.59570
608, 6.08000, 25.29698
609, 6.09000, 29.67304
610, 6.10000, 27.69471
611, 6.11000, 29.31744
612, 6.12000, 26.74771
613, 6.13000, 21.53677
614, 6.14000, 17.80259
615, 6.15000, 22.02979
616, 6.16000, 26.66319
617, 6.17000, 19.94055
618, 6.18000, 25.51257
619, 6.19000, 31.00619
620, 6.20000, 23.01958
621, 6.21000, 28.87151
622, 6.22000, 32.19395
623, 6.23000, 38.18073
624, 6.24000, 30.40456
625, 6.25000, 29.23715
626, 6.26000, 20.67030
627, 6.27000, 37.09014
628, 6.28000, 21.79019
629, 6.29000, 20.81244
630, 6.30000, 19.56373
631, 6.31000, 19.28358
632, 6.32000, 22.80524
633, 6.33000, 24.24598
634, 6.34000, 20.21214
635, 6.35000, 20.80423
636, 6.36000, 24.40659
637, 6.37000, 36.92603
638, 6.38000, 29.98983
639, 6.39000, 23.69658
640, 6.40000, 22.91353
641, 6.41000, 25.85114
642, 6.42000, 30.34131
643, 6.43000, 40.61204
644, 6.44000, 29.46884
645, 6.45000, 33.13860
646, 6.46000, 26.15384
647, 6.47000, 25.52532
648, 6.48000, 23.55684
649, 6.49000, 26.33354
650, 6.50000, 23.15494
651, 6.51000, 28.76330
652, 6.52000, 31.09587
653, 6.53000, 27.53560
654, 6.54000, 33.57407
655, 6.55000, 32.40060
656, 6.56000, 29.02346
657, 6.57000, 29.86651
658, 6.58000, 31.44564
659, 6.59000, 37.29109
660, 6.60000, 29.68886
661, 6.61000, 25.74979
662, 6.62000, 22.06860
663, 6.63000, 19.81013
664, 6.64000, 19.78874
665, 6.65000, 27.52893
666, 6.66000, 22.24804
667, 6.67000, 23.46126
668, 6.68000, 26.36202
669, 6.69000, 22.95355
670, 6.70000, 33.13498
671, 6.71000, 27.77061
672, 6.72000, 32.32530
673, 6.73000, 27.22908
674, 6.74000, 32.71962
675, 6.75000, 32.28242
676, 6.76000, 24.22737
677, 6.77000, 24.43573
678, 6.78000, 25.90066
679, 6.79000, 26.36814
680, 6.80000, 29.32524
681, 6.81000, 26.53240
682, 6.82000, 28.48979
683, 6.83000, 21.70867
684, 6.84000, 27.12337
685, 6.85000, 32.52145
686, 6.86000, 36.81076
687, 6.87000, 35.29561
688, 6.88000, 35.88326
689, 6.89000, 29.18727
690, 6.90000, 23.41641
691, 6.91000, 26.26800
692, 6.92000, 20.11891
693, 6.93000, 22.60711
694, 6.94000, 22.28396
695, 6.95000, 21.99311
696, 6.96000, 31.48118
697, 6.97000, 28.60023
698, 6.98000, 20.34249
699, 6.99000, 20.52709
700, 7.00000, 18.49958
701, 7.01000, 21.19869
702, 7.02000, 25.31792
703, 7.03000, 31.81630
704, 7.04000, 34.04876
705, 7.05000, 29.75952
706, 7.06000, 29.34041
707, 7.07000, 30.34473
708, 7.08000, 27.38229
709, 7.09000, 33.13562
710, 7.10000, 19.41499
711, 7.11000, 17.56218
712, 7.12000, 15.87453
713, 7.13000, 19.16584
714, 7.14000, 24.56085
715, 7.15000, 22.17210
716, 7.16000, 27.63030
717, 7.17000, 32.30558
718, 7.18000, 30.78986
719, 7.19000, 29.40073
720, 7.20000, 31.11415
721, 7.21000, 35.76513
722, 7.22000, 27.45806
723, 7.23000, 22.45885
724, 7.24000, 20.98633
725, 7.25000, 18.55468
726, 7.26000, 23.05354
727, 7.27000, 22.88397
728, 7.28000, 25.13283
729, 7.29000, 24.76084
730, 7.30000, 24.56094
731, 7.31000, 20.10869
732, 7.32000, 19.32315
733, 7.33000, 23.68813
734, 7.34000, 22.84302
735, 7.35000, 26.27025
736, 7.36000, 26.54123
737, 7.37000, 33.64498
738, 7.38000, 35.38207
739, 7.39000, 26.35318
740, 7.40000, 23.26199
741, 7.41000, 22.88160
742, 7.42000, 27.23234
743, 7.43000, 19.73221
744, 7.44000, 26.90452
745, 7.45000, 28.98655
746, 7.46000, 28.01296
747, 7.47000, 30.54341
748, 7.48000, 29.80814
749, 7.49000, 33.14896
750, 7.50000, 36.68127
751, 7.51000, 32.29155
752, 7.52000, 29.63622
753, 7.53000, 33.97004
754, 7.54000, 34.63825
755, 7.55000, 26.37141
756, 7.56000, 30.46045
757, 7.57000, 25.77407
758, 7.58000, 25.20341
759, 7.59000, 24.05810
760, 7.60000, 24.13416
761, 7.61000, 23.06679
762, 7.62000, 21.17276
763, 7.63000, 18.75018
764, 7.64000, 19.26562
765, 7.65000, 26.97609
766, 7.66000, 31.39335
767, 7.67000, 30.12721
768, 7.68000, 30.76622
769, 7.69000, 29.56509
770, 7.70000, 26.89099
771, 7.71000, 30.19226
772, 7.72000, 26.00272
773, 7.73000, 25.29655
774, 7.74000, 23.43868
775, 7.75000, 34.45359
776, 7.76000, 28.96231
777, 7.77000, 28.40475
778, 7.78000, 21.85281
779, 7.79000, 28.34355
780, 7.80000, 35.08868
781, 7.81000, 22.14088
782, 7.82000, 33.40427
783, 7.83000, 37.63733
784, 7.84000, 28.21784
785, 7.85000, 23.69179
786, 7.86000, 24.92454
787, 7.87000, 28.72094
788, 7.88000, 27.43950
789, 7.89000, 29.58972
790, 7.90000, 23.85050
791, 7.91000, 21.43455
792, 7.92000, 20.41699
793, 7.93000, 19.39577
794, 7.94000, 20.51651
795, 7.95000, 18.92971
796, 7.96000, 24.98951
797, 7.97000, 23.41297
798, 7.98000, 37.20021
799, 7.99000, 37.52314
800, 8.00000, 36.29794
801, 8.01000, 32.68128
802, 8.02000, 30.56992
803, 8.03000, 26.36047
804, 8.04000, 22.93028
805, 8.05000, 25.00968
806, 8.06000, 22.38687
807, 8.07000, 24.50718
808, 8.08000, 21.55002
809, 8.09000, 28.82981
810, 8.10000, 31.07496
811, 8.11000, 31.17961
812, 8.12000, 29.61993
813, 8.13000, 39.83295
814, 8.14000, 30.35715
815, 8.15000, 36.55665
816, 8.16000, 30.05049
817, 8.17000, 30.93637
818, 8.18000, 34.58475
819, 8.19000, 29.12555
820, 8.20000, 29.04031
821, 8.21000, 24.98774
822, 8.22000, 22.03356
823, 8.23000, 20.85113
824, 8.24000, 20.19173
825, 8.25000, 24.27269
826, 8.26000, 21.76138
827, 8.27000, 27.04523
828, 8.28000, 27.90107
829, 8.29000, 32.64162
830, 8.30000, 30.23913
831, 8.31000, 35.07845
832, 8.32000, 24.13016
833, 8.33000, 29.29689
834, 8.34000, 34.15397
835, 8.35000, 28.86880
836, 8.36000, 30.08586
837, 8.37000, 27.31649
838, 8.38000, 25.28688
839, 8.39000, 26.15399
840, 8.40000, 26.76630
841, 8.41000, 23.73183
842, 8.42000, 27.25863
843, 8.43000, 27.68200
844, 8.44000, 29.22944
845, 8.45000, 31.49371
846, 8.46000, 35.79206
847, 8.47000, 31.50840
848, 8.48000, 27.45431
849, 8.49000, 24.22847
850, 8.50000, 33.06684
851, 8.51000, 33.12505
852, 8.52000, 24.56901
853, 8.53000, 21.71257
854, 8.54000, 19.63442
855, 8.55000, 23.83917
856, 8.56000, 30.20659
857, 8.57000, 28.91670
858, 8.58000, 29.57042
859, 8.59000, 21.29581
860, 8.60000, 16.71487
861, 8.61000, 17.88691
862, 8.62000, 25.02662
863, 8.63000, 33.38976
864, 8.64000, 31.23900
865, 8.65000, 29.75198
866, 8.66000, 29.99965
867, 8.67000, 30.20565
868, 8.68000, 22.57660
869, 8.69000, 20.64033
870, 8.70000, 22.66977
871, 8.71000, 30.29202
872, 8.72000, 32.21136
873, 8.73000, 23.38282
874, 8.74000, 19.87365
875, 8.75000, 25.67983
876, 8.76000, 29.00944
877, 8.77000, 34.18412
878, 8.78000, 23.32946
879, 8.79000, 27.38763
880, 8.80000, 23.71918
881, 8.81000, 26.46222
882, 8.82000, 34.08540
883, 8.83000, 39.97454
884, 8.84000, 35.64574
885, 8.85000, 27.31512
886, 8.86000, 24.87064
887, 8.87000, 23.63693
888, 8.88000, 29.67403
889, 8.89000, 35.61927
890, 8.90000, 32.22530
891, 8.91000, 23.58168
892, 8.92000, 19.80286
893, 8.93000, 21.69154
894, 8.94000, 24.17292
895, 8.95000, 30.59359
896, 8.96000, 25.54022
897, 8.97000, 27.99857
898, 8.98000, 34.32187
899, 8.99000, 30.46969
900, 9.00000, 26.57381
901, 9.01000, 19.69408
902, 9.02000, 25.79331
903, 9.03000, 29.33793
904, 9.04000, 25.54147
905, 9.05000, 27.56378
906, 9.06000, 29.46287
907, 9.07000, 25.41313
908, 9.08000, 26.68313
909, 9.09000, 30.69945
910, 9.10000, 34.79031
911, 9.11000, 32.09421
912, 9.12000, 35.04016
913, 9.13000, 36.62245
914, 9.14000, 30.40985
915, 9.15000, 31.89831
916, 9.16000, 19.92096
917, 9.17000, 28.87531
918, 9.18000, 18.04269
919, 9.19000, 18.56227
920, 9.20000, 22.87254
921, 9.21000, 22.99845
922, 9.22000, 21.26458
923, 9.23000, 18.65554
924, 9.24000, 32.52400
925, 9.25000, 24.53341
926, 9.26000, 33.20739
927, 9.27000, 23.57214
928, 9.28000, 28.75118
929, 9.29000, 30.13954
930, 9.30000, 29.96224
931, 9.31000, 26.18448
932, 9.32000, 27.41401
933, 9.33000, 23.55276
934, 9.34000, 23.50006
935, 9.35000, 23.70746
936, 9.36000, 20.13391
937, 9.37000, 24.96413
938, 9.38000, 23.15808
939, 9.39000, 16.93265
940, 9.40000, 26.02916
941, 9.41000, 31.34145
942, 9.42000, 22.95022
943, 9.43000, 23.42861
944, 9.44000, 25.92844
945, 9.45000, 20.53925
946, 9.46000, 25.65317
947, 9.47000, 23.69296
948, 9.48000, 29.62301
949, 9.49000, 38.52434
950, 9.50000, 20.27988
951, 9.51000, 20.43644
952, 9.52000, 18.70152
953, 9.53000, 17.10181
954, 9.54000, 17.30456
955, 9.55000, 17.58718
956, 9.56000, 31.48207
957, 9.57000, 23.38845
958, 9.58000, 30.73074
959, 9.59000, 32.35877
960, 9.60000, 34.11633
961, 9.61000, 32.85454
962, 9.62000, 36.87337
963, 9.63000, 25.94685
964, 9.64000, 20.18699
965, 9.65000, 18.65210
966, 9.66000, 21.10200
967, 9.67000, 19.40583
968, 9.68000, 21.63908
969, 9.69000, 25.21275
970, 9.70000, 26.91828
971, 9.71000, 24.99492
972, 9.72000, 19.79180
973, 9.73000, 29.33200
974, 9.74000, 26.48967
975, 9.75000, 27.26889
976, 9.76000, 30.48002
977, 9.77000, 32.45665
978, 9.78000, 33.95834
979, 9.79000, 28.68359
980, 9.80000, 29.85041
981, 9.81000, 34.46259
982, 9.82000, 22.69846
983, 9.83000, 21.35436
984, 9.84000, 19.34193
985, 9.85000, 16.90651
986, 9.86000, 23.13741
987, 9.87000, 25.42949
988, 9.88000, 28.70404
989, 9.89000, 23.70626
990, 9.90000, 21.87464
991, 9.91000, 16.77913
992, 9.92000, 18.61517
993, 9.93000, 25.88721
994, 9.94000, 35.54793
995, 9.95000, 26.30931
996, 9.96000, 25.99199
997, 9.97000, 28.67895
998, 9.98000, 22.67908
999, 9.99000, 26.60655
1000, 10.00000, 22.04251
1001, 10.01000, 19.49187
1002, 10.02000, 19.11421
1003, 10.03000, 19.75066
1004, 10.04000, 21.14317
1005, 10.05000, 24.85241
1006, 10.06000, 24.33953
1007, 10.07000, 28.65069
1008, 10.08000, 29.63362
1009, 10.09000, 32.09231
1010, 10.10000, 30.10291
1011, 10.11000, 25.66692
1012, 10.12000, 31.61372
1013, 10.13000, 30.69323
1014, 10.14000, 31.80936
1015, 10.15000, 27.37666
1016, 10.16000, 33.25204
1017, 10.17000, 23.88183
1018, 10.18000, 23.58766
1019, 10.19000, 21.04167
1020, 10.20000, 22.42032
1021, 10.21000, 20.75564
1022, 10.22000, 20.56177
1023, 10.23000, 26.81496
1024, 10.24000, 30.14281
1025, 10.25000, 27.12721
1026, 10.26000, 32.88086
1027, 10.27000, 27.00610
1028, 10.28000, 26.82308
1029, 10.29000, 27.24820
1030, 10.30000, 26.30640
1031, 10.31000, 26.00632
1032, 10.32000, 21.11292
1033, 10.33000, 19.10493
1034, 10.34000, 16.17307
1035, 10.35000, 22.77233
1036, 10.36000, 27.63229
1037, 10.37000, 22.67736
1038, 10.38000, 30.06604
1039, 10.39000, 35.01180
1040, 10.40000, 29.89526
1041, 10.41000, 27.24321
1042, 10.42000, 32.82465
1043, 10.43000, 34.82078
1044, 10.44000, 33.08002
1045, 10.45000, 26.88445
1046, 10.46000, 25.06000
1047, 10.47000, 23.01940
1048, 10.48000, 20.44123
1049, 10.49000, 25.02108
1050, 10.50000, 21.88078
1051, 10.51000, 23.60499
1052, 10.52000, 27.61384
1053, 10.53000, 27.18724
1054, 10.54000, 30.57938
1055, 10.55000, 36.59315
1056, 10.56000, 27.38152
1057, 10.57000, 34.98162
1058, 10.58000, 32.14994
1059, 10.59000, 31.87822
1060, 10.60000, 31.55423
1061, 10.61000, 30.46795
1062, 10.62000, 26.30213
1063, 10.63000, 19.49863
1064, 10.64000, 22.75102
1065, 10.65000, 23.35544
1066, 10.66000, 26.09411
1067, 10.67000, 24.34852
1068, 10.68000, 30.45942
1069, 10.69000, 30.02907
1070, 10.70000, 28.39283
1071, 10.71000, 32.58734
1072, 10.72000, 38.78980
1073, 10.73000, 32.42478
1074, 10.74000, 36.01955
1075, 10.75000, 32.26672
1076, 10.76000, 27.89385
1077, 10.77000, 25.34265
1078, 10.78000, 31.33873
1079, 10.79000, 28.47443
1080, 10.80000, 24.72639
1081, 10.81000, 24.49815
1082, 10.82000, 21.13318
1083, 10.83000, 18.61116
1084, 10.84000, 16.88510
1085, 10.85000, 21.62991
1086, 10.86000, 19.82668
1087, 10.87000, 30.45307
1088, 10.88000, 29.69177
1089, 10.89000, 28.83412
1090, 10.90000, 32.48549
1091, 10.91000, 27.42488
1092, 10.92000, 35.94928
1093, 10.93000, 39.50436
1094, 10.94000, 23.44987
1095, 10.95000, 19.19242
1096, 10.96000, 17.85565
1097, 10.97000, 15.27908
1098, 10.98000, 15.80663
1099, 10.99000, 19.12783
1100, 11.00000, 22.46952
1101, 11.01000, 28.40624
1102, 11.02000, 35.34851
1103, 11.03000, 25.87737
1104, 11.04000, 31.74469
1105, 11.05000, 24.98470
1106, 11.06000, 26.02384
1107, 11.07000, 23.88560
1108, 11.08000, 24.87601
1109, 11.09000, 17.99931
1110, 11.10000, 20.63738
1111, 11.11000, 19.83226
1112, 11.12000, 19.63499
1113, 11.13000, 24.94908
1114, 11.14000, 27.45126
1115, 11.15000, 26.46562
1116, 11.16000, 28.66828
1117, 11.17000, 26.88778
1118, 11.18000, 29.98569
1119, 11.19000, 30.89434
1120, 11.20000, 20.63733
1121, 11.21000, 28.55514
1122, 11.22000, 33.68288
1123, 11.23000, 34.35944
1124, 11.24000, 33.44326
1125, 11.25000, 22.45996
1126, 11.26000, 27.48876
1127, 11.27000, 25.23101
1128, 11.28000, 27.87924
1129, 11.29000, 28.12421
1130, 11.30000, 27.86637
1131, 11.31000, 28.73397
1132, 11.32000, 23.30545
1133, 11.33000, 20.43125
1134, 11.34000, 25.97792
1135, 11.35000, 21.92287
1136, 11.36000, 30.95644
1137, 11.37000, 25.48080
1138, 11.38000, 30.03200
1139, 11.39000, 38.86733
1140, 11.40000, 29.24529
1141, 11.41000, 19.85573
1142, 11.42000, 30.49121
1143, 11.43000, 21.24874
1144, 11.44000, 23.43137
1145, 11.45000, 21.59226
1146, 11.46000, 23.71151
1147, 11.47000, 23.00401
1148, 11.48000, 18.12280
1149, 11.49000, 16.49158
1150, 11.50000, 13.19466
1151, 11.51000, 19.65655
1152, 11.52000, 20.86613
1153, 11.53000, 20.82399
1154, 11.54000, 28.50051
1155, 11.55000, 27.21442
1156, 11.56000, 29.95178
1157, 11.57000, 30.90026
1158, 11.58000, 30.01330
1159, 11.59000, 22.27781
1160, 11.60000, 26.42563
1161, 11.61000, 21.37239
1162, 11.62000, 19.77816
1163, 11.63000, 19.97470
1164, 11.64000, 20.80457
1165, 11.65000, 22.24553
1166, 11.66000, 25.20933
1167, 11.67000, 26.93032
1168, 11.68000, 25.98627
1169, 11.69000, 22.39812
1170, 11.70000, 22.06006
1171, 11.71000, 23.20166
1172, 11.72000, 33.21945
1173, 11.73000, 29.10389
1174, 11.74000, 32.58502
1175, 11.75000, 26.52150
1176, 11.76000, 27.93125
1177, 11.77000, 26.41662
1178, 11.78000, 29.08277
1179, 11.79000, 22.37992
1180, 11.80000, 25.54253
1181, 11.81000, 22.21977
1182, 11.82000, 24.66549
1183, 11.83000, 28.27888
1184, 11.84000, 32.47807
1185, 11.85000, 28.12475
1186, 11.86000, 32.05707
1187, 11.87000, 36.31853
1188, 11.88000, 36.38306
1189, 11.89000, 37.61690
1190, 11.90000, 30.57815
1191, 11.91000, 29.67079
1192, 11.92000, 25.25034
1193, 11.93000, 32.25780
1194, 11.94000, 27.45592
1195, 11.95000, 20.53680
1196, 11.96000, 25.27298
1197, 11.97000, 18.85344
1198, 11.98000, 17.93738
1199, 11.99000, 24.07942
1200, 12.00000, 30.27440
1201, 12.01000, 24.92844
1202, 12.02000, 23.95950
1203, 12.03000, 43.01580
1204, 12.04000, 29.77525
1205, 12.05000, 30.14698
1206, 12.06000, 23.96282
1207, 12.07000, 31.62046
1208, 12.08000, 17.52338
1209, 12.09000, 22.50944
1210, 12.10000, 26.89442
1211, 12.11000, 28.82174
1212, 12.12000, 18.86903
1213, 12.13000, 17.60288
1214, 12.14000, 18.42102
1215, 12.15000, 20.83814
1216, 12.16000, 27.81669
1217, 12.17000, 32.94735
1218, 12.18000, 33.26827
1219, 12.19000, 35.18922
1220, 12.20000, 29.33778
1221, 12.21000, 31.40315
1222, 12.22000, 29.04600
1223, 12.23000, 28.59720
1224, 12.24000, 31.44222
1225, 12.25000, 24.70910
1226, 12.26000, 22.15889
1227, 12.27000, 22.11112
1228, 12.28000, 24.15229
1229, 12.29000, 35.54007
1230, 12.30000, 23.69509
1231, 12.31000, 33.13250
1232, 12.32000, 32.21786
1233, 12.33000, 24.11654
1234, 12.34000, 22.54245
1235, 12.35000, 31.28952
1236, 12.36000, 31.49559
1237, 12.37000, 31.47750
1238, 12.38000, 23.27664
1239, 12.39000, 31.95387
1240, 12.40000, 31.84397
1241, 12.41000, 22.10643
1242, 12.42000, 20.30149
1243, 12.43000, 21.76079
1244, 12.44000, 26.33194
1245, 12.45000, 27.91654
1246, 12.46000, 40.97006
1247, 12.47000, 29.67185
1248, 12.48000, 35.05421
1249, 12.49000, 25.02306
1250, 12.50000, 25.76521
1251, 12.51000, 31.37482
1252, 12.52000, 28.90606
1253, 12.53000, 24.13006
1254, 12.54000, 21.96915
1255, 12.55000, 15.59380
1256, 12.56000, 20.28763
1257, 12.57000, 22.03968
1258, 12.58000, 26.53117
1259, 12.59000, 24.83388
1260, 12.60000, 20.87116
1261, 12.61000, 19.44603
1262, 12.62000, 21.98658
1263, 12.63000, 29.24983
1264, 12.64000, 28.91790
1265, 12.65000, 27.27655
1266, 12.66000, 24.27215
1267, 12.67000, 28.07426
1268, 12.68000, 25.68260
1269, 12.69000, 28.33745
1270, 12.70000, 26.51048
1271, 12.71000, 26.92353
1272, 12.72000, 26.14158
1273, 12.73000, 21.53747
1274, 12.74000, 18.78428
1275, 12.75000, 19.79547
1276, 12.76000, 20.35935
1277, 12.77000, 17.19639
1278, 12.78000, 17.83301
1279, 12.79000, 26.38628
1280, 12.80000, 36.88961
1281, 12.81000, 28.55448
1282, 12.82000, 32.00950
1283, 12.83000, 33.05650
1284, 12.84000, 30.21300
1285, 12.85000, 30.17788
1286, 12.86000, 25.85154
1287, 12.87000, 23.28307
1288, 12.88000, 26.69819
1289, 12.89000, 22.65031
1290, 12.90000, 19.93950
1291, 12.91000, 18.87220
1292, 12.92000, 24.90164
1293, 12.93000, 26.13078
1294, 12.94000, 27.95169
1295, 12.95000, 30.91303
1296, 12.96000, 29.33620
1297, 12.97000, 29.20088
1298, 12.98000, 32.88502
1299, 12.99000, 32.21845
1300, 13.00000, 28.10981
1301, 13.01000, 33.32076
1302, 13.02000, 25.36133
1303, 13.03000, 25.64956
1304, 13.04000, 18.94971
1305, 13.05000, 22.37608
1306, 13.06000, 21.22855
1307, 13.07000, 25.21073
1308, 13.08000, 20.82174
1309, 13.09000, 22.49245
1310, 13.10000, 14.88786
1311, 13.11000, 17.45336
1312, 13.12000, 24.65289
1313, 13.13000, 36.10711
1314, 13.14000, 35.36355
1315, 13.15000, 27.08895
1316, 13.16000, 24.70798
1317, 13.17000, 19.67530
1318, 13.18000, 20.26338
1319, 13.19000, 27.10605
1320, 13.20000, 29.22912
1321, 13.21000, 27.79780
1322, 13.22000, 27.94988
1323, 13.23000, 23.93921
1324, 13.24000, 21.41757
1325, 13.25000, 25.45776
1326, 13.26000, 24.71121
1327, 13.27000, 22.99240
1328, 13.28000, 22.56518
1329, 13.29000, 17.08224
1330, 13.30000, 16.42377
1331, 13.31000, 24.29695
1332, 13.32000, 33.12603
1333, 13.33000, 32.27833
1334, 13.34000, 32.44900
1335, 13.35000, 26.28094
1336, 13.36000, 22.44999
1337, 13.37000, 20.66198
1338, 13.38000, 22.82115
1339, 13.39000, 19.93169
1340, 13.40000, 16.62329
1341, 13.41000, 24.79568
1342, 13.42000, 20.19282
1343, 13.43000, 26.98009
1344, 13.44000, 31.73667
1345, 13.45000, 35.30317
1346, 13.46000, 31.25298
1347, 13.47000, 23.44281
1348, 13.48000, 27.68035
1349, 13.49000, 25.57942
1350, 13.50000, 27.58300
1351, 13.51000, 29.24951
1352, 13.52000, 29.20859
1353, 13.53000, 22.62921
1354, 13.54000, 25.13301
1355, 13.55000, 22.73881
1356, 13.56000, 27.98598
1357, 13.57000, 22.39650
1358, 13.58000, 23.26622
1359, 13.59000, 26.08427
1360, 13.60000, 34.61473
1361, 13.61000, 34.50620
1362, 13.62000, 33.09006
1363, 13.63000, 35.15110
1364, 13.64000, 28.09178
1365, 13.65000, 32.76936
1366, 13.66000, 28.70802
1367, 13.67000, 23.84632
1368, 13.68000, 21.20835
1369, 13.69000, 23.87448
1370, 13.70000, 22.70652
1371, 13.71000, 22.27232
1372, 13.72000, 26.50059
1373, 13.73000, 29.50204
1374, 13.74000, 27.88809
1375, 13.75000, 23.62861
1376, 13.76000, 23.91713
1377, 13.77000, 35.25312
1378, 13.78000, 28.66458
1379, 13.79000, 24.41856
1380, 13.80000, 28.77268
1381, 13.81000, 29.80121
1382, 13.82000, 30.00816
1383, 13.83000, 30.89100
1384, 13.84000, 26.16079
1385, 13.85000, 24.46563
1386, 13.86000, 25.10327
1387, 13.87000, 18.45340
1388, 13.88000, 18.88759
1389, 13.89000, 20.17650
1390, 13.90000, 23.13607
1391, 13.91000, 24.67704
1392, 13.92000, 20.60035
1393, 13.93000, 27.87796
1394, 13.94000, 29.22793
1395, 13.95000, 30.19566
1396, 13.96000, 22.36975
1397, 13.97000, 21.24848
1398, 13.98000, 29.28191
1399, 13.99000, 30.15020
1400, 14.00000, 30.31761
1401, 14.01000, 24.78119
1402, 14.02000, 26.94529
1403, 14.03000, 26.99495
1404, 14.04000, 23.45419
1405, 14.05000, 16.46781
1406, 14.06000, 21.10581
1407, 14.07000, 16.57720
1408, 14.08000, 13.93121
1409, 14.09000, 27.74127
1410, 14.10000, 31.04257
1411, 14.11000, 26.45279
1412, 14.12000, 26.58531
1413, 14.13000, 29.39831
1414, 14.14000, 31.50862
1415, 14.15000, 29.82031
1416, 14.16000, 18.78173
1417, 14.17000, 27.05829
1418, 14.18000, 28.32775
1419, 14.19000, 24.07254
1420, 14.20000, 22.76021
1421, 14.21000, 28.92347
1422, 14.22000, 26.66411
1423, 14.23000, 29.74461
1424, 14.24000, 28.84686
1425, 14.25000, 29.53972
1426, 14.26000, 30.24846
1427, 14.27000, 30.50922
1428, 14.28000, 28.39118
1429, 14.29000, 27.51102
1430, 14.30000, 27.40712
1431, 14.31000, 22.37715
1432, 14.32000, 29.91637
1433, 14.33000, 25.25739
1434, 14.34000, 24.00976
1435, 14.35000, 23.51722
1436, 14.36000, 20.53619
1437, 14.37000, 21.80322
1438, 14.38000, 18.76707
1439, 14.39000, 21.50135
1440, 14.40000, 19.65050
1441, 14.41000, 25.49917
1442, 14.42000, 25.22309
1443, 14.43000, 27.02706
1444, 14.44000, 27.91099
1445, 14.45000, 24.13605
1446, 14.46000, 20.45398
1447, 14.47000, 23.57000
1448, 14.48000, 19.91088
1449, 14.49000, 21.48224
1450, 14.50000, 27.35788
1451, 14.51000, 20.67610
1452, 14.52000, 20.02404
1453, 14.53000, 22.69018
1454, 14.54000, 28.25440
1455, 14.55000, 18.55580
1456, 14.56000, 25.80721
1457, 14.57000, 25.35989
1458, 14.58000, 29.04213
1459, 14.59000, 27.00231
1460, 14.60000, 31.29962
1461, 14.61000, 31.10960
1462, 14.62000, 31.68520
1463, 14.63000, 21.14061
1464, 14.64000, 24.78809
1465, 14.65000, 24.14928
1466, 14.66000, 24.96771
1467, 14.67000, 24.91268
1468, 14.68000, 22.05535
1469, 14.69000, 19.48145
1470, 14.70000, 20.08931
1471, 14.71000, 21.76180
1472, 14.72000, 19.37539
1473, 14.73000, 20.29046
1474, 14.74000, 22.42750
1475, 14.75000, 22.14792
1476, 14.76000, 21.84608
1477, 14.77000, 25.05075
1478, 14.78000, 26.00996
1479, 14.79000, 25.45515
1480, 14.80000, 19.30698
1481, 14.81000, 17.03012
1482, 14.82000, 19.42134
1483, 14.83000, 19.28955
1484, 14.84000, 24.56789
1485, 14.85000, 25.94556
1486, 14.86000, 30.31341
1487, 14.87000, 21.08090
1488, 14.88000, 17.90960
1489, 14.89000, 29.93479
1490, 14.90000, 22.69119
1491, 14.91000, 21.36570
1492, 14.92000, 24.13727
1493, 14.93000, 27.87806
1494, 14.94000, 32.77513
1495, 14.95000, 24.46010
1496, 14.96000, 30.35784
1497, 14.97000, 21.17140
1498, 14.98000, 17.75422
1499, 14.99000, 20.39845
1500, 15.00000, 24.24160
1501, 15.01000, 19.26405
1502, 15.02000, 19.75550
1503, 15.03000, 19.69938
1504, 15.04000, 19.01484
1505, 15.05000, 30.15203
1506, 15.06000, 30.08697
1507, 15.07000, 33.35856
1508, 15.08000, 33.25672
1509, 15.09000, 32.99681
1510, 15.10000, 34.82712
1511, 15.11000, 31.21738
1512, 15.12000, 22.90153
1513, 15.13000, 17.78260
1514, 15.14000, 26.76909
1515, 15.15000, 19.51075
1516, 15.16000, 32.30841
1517, 15.17000, 31.89177
1518, 15.18000, 23.02054
1519, 15.19000, 20.00784
1520, 15.20000, 18.06423
1521, 15.21000, 26.84148
1522, 15.22000, 30.27507
1523, 15.23000, 21.47501
1524, 15.24000, 22.30424
1525, 15.25000, 31.59004
1526, 15.26000, 33.39031
1527, 15.27000, 25.25636
1528, 15.28000, 24.89248
1529, 15.29000, 20.21711
1530, 15.30000, 18.99880
1531, 15.31000, 19.55805
1532, 15.32000, 17.64821
1533, 15.33000, 18.01509
1534, 15.34000, 20.76218
1535, 15.35000, 19.02623
1536, 15.36000, 17.44435
1537, 15.37000, 27.58311
1538, 15.38000, 28.85575
1539, 15.39000, 24.92697
1540, 15.40000, 28.63333
1541, 15.41000, 30.12474
1542, 15.42000, 31.14225
1543, 15.43000, 24.08480
1544, 15.44000, 31.22630
1545, 15.45000, 25.27620
1546, 15.46000, 24.38267
1547, 15.47000, 26.22345
1548, 15.48000, 21.57789
1549, 15.49000, 24.11646
1550, 15.50000, 22.43634
1551, 15.51000, 23.96881
1552, 15.52000, 23.60264
1553, 15.53000, 26.18106
1554, 15.54000, 22.49324
1555, 15.55000, 23.99214
1556, 15.56000, 23.07528
1557, 15.57000, 28.25311
1558, 15.58000, 29.37424
1559, 15.59000, 33.56782
1560, 15.60000, 28.47929
1561, 15.61000, 34.76210
1562, 15.62000, 22.09843
1563, 15.63000, 22.41799
1564, 15.64000, 24.92482
1565, 15.65000, 25.91345
1566, 15.66000, 27.83007
1567, 15.67000, 24.08479
1568, 15.68000, 29.38638
1569, 15.69000, 27.85852
1570, 15.70000, 32.11351
1571, 15.71000, 28.33546
1572, 15.72000, 26.90623
1573, 15.73000, 22.86202
1574, 15.74000, 19.31969
1575, 15.75000, 20.55053
1576, 15.76000, 21.25770
1577, 15.77000, 18.14807
1578, 15.78000, 21.80998
1579, 15.79000, 23.07003
1580, 15.80000, 21.30012
1581, 15.81000, 23.86496
1582, 15.82000, 19.45426
1583, 15.83000, 18.48752
1584, 15.84000, 18.00920
1585, 15.85000, 27.07291
1586, 15.86000, 33.75364
1587, 15.87000, 27.00741
1588, 15.88000, 27.82185
1589, 15.89000, 30.33287
1590, 15.90000, 27.40212
1591, 15.91000, 25.40426
1592, 15.92000, 22.84079
1593, 15.93000, 24.48292
1594, 15.94000, 19.77587
1595, 15.95000, 23.87447
1596, 15.96000, 24.79105
1597, 15.97000, 24.62006
1598, 15.98000, 25.46425
1599, 15.99000, 31.70974
1600, 16.00000, 24.71162
1601, 16.01000, 25.11533
1602, 16.02000, 30.21525
1603, 16.03000, 26.26330
1604, 16.04000, 24.79931
1605, 16.05000, 28.88308
1606, 16.06000, 31.88967
1607, 16.07000, 31.69785
1608, 16.08000, 37.81764
1609, 16.09000, 25.04482
1610, 16.10000, 30.36634
1611, 16.11000, 27.84035
1612, 16.12000, 26.33088
1613, 16.13000, 23.71001
1614, 16.14000, 31.13324
1615, 16.15000, 26.16517
1616, 16.16000, 27.86365
1617, 16.17000, 31.99287
1618, 16.18000, 23.08869
1619, 16.19000, 27.89643
1620, 16.20000, 29.21988
1621, 16.21000, 26.92115
1622, 16.22000, 24.83039
1623, 16.23000, 30.94378
1624, 16.24000, 19.12213
1625, 16.25000, 26.53557
1626, 16.26000, 20.81368
1627, 16.27000, 22.95580
1628, 16.28000, 23.88209
1629, 16.29000, 31.77897
1630, 16.30000, 28.14586
1631, 16.31000, 26.80597
1632, 16.32000, 22.66760
1633, 16.33000, 21.71626
1634, 16.34000, 27.01603
1635, 16.35000, 31.96971
1636, 16.36000, 22.71812
1637, 16.37000, 18.34343
1638, 16.38000, 32.01334
1639, 16.39000, 29.29602
1640, 16.40000, 30.67783
1641, 16.41000, 27.18378
1642, 16.42000, 23.48665
1643, 16.43000, 24.35075
1644, 16.44000, 26.15537
1645, 16.45000, 24.91568
1646, 16.46000, 25.29099
1647, 16.47000, 24.12196
1648, 16.48000, 25.52006
1649, 16.49000, 37.94374
1650, 16.50000, 27.00287
1651, 16.51000, 27.32081
1652, 16.52000, 32.15809
1653, 16.53000, 21.33921
1654, 16.54000, 24.72797
1655, 16.55000, 26.09465
1656, 16.56000, 29.29977
1657, 16.57000, 22.13668
1658, 16.58000, 23.89198
1659, 16.59000, 27.18296
1660, 16.60000, 28.12436
1661, 16.61000, 24.00450
1662, 16.62000, 28.62796
1663, 16.63000, 21.55979
1664, 16.64000, 15.27820
1665, 16.65000, 15.76091
1666, 16.66000, 33.70863
1667, 16.67000, 32.89601
1668, 16.68000, 30.72747
1669, 16.69000, 28.20777
1670, 16.70000, 25.80483
1671, 16.71000, 26.75699
1672, 16.72000, 26.23651
1673, 16.73000, 27.96758
1674, 16.74000, 22.67620
1675, 16.75000, 20.26975
1676, 16.76000, 24.91717
1677, 16.77000, 20.13892
1678, 16.78000, 20.93460
1679, 16.79000, 22.96085
1680, 16.80000, 25.29483
1681, 16.81000, 21.30829
1682, 16.82000, 21.28326
1683, 16.83000, 24.16685
1684, 16.84000, 25.32885
1685, 16.85000, 32.49522
1686, 16.86000, 25.84398
1687, 16.87000, 20.78262
1688, 16.88000, 20.86175
1689, 16.89000, 22.62948
1690, 16.90000, 22.98039
1691, 16.91000, 24.43030
1692, 16.92000, 24.02268
1693, 16.93000, 20.62414
1694, 16.94000, 24.79278
1695, 16.95000, 28.81127
1696, 16.96000, 22.49494
1697, 16.97000, 19.75839
1698, 16.98000, 30.87179
1699, 16.99000, 28.00167
1700, 17.00000, 25.83298
1701, 17.01000, 22.53235
1702, 17.02000, 24.36984
1703, 17.03000, 35.46923
1704, 17.04000, 32.98735
1705, 17.05000, 31.14494
1706, 17.06000, 21.86566
1707, 17.07000, 18.34481
1708, 17.08000, 19.15473
1709, 17.09000, 24.51696
1710, 17.10000, 28.36623
1711, 17.11000, 23.85548
1712, 17.12000, 25.22845
1713, 17.13000, 23.05959
1714, 17.14000, 31.61430
1715, 17.15000, 30.10453
1716, 17.16000, 29.03705
1717, 17.17000, 36.38978
1718, 17.18000, 35.19651
1719, 17.19000, 30.66127
1720, 17.20000, 33.85080
1721, 17.21000, 32.54279
1722, 17.22000, 32.01310
1723, 17.23000, 18.83359
1724, 17.24000, 17.51222
1725, 17.25000, 23.11054
1726, 17.26000, 22.99853
1727, 17.27000, 23.19642
1728, 17.28000, 19.70689
1729, 17.29000, 18.05992
1730, 17.30000, 25.96244
1731, 17.31000, 25.39448
1732, 17.32000, 22.07911
1733, 17.33000, 24.97483
1734, 17.34000, 24.53136
1735, 17.35000, 24.72796
1736, 17.36000, 24.72933
1737, 17.37000, 25.39245
1738, 17.38000, 22.28031
1739, 17.39000, 26.30630
1740, 17.40000, 26.72046
1741, 17.41000, 25.63545
1742, 17.42000, 26.74903
1743, 17.43000, 19.42824
1744, 17.44000, 21.03695
1745, 17.45000, 20.63844
1746, 17.46000, 31.57571
1747, 17.47000, 23.42199
1748, 17.48000, 25.34941
1749, 17.49000, 24.67102
1750, 17.50000, 24.67145
1751, 17.51000, 22.59070
1752, 17.52000, 24.25603
1753, 17.53000, 22.29428
1754, 17.54000, 34.85821
1755, 17.55000, 24.91627
1756, 17.56000, 27.75399
1757, 17.57000, 23.68522
1758, 17.58000, 18.26263
1759, 17.59000, 17.53488
1760, 17.60000, 23.42280
1761, 17.61000, 28.52197
1762, 17.62000, 28.55567
1763, 17.63000, 22.27543
1764, 17.64000, 25.87512
1765, 17.65000, 27.65050
1766, 17.66000, 24.72099
1767, 17.67000, 26.74641
1768, 17.68000, 28.78455
1769, 17.69000, 28.52124
1770, 17.70000, 19.26926
1771, 17.71000, 20.76841
1772, 17.72000, 24.95542
1773, 17.73000, 22.68860
1774, 17.74000, 27.40090
1775, 17.75000, 24.57517
1776, 17.76000, 21.52038
1777, 17.77000, 24.71973
1778, 17.78000, 28.25452
1779, 17.79000, 24.93824
1780, 17.80000, 30.06201
1781, 17.81000, 29.43501
1782, 17.82000, 23.33407
1783, 17.83000, 25.72737
1784, 17.84000, 28.45117
1785, 17.85000, 21.89073
1786, 17.86000, 35.37381
1787, 17.87000, 21.76646
1788, 17.88000, 18.30530
1789, 17.89000, 20.32182
1790, 17.90000, 20.19127
1791, 17.91000, 23.16819
1792, 17.92000, 26.07134
1793, 17.93000, 20.81867
1794, 17.94000, 22.55330
1795, 17.95000, 28.61095
1796, 17.96000, 24.51678
1797, 17.97000, 28.07159
1798, 17.98000, 23.30316
1799, 17.99000, 20.86357
1800, 18.00000, 21.34432
1801, 18.01000, 20.63382
1802, 18.02000, 22.36610
1803, 18.03000, 21.89475
1804, 18.04000, 17.93171
1805, 18.05000, 16.78828
1806, 18.06000, 14.96356
1807, 18.07000, 14.85785
1808, 18.08000, 21.47855
1809, 18.09000, 17.54850
1810, 18.10000, 24.00050
1811, 18.11000, 24.12663
1812, 18.12000, 20.90705
1813, 18.13000, 22.11322
1814, 18.14000, 22.07021
1815, 18.15000, 25.77944
1816, 18.16000, 25.29006
1817, 18.17000, 17.55593
1818, 18.18000, 25.90371
1819, 18.19000, 23.42036
1820, 18.20000, 18.53626
1821, 18.21000, 17.54997
1822, 18.22000, 20.14779
1823, 18.23000, 16.69604
1824, 18.24000, 22.23012
1825, 18.25000, 19.18496
1826, 18.26000, 20.33674
1827, 18.27000, 18.67664
1828, 18.28000, 16.84959
1829, 18.29000, 18.91873
1830, 18.30000, 21.09722
1831, 18.31000, 24.70763
1832, 18.32000, 24.97976
1833, 18.33000, 17.65497
1834, 18.34000, 27.77992
1835, 18.35000, 20.82481
1836, 18.36000, 19.66653
1837, 18.37000, 16.32834
1838, 18.38000, 21.08197
1839, 18.39000, 20.12128
1840, 18.40000, 21.65549
1841, 18.41000, 17.00401
1842, 18.42000, 14.78734
1843, 18.43000, 18.59360
1844, 18.44000, 18.15814
1845, 18.45000, 19.48442
1846, 18.46000, 22.35810
1847, 18.47000, 19.64643
1848, 18.48000, 19.09447
1849, 18.49000, 20.54167
1850, 18.50000, 18.98577
1851, 18.51000, 20.39658
1852, 18.52000, 20.32459
1853, 18.53000, 18.68415
1854, 18.54000, 15.85942
1855, 18.55000, 18.16783
1856, 18.56000, 16.26973
1857, 18.57000, 14.25202
1858, 18.58000, 17.13914
1859, 18.59000, 22.32645
1860, 18.60000, 21.78356
1861, 18.61000, 20.83903
1862, 18.62000, 20.14025
1863, 18.63000, 19.52620
1864, 18.64000, 18.70695
1865, 18.65000, 19.87386
1866, 18.66000, 24.39294
1867, 18.67000, 20.92512
1868, 18.68000, 15.79847
1869, 18.69000, 17.21340
1870, 18.70000, 18.90457
1871, 18.71000, 14.77974
1872, 18.72000, 17.08024
1873, 18.73000, 15.13091
1874, 18.74000, 15.04157
1875, 18.75000, 19.96980
1876, 18.76000, 22.97748
1877, 18.77000, 22.80073
1878, 18.78000, 18.83431
1879, 18.79000, 20.91805
1880, 18.80000, 21.48691
1881, 18.81000, 22.40147
1882, 18.82000, 20.47179
1883, 18.83000, 21.42673
1884, 18.84000, 19.09027
1885, 18.85000, 16.56523
1886, 18.86000, 14.90322
1887, 18.87000, 14.28072
1888, 18.88000, 13.20504
1889, 18.89000, 17.51892
1890, 18.90000, 17.90701
1891, 18.91000, 16.06686
1892, 18.92000, 22.59183
1893, 18.93000, 19.42876
1894, 18.94000, 21.39309
1895, 18.95000, 23.30541
1896, 18.96000, 20.34141
1897, 18.97000, 17.54232
1898, 18.98000, 20.68684
1899, 18.99000, 12.65608
1900, 19.00000, 15.93322
1901, 19.01000, 14.09638
1902, 19.02000, 15.83712
1903, 19.03000, 20.34330
1904, 19.04000, 16.30985
1905, 19.05000, 24.82869
1906, 19.06000, 16.63630
1907, 19.07000, 20.05044
1908, 19.08000, 20.51297
1909, 19.09000, 25.74279
1910, 19.10000, 21.38554
1911, 19.11000, 23.52455
1912, 19.12000, 23.73830
1913, 19.13000, 19.57268
1914, 19.14000, 17.22126
1915, 19.15000, 17.04361
1916, 19.16000, 15.11624
1917, 19.17000, 14.62777
1918, 19.18000, 16.51353
1919, 19.19000, 14.72555
1920, 19.20000, 20.01243
1921, 19.21000, 15.39338
1922, 19.22000, 15.74675
1923, 19.23000, 12.89287
1924, 19.24000, 17.53176
1925, 19.25000, 17.91839
1926, 19.26000, 17.47134
1927, 19.27000, 18.85369
1928, 19.28000, 16.91657
1929, 19.29000, 15.04934
1930, 19.30000, 17.49853
1931, 19.31000, 14.22080
1932, 19.32000, 12.29738
1933, 19.33000, 13.95501
1934, 19.34000, 12.64230
1935, 19.35000, 12.94095
1936, 19.36000, 11.72153
1937, 19.37000, 12.24687
1938, 19.38000, 14.15122
1939, 19.39000, 13.24935
1940, 19.40000, 20.05042
1941, 19.41000, 14.08644
1942, 19.42000, 15.12867
1943, 19.43000, 15.36649
1944, 19.44000, 15.92671
1945, 19.45000, 13.64097
1946, 19.46000, 11.57546
1947, 19.47000, 15.30491
1948, 19.48000, 13.13478
1949, 19.49000, 12.47037
1950, 19.50000, 12.02605
1951, 19.51000, 13.19071
1952, 19.52000, 12.86789
1953, 19.53000, 14.48232
1954, 19.54000, 13.25634
1955, 19.55000, 12.14716
1956, 19.56000, 15.37723
1957, 19.57000, 14.92843
1958, 19.58000, 14.51584
1959, 19.59000, 12.33160
1960, 19.60000, 15.10549
1961, 19.61000, 15.06085
1962, 19.62000, 13.59895
1963, 19.63000, 10.20133
1964, 19.64000, 11.26216
1965, 19.65000, 11.51136
1966, 19.66000, 10.02989
1967, 19.67000, 10.87953
1968, 19.68000, 12.16037
1969, 19.69000, 11.40286
1970, 19.70000, 14.63580
1971, 19.71000, 16.09332
1972, 19.72000, 14.70664
1973, 19.73000, 14.94386
1974, 19.74000, 16.54215
1975, 19.75000, 17.18680
1976, 19.76000, 12.99585
1977, 19.77000, 13.56947
1978, 19.78000, 10.62304
1979, 19.79000, 12.79807
1980, 19.80000, 10.19474
1981, 19.81000, 11.89833
1982, 19.82000, 10.95365
1983, 19.83000, 11.16234
1984, 19.84000, 11.94107
1985, 19.85000, 13.21354
1986, 19.86000, 11.14829
1987, 19.87000, 11.30758
1988, 19.88000, 13.95600
1989, 19.89000, 12.25757
1990, 19.90000, 15.07285
1991, 19.91000, 12.90662
1992, 19.92000, 15.06005
1993, 19.93000, 16.48727
1994, 19.94000, 13.08570
1995, 19.95000, 12.90757
1996, 19.96000, 11.43876
1997, 19.97000, 12.21597
1998, 19.98000, 10.54066
1999, 19.99000, 11.94093
2000, 20.00000, 10.95662
2001, 20.01000, 10.76291
