nt, t, solve_time
1, 0.01000, 54.51271
2, 0.02000, 33.76124
3, 0.03000, 36.46532
4, 0.04000, 67.66955
5, 0.05000, 51.04627
6, 0.06000, 30.81374
7, 0.07000, 28.02740
8, 0.08000, 24.33122
9, 0.09000, 37.90246
10, 0.10000, 37.10451
11, 0.11000, 32.47509
12, 0.12000, 36.59380
13, 0.13000, 41.81558
14, 0.14000, 36.23264
15, 0.15000, 22.16852
16, 0.16000, 37.28423
17, 0.17000, 36.25128
18, 0.18000, 18.92443
19, 0.19000, 50.33899
20, 0.20000, 35.14438
21, 0.21000, 51.99479
22, 0.22000, 45.33126
23, 0.23000, 33.43050
24, 0.24000, 20.13425
25, 0.25000, 34.12206
26, 0.26000, 30.01381
27, 0.27000, 40.39081
28, 0.28000, 51.10568
29, 0.29000, 46.93165
30, 0.30000, 55.31505
31, 0.31000, 37.67208
32, 0.32000, 55.06728
33, 0.33000, 41.89909
34, 0.34000, 39.86497
35, 0.35000, 41.24872
36, 0.36000, 19.75805
37, 0.37000, 35.99229
38, 0.38000, 41.20741
39, 0.39000, 36.04639
40, 0.40000, 47.71402
41, 0.41000, 29.99805
42, 0.42000, 30.51337
43, 0.43000, 40.24154
44, 0.44000, 32.58611
45, 0.45000, 39.44910
46, 0.46000, 47.50606
47, 0.47000, 31.88708
48, 0.48000, 31.61535
49, 0.49000, 34.42089
50, 0.50000, 26.54671
51, 0.51000, 33.11245
52, 0.52000, 25.16330
53, 0.53000, 19.96185
54, 0.54000, 16.03683
55, 0.55000, 15.49047
56, 0.56000, 24.20706
57, 0.57000, 29.04247
58, 0.58000, 19.09835
59, 0.59000, 31.37999
60, 0.60000, 21.27139
61, 0.61000, 25.76949
62, 0.62000, 34.29927
63, 0.63000, 38.04337
64, 0.64000, 27.84923
65, 0.65000, 28.90301
66, 0.66000, 34.52420
67, 0.67000, 24.47361
68, 0.68000, 18.94419
69, 0.69000, 39.55578
70, 0.70000, 24.83944
71, 0.71000, 22.32515
72, 0.72000, 22.15780
73, 0.73000, 18.50217
74, 0.74000, 25.51131
75, 0.75000, 34.73391
76, 0.76000, 29.04966
77, 0.77000, 25.58148
78, 0.78000, 38.70325
79, 0.79000, 32.71753
80, 0.80000, 25.17192
81, 0.81000, 23.53211
82, 0.82000, 26.16850
83, 0.83000, 23.33048
84, 0.84000, 33.22281
85, 0.85000, 27.39200
86, 0.86000, 27.64389
87, 0.87000, 43.18487
88, 0.88000, 30.49131
89, 0.89000, 30.38715
90, 0.90000, 30.85700
91, 0.91000, 36.19372
92, 0.92000, 21.42789
93, 0.93000, 28.95593
94, 0.94000, 30.83029
95, 0.95000, 26.97277
96, 0.96000, 28.85294
97, 0.97000, 31.96248
98, 0.98000, 43.07000
99, 0.99000, 23.52534
100, 1.00000, 29.10210
101, 1.01000, 34.17014
102, 1.02000, 32.27743
103, 1.03000, 29.00506
104, 1.04000, 21.55604
105, 1.05000, 36.38773
106, 1.06000, 30.46983
107, 1.07000, 22.28028
108, 1.08000, 26.98592
109, 1.09000, 33.02001
110, 1.10000, 36.78894
111, 1.11000, 39.11956
112, 1.12000, 35.02094
113, 1.13000, 34.37989
114, 1.14000, 32.59168
115, 1.15000, 52.19252
116, 1.16000, 37.68231
117, 1.17000, 39.07588
118, 1.18000, 36.16902
119, 1.19000, 37.64772
120, 1.20000, 42.96431
121, 1.21000, 44.05286
122, 1.22000, 40.22542
123, 1.23000, 36.39553
124, 1.24000, 36.87298
125, 1.25000, 42.85047
126, 1.26000, 41.84391
127, 1.27000, 50.17073
128, 1.28000, 49.86395
129, 1.29000, 46.43154
130, 1.30000, 53.62849
131, 1.31000, 51.47264
132, 1.32000, 53.56539
133, 1.33000, 50.96248
134, 1.34000, 40.42966
135, 1.35000, 46.21944
136, 1.36000, 28.25730
137, 1.37000, 34.26067
138, 1.38000, 28.65619
139, 1.39000, 32.23619
140, 1.40000, 37.70586
141, 1.41000, 23.02994
142, 1.42000, 18.73992
143, 1.43000, 29.67207
144, 1.44000, 28.00312
145, 1.45000, 37.04391
146, 1.46000, 30.74504
147, 1.47000, 36.14878
148, 1.48000, 42.53083
149, 1.49000, 32.84767
150, 1.50000, 37.98506
151, 1.51000, 36.04050
152, 1.52000, 40.27928
153, 1.53000, 34.13906
154, 1.54000, 30.17583
155, 1.55000, 31.72250
156, 1.56000, 21.15194
157, 1.57000, 30.85960
158, 1.58000, 32.06427
159, 1.59000, 30.36140
160, 1.60000, 40.44492
161, 1.61000, 28.45649
162, 1.62000, 36.98345
163, 1.63000, 35.93340
164, 1.64000, 35.45454
165, 1.65000, 34.06813
166, 1.66000, 34.10880
167, 1.67000, 32.71231
168, 1.68000, 42.72305
169, 1.69000, 38.45058
170, 1.70000, 36.45467
171, 1.71000, 30.68735
172, 1.72000, 22.27356
173, 1.73000, 24.31450
174, 1.74000, 33.20673
175, 1.75000, 39.20142
176, 1.76000, 27.09179
177, 1.77000, 40.86331
178, 1.78000, 41.13143
179, 1.79000, 42.31452
180, 1.80000, 41.92920
181, 1.81000, 37.08525
182, 1.82000, 33.79213
183, 1.83000, 37.09753
184, 1.84000, 36.43014
185, 1.85000, 33.77711
186, 1.86000, 43.25751
187, 1.87000, 40.49725
188, 1.88000, 46.60178
189, 1.89000, 34.98169
190, 1.90000, 36.86786
191, 1.91000, 23.54869
192, 1.92000, 34.64321
193, 1.93000, 30.15769
194, 1.94000, 35.86043
195, 1.95000, 38.37707
196, 1.96000, 26.13283
197, 1.97000, 18.50794
198, 1.98000, 17.61596
199, 1.99000, 26.99605
200, 2.00000, 27.69157
201, 2.01000, 34.88594
202, 2.02000, 24.69591
203, 2.03000, 22.96629
204, 2.04000, 21.21411
205, 2.05000, 38.92000
206, 2.06000, 40.20126
207, 2.07000, 39.10950
208, 2.08000, 33.25071
209, 2.09000, 36.48019
210, 2.10000, 35.88509
211, 2.11000, 30.37214
212, 2.12000, 21.28111
213, 2.13000, 24.16948
214, 2.14000, 20.11077
215, 2.15000, 22.19713
216, 2.16000, 23.14817
217, 2.17000, 22.93848
218, 2.18000, 21.21442
219, 2.19000, 23.02252
220, 2.20000, 35.54064
221, 2.21000, 34.26582
222, 2.22000, 30.30501
223, 2.23000, 33.22106
224, 2.24000, 31.79625
225, 2.25000, 31.00454
226, 2.26000, 27.38432
227, 2.27000, 27.73740
228, 2.28000, 31.07285
229, 2.29000, 26.22818
230, 2.30000, 25.02022
231, 2.31000, 29.80992
232, 2.32000, 26.36558
233, 2.33000, 21.94487
234, 2.34000, 20.61265
235, 2.35000, 22.74496
236, 2.36000, 27.61528
237, 2.37000, 26.40651
238, 2.38000, 25.41209
239, 2.39000, 36.73036
240, 2.40000, 29.94267
241, 2.41000, 28.17154
242, 2.42000, 30.44766
243, 2.43000, 24.04720
244, 2.44000, 35.50550
245, 2.45000, 26.14941
246, 2.46000, 27.47271
247, 2.47000, 22.71581
248, 2.48000, 20.26464
249, 2.49000, 28.63582
250, 2.50000, 27.48137
251, 2.51000, 27.00989
252, 2.52000, 29.94082
253, 2.53000, 23.76929
254, 2.54000, 27.98549
255, 2.55000, 35.26820
256, 2.56000, 29.09303
257, 2.57000, 25.13475
258, 2.58000, 21.84576
259, 2.59000, 26.12168
260, 2.60000, 28.76597
261, 2.61000, 26.68068
262, 2.62000, 25.50030
263, 2.63000, 23.13860
264, 2.64000, 22.32464
265, 2.65000, 20.84839
266, 2.66000, 31.96239
267, 2.67000, 26.19553
268, 2.68000, 30.93348
269, 2.69000, 28.06590
270, 2.70000, 34.34832
271, 2.71000, 28.97886
272, 2.72000, 20.81513
273, 2.73000, 27.04492
274, 2.74000, 28.98413
275, 2.75000, 31.21239
276, 2.76000, 27.03579
277, 2.77000, 30.26469
278, 2.78000, 26.51515
279, 2.79000, 24.66551
280, 2.80000, 21.02378
281, 2.81000, 27.58762
282, 2.82000, 23.95419
283, 2.83000, 25.86360
284, 2.84000, 24.51364
285, 2.85000, 22.68853
286, 2.86000, 28.76480
287, 2.87000, 35.33620
288, 2.88000, 38.96307
289, 2.89000, 26.73156
290, 2.90000, 33.96291
291, 2.91000, 34.41804
292, 2.92000, 23.27898
293, 2.93000, 26.46248
294, 2.94000, 28.45102
295, 2.95000, 24.69512
296, 2.96000, 24.79095
297, 2.97000, 27.39206
298, 2.98000, 19.48615
299, 2.99000, 20.37183
300, 3.00000, 32.65339
301, 3.01000, 28.19358
302, 3.02000, 24.89652
303, 3.03000, 22.49277
304, 3.04000, 25.27434
305, 3.05000, 32.03845
306, 3.06000, 26.96736
307, 3.07000, 20.56998
308, 3.08000, 23.80009
309, 3.09000, 28.19068
310, 3.10000, 26.91447
311, 3.11000, 27.78387
312, 3.12000, 26.80995
313, 3.13000, 27.68835
314, 3.14000, 17.92911
315, 3.15000, 25.43184
316, 3.16000, 33.18184
317, 3.17000, 35.72099
318, 3.18000, 30.99061
319, 3.19000, 38.93896
320, 3.20000, 22.36606
321, 3.21000, 20.11098
322, 3.22000, 27.56820
323, 3.23000, 25.93762
324, 3.24000, 28.29940
325, 3.25000, 23.09726
326, 3.26000, 29.52052
327, 3.27000, 32.94453
328, 3.28000, 37.81437
329, 3.29000, 21.95115
330, 3.30000, 34.91519
331, 3.31000, 33.23435
332, 3.32000, 26.51893
333, 3.33000, 24.75596
334, 3.34000, 20.22332
335, 3.35000, 28.72567
336, 3.36000, 29.88243
337, 3.37000, 23.22928
338, 3.38000, 19.03022
339, 3.39000, 16.39716
340, 3.40000, 16.42809
341, 3.41000, 19.88507
342, 3.42000, 25.72625
343, 3.43000, 26.71158
344, 3.44000, 23.48882
345, 3.45000, 31.20121
346, 3.46000, 22.76244
347, 3.47000, 26.73946
348, 3.48000, 43.64984
349, 3.49000, 37.71472
350, 3.50000, 29.41717
351, 3.51000, 18.94763
352, 3.52000, 26.63731
353, 3.53000, 30.73148
354, 3.54000, 25.62095
355, 3.55000, 20.02277
356, 3.56000, 22.03324
357, 3.57000, 27.56693
358, 3.58000, 24.71881
359, 3.59000, 19.56817
360, 3.60000, 28.34298
361, 3.61000, 39.11901
362, 3.62000, 32.25802
363, 3.63000, 31.27509
364, 3.64000, 29.56893
365, 3.65000, 29.29143
366, 3.66000, 26.99382
367, 3.67000, 31.74390
368, 3.68000, 25.14064
369, 3.69000, 28.59888
370, 3.70000, 29.44489
371, 3.71000, 28.10472
372, 3.72000, 27.76849
373, 3.73000, 22.59341
374, 3.74000, 22.48835
375, 3.75000, 29.95241
376, 3.76000, 26.65676
377, 3.77000, 18.54727
378, 3.78000, 19.65174
379, 3.79000, 26.04546
380, 3.80000, 33.64791
381, 3.81000, 36.82316
382, 3.82000, 30.45457
383, 3.83000, 25.29139
384, 3.84000, 24.23633
385, 3.85000, 31.56930
386, 3.86000, 25.84113
387, 3.87000, 32.49058
388, 3.88000, 31.95266
389, 3.89000, 30.99137
390, 3.90000, 22.93377
391, 3.91000, 21.67447
392, 3.92000, 19.41663
393, 3.93000, 20.08386
394, 3.94000, 20.87977
395, 3.95000, 25.45732
396, 3.96000, 30.11643
397, 3.97000, 24.13881
398, 3.98000, 23.56553
399, 3.99000, 24.85825
400, 4.00000, 17.74193
401, 4.01000, 17.68188
402, 4.02000, 20.56396
403, 4.03000, 28.23912
404, 4.04000, 26.67458
405, 4.05000, 26.65507
406, 4.06000, 19.45108
407, 4.07000, 25.21809
408, 4.08000, 30.68132
409, 4.09000, 24.30527
410, 4.10000, 20.06025
411, 4.11000, 18.71114
412, 4.12000, 17.92778
413, 4.13000, 15.05638
414, 4.14000, 14.70166
415, 4.15000, 17.28144
416, 4.16000, 25.52222
417, 4.17000, 26.20943
418, 4.18000, 22.06640
419, 4.19000, 27.87160
420, 4.20000, 20.81780
421, 4.21000, 21.59645
422, 4.22000, 25.69017
423, 4.23000, 23.19830
424, 4.24000, 19.61901
425, 4.25000, 20.51521
426, 4.26000, 24.42354
427, 4.27000, 29.24358
428, 4.28000, 31.07810
429, 4.29000, 26.76131
430, 4.30000, 23.00134
431, 4.31000, 14.93225
432, 4.32000, 21.35570
433, 4.33000, 25.16372
434, 4.34000, 23.77972
435, 4.35000, 27.14714
436, 4.36000, 28.90072
437, 4.37000, 26.33662
438, 4.38000, 24.23940
439, 4.39000, 17.72274
440, 4.40000, 21.24981
441, 4.41000, 23.30232
442, 4.42000, 23.07940
443, 4.43000, 22.59297
444, 4.44000, 22.92261
445, 4.45000, 18.43172
446, 4.46000, 21.26495
447, 4.47000, 29.21822
448, 4.48000, 26.41929
449, 4.49000, 14.85103
450, 4.50000, 17.65088
451, 4.51000, 29.17363
452, 4.52000, 25.28250
453, 4.53000, 28.69066
454, 4.54000, 24.88851
455, 4.55000, 21.82213
456, 4.56000, 27.44537
457, 4.57000, 28.05021
458, 4.58000, 30.06785
459, 4.59000, 27.92918
460, 4.60000, 24.63912
461, 4.61000, 26.19901
462, 4.62000, 28.00357
463, 4.63000, 20.82092
464, 4.64000, 21.56832
465, 4.65000, 18.32967
466, 4.66000, 23.66533
467, 4.67000, 28.13856
468, 4.68000, 31.75117
469, 4.69000, 26.35585
470, 4.70000, 22.40268
471, 4.71000, 20.71190
472, 4.72000, 16.05138
473, 4.73000, 16.13800
474, 4.74000, 24.00053
475, 4.75000, 30.22726
476, 4.76000, 22.83646
477, 4.77000, 18.55341
478, 4.78000, 30.28237
479, 4.79000, 27.30558
480, 4.80000, 23.82115
481, 4.81000, 30.30892
482, 4.82000, 31.27812
483, 4.83000, 28.07877
484, 4.84000, 24.11704
485, 4.85000, 23.55290
486, 4.86000, 29.22960
487, 4.87000, 32.98225
488, 4.88000, 28.07162
489, 4.89000, 25.46995
490, 4.90000, 31.04158
491, 4.91000, 30.91514
492, 4.92000, 22.03857
493, 4.93000, 20.50678
494, 4.94000, 24.52086
495, 4.95000, 20.59697
496, 4.96000, 24.72253
497, 4.97000, 18.78288
498, 4.98000, 19.20562
499, 4.99000, 24.54229
500, 5.00000, 24.37808
501, 5.01000, 23.45402
502, 5.02000, 19.89698
503, 5.03000, 22.20058
504, 5.04000, 27.84824
505, 5.05000, 21.68581
506, 5.06000, 32.42069
507, 5.07000, 33.17635
508, 5.08000, 28.24144
509, 5.09000, 27.36834
510, 5.10000, 27.59411
511, 5.11000, 22.12447
512, 5.12000, 20.51234
513, 5.13000, 23.74797
514, 5.14000, 25.66680
515, 5.15000, 23.93152
516, 5.16000, 20.20524
517, 5.17000, 18.50921
518, 5.18000, 23.19257
519, 5.19000, 30.92248
520, 5.20000, 20.08763
521, 5.21000, 27.19317
522, 5.22000, 28.57234
523, 5.23000, 25.47642
524, 5.24000, 21.27305
525, 5.25000, 21.48957
526, 5.26000, 22.36879
527, 5.27000, 22.47873
528, 5.28000, 26.11468
529, 5.29000, 29.46282
530, 5.30000, 22.73362
531, 5.31000, 21.31485
532, 5.32000, 19.67200
533, 5.33000, 21.10532
534, 5.34000, 19.46538
535, 5.35000, 25.75363
536, 5.36000, 33.45980
537, 5.37000, 26.73530
538, 5.38000, 26.42978
539, 5.39000, 28.16952
540, 5.40000, 25.19365
541, 5.41000, 30.57753
542, 5.42000, 21.26192
543, 5.43000, 18.24767
544, 5.44000, 22.71020
545, 5.45000, 24.79783
546, 5.46000, 23.66294
547, 5.47000, 20.12134
548, 5.48000, 18.58768
549, 5.49000, 25.93524
550, 5.50000, 23.44500
551, 5.51000, 22.59027
552, 5.52000, 25.70524
553, 5.53000, 31.34878
554, 5.54000, 32.61034
555, 5.55000, 30.24272
556, 5.56000, 26.41639
557, 5.57000, 24.13830
558, 5.58000, 24.87760
559, 5.59000, 24.98508
560, 5.60000, 26.64848
561, 5.61000, 26.02523
562, 5.62000, 34.55711
563, 5.63000, 24.46125
564, 5.64000, 20.99218
565, 5.65000, 24.87371
566, 5.66000, 22.42472
567, 5.67000, 23.07864
568, 5.68000, 25.47168
569, 5.69000, 21.35649
570, 5.70000, 25.88349
571, 5.71000, 28.20637
572, 5.72000, 31.47513
573, 5.73000, 29.78159
574, 5.74000, 24.83525
575, 5.75000, 26.42938
576, 5.76000, 36.19771
577, 5.77000, 21.32882
578, 5.78000, 21.74707
579, 5.79000, 26.15218
580, 5.80000, 29.68917
581, 5.81000, 26.22489
582, 5.82000, 28.63124
583, 5.83000, 29.59207
584, 5.84000, 23.33831
585, 5.85000, 25.36218
586, 5.86000, 34.16646
587, 5.87000, 31.13183
588, 5.88000, 28.16742
589, 5.89000, 31.80602
590, 5.90000, 26.30720
591, 5.91000, 23.25477
592, 5.92000, 24.51606
593, 5.93000, 27.82133
594, 5.94000, 27.88425
595, 5.95000, 29.67881
596, 5.96000, 25.77929
597, 5.97000, 22.41569
598, 5.98000, 21.69246
599, 5.99000, 22.62438
600, 6.00000, 18.97320
601, 6.01000, 16.03560
602, 6.02000, 26.75709
603, 6.03000, 29.29529
604, 6.04000, 24.13051
605, 6.05000, 29.52713
606, 6.06000, 24.17715
607, 6.07000, 28.75015
608, 6.08000, 27.08473
609, 6.09000, 25.18644
610, 6.10000, 28.41517
611, 6.11000, 24.98036
612, 6.12000, 32.58634
613, 6.13000, 27.09295
614, 6.14000, 25.53156
615, 6.15000, 28.81318
616, 6.16000, 25.96488
617, 6.17000, 31.54416
618, 6.18000, 31.03990
619, 6.19000, 34.44904
620, 6.20000, 27.00808
621, 6.21000, 25.66755
622, 6.22000, 20.11419
623, 6.23000, 19.59426
624, 6.24000, 18.57943
625, 6.25000, 26.83779
626, 6.26000, 27.29947
627, 6.27000, 27.52242
628, 6.28000, 24.13200
629, 6.29000, 23.13156
630, 6.30000, 25.78866
631, 6.31000, 25.87254
632, 6.32000, 29.20361
633, 6.33000, 27.63248
634, 6.34000, 36.01207
635, 6.35000, 37.55653
636, 6.36000, 28.97595
637, 6.37000, 26.48552
638, 6.38000, 26.02578
639, 6.39000, 30.86982
640, 6.40000, 21.57667
641, 6.41000, 23.26625
642, 6.42000, 24.10386
643, 6.43000, 28.39644
644, 6.44000, 32.16309
645, 6.45000, 31.22248
646, 6.46000, 24.13216
647, 6.47000, 25.42984
648, 6.48000, 32.33813
649, 6.49000, 26.32979
650, 6.50000, 29.09722
651, 6.51000, 27.93709
652, 6.52000, 25.75134
653, 6.53000, 27.95608
654, 6.54000, 32.59445
655, 6.55000, 23.39686
656, 6.56000, 30.84569
657, 6.57000, 25.35702
658, 6.58000, 27.67803
659, 6.59000, 26.38448
660, 6.60000, 24.63853
661, 6.61000, 29.07750
662, 6.62000, 27.20718
663, 6.63000, 25.38934
664, 6.64000, 24.50725
665, 6.65000, 25.62825
666, 6.66000, 23.00916
667, 6.67000, 22.02900
668, 6.68000, 20.23884
669, 6.69000, 31.46288
670, 6.70000, 28.50583
671, 6.71000, 25.31968
672, 6.72000, 23.81806
673, 6.73000, 17.87298
674, 6.74000, 21.56818
675, 6.75000, 21.94488
676, 6.76000, 23.29756
677, 6.77000, 25.86776
678, 6.78000, 29.81992
679, 6.79000, 25.01507
680, 6.80000, 33.39730
681, 6.81000, 24.67098
682, 6.82000, 30.47907
683, 6.83000, 18.50117
684, 6.84000, 17.99715
685, 6.85000, 18.81556
686, 6.86000, 24.52591
687, 6.87000, 26.88381
688, 6.88000, 18.55405
689, 6.89000, 17.30297
690, 6.90000, 20.41472
691, 6.91000, 20.03725
692, 6.92000, 24.04983
693, 6.93000, 28.79850
694, 6.94000, 26.20265
695, 6.95000, 30.21891
696, 6.96000, 26.89312
697, 6.97000, 23.36127
698, 6.98000, 22.77170
699, 6.99000, 28.82849
700, 7.00000, 26.17511
701, 7.01000, 21.08389
702, 7.02000, 23.62090
703, 7.03000, 24.30813
704, 7.04000, 25.37816
705, 7.05000, 25.76814
706, 7.06000, 24.28739
707, 7.07000, 22.26068
708, 7.08000, 26.57916
709, 7.09000, 18.31639
710, 7.10000, 25.38844
711, 7.11000, 24.48423
712, 7.12000, 36.78556
713, 7.13000, 34.75172
714, 7.14000, 31.18628
715, 7.15000, 24.08382
716, 7.16000, 23.53602
717, 7.17000, 27.38034
718, 7.18000, 24.74472
719, 7.19000, 26.32697
720, 7.20000, 22.30601
721, 7.21000, 16.76805
722, 7.22000, 20.87652
723, 7.23000, 20.90443
724, 7.24000, 18.42140
725, 7.25000, 18.61960
726, 7.26000, 19.54822
727, 7.27000, 20.09491
728, 7.28000, 17.67745
729, 7.29000, 19.98395
730, 7.30000, 20.89993
731, 7.31000, 18.56012
732, 7.32000, 19.23061
733, 7.33000, 23.87806
734, 7.34000, 26.90880
735, 7.35000, 25.49153
736, 7.36000, 24.65395
737, 7.37000, 25.41776
738, 7.38000, 28.19982
739, 7.39000, 24.44684
740, 7.40000, 21.55198
741, 7.41000, 21.74736
742, 7.42000, 24.60618
743, 7.43000, 26.82506
744, 7.44000, 27.15205
745, 7.45000, 35.15174
746, 7.46000, 25.87311
747, 7.47000, 22.59960
748, 7.48000, 15.81667
749, 7.49000, 14.88939
750, 7.50000, 16.99092
751, 7.51000, 22.82049
752, 7.52000, 27.48388
753, 7.53000, 23.54699
754, 7.54000, 22.88259
755, 7.55000, 19.60707
756, 7.56000, 21.17359
757, 7.57000, 24.92945
758, 7.58000, 23.82150
759, 7.59000, 21.97340
760, 7.60000, 26.08284
761, 7.61000, 35.60043
762, 7.62000, 28.06645
763, 7.63000, 22.68547
764, 7.64000, 31.07162
765, 7.65000, 25.49142
766, 7.66000, 30.76570
767, 7.67000, 29.07015
768, 7.68000, 25.47990
769, 7.69000, 24.77772
770, 7.70000, 21.63305
771, 7.71000, 19.86129
772, 7.72000, 24.91324
773, 7.73000, 18.26687
774, 7.74000, 15.91801
775, 7.75000, 17.59583
776, 7.76000, 24.80973
777, 7.77000, 23.25207
778, 7.78000, 26.33806
779, 7.79000, 21.74792
780, 7.80000, 23.70126
781, 7.81000, 26.25737
782, 7.82000, 23.53703
783, 7.83000, 21.04578
784, 7.84000, 22.28754
785, 7.85000, 24.67493
786, 7.86000, 30.63582
787, 7.87000, 29.66680
788, 7.88000, 26.52653
789, 7.89000, 23.01811
790, 7.90000, 25.62213
791, 7.91000, 27.95016
792, 7.92000, 22.01090
793, 7.93000, 25.06477
794, 7.94000, 26.83470
795, 7.95000, 26.16152
796, 7.96000, 23.88035
797, 7.97000, 25.10456
798, 7.98000, 24.37005
799, 7.99000, 23.22235
800, 8.00000, 26.45366
801, 8.01000, 26.20628
802, 8.02000, 23.51059
803, 8.03000, 26.87242
804, 8.04000, 26.00890
805, 8.05000, 28.23076
806, 8.06000, 25.81175
807, 8.07000, 20.49952
808, 8.08000, 23.53216
809, 8.09000, 20.67675
810, 8.10000, 18.75026
811, 8.11000, 15.59263
812, 8.12000, 14.46721
813, 8.13000, 15.85827
814, 8.14000, 21.36381
815, 8.15000, 27.13698
816, 8.16000, 24.49416
817, 8.17000, 23.00794
818, 8.18000, 19.13804
819, 8.19000, 23.81438
820, 8.20000, 32.88326
821, 8.21000, 29.56371
822, 8.22000, 31.34076
823, 8.23000, 31.34513
824, 8.24000, 31.47999
825, 8.25000, 33.21407
826, 8.26000, 30.94777
827, 8.27000, 24.74709
828, 8.28000, 30.40586
829, 8.29000, 17.58627
830, 8.30000, 16.14472
831, 8.31000, 14.42252
832, 8.32000, 14.80877
833, 8.33000, 17.33652
834, 8.34000, 21.39838
835, 8.35000, 21.07318
836, 8.36000, 18.65312
837, 8.37000, 15.07236
838, 8.38000, 18.60451
839, 8.39000, 23.25003
840, 8.40000, 23.43224
841, 8.41000, 24.66288
842, 8.42000, 20.31226
843, 8.43000, 26.87683
844, 8.44000, 25.26644
845, 8.45000, 30.26593
846, 8.46000, 26.80955
847, 8.47000, 21.06783
848, 8.48000, 26.06052
849, 8.49000, 20.30679
850, 8.50000, 22.50558
851, 8.51000, 21.08652
852, 8.52000, 33.40976
853, 8.53000, 25.54117
854, 8.54000, 26.55659
855, 8.55000, 24.41298
856, 8.56000, 29.57060
857, 8.57000, 31.97336
858, 8.58000, 33.03955
859, 8.59000, 27.58057
860, 8.60000, 23.40524
861, 8.61000, 25.73574
862, 8.62000, 24.97866
863, 8.63000, 27.67638
864, 8.64000, 24.24088
865, 8.65000, 24.84039
866, 8.66000, 24.87538
867, 8.67000, 30.86985
868, 8.68000, 26.81262
869, 8.69000, 21.21303
870, 8.70000, 25.44108
871, 8.71000, 31.64866
872, 8.72000, 19.14472
873, 8.73000, 22.96976
874, 8.74000, 21.56217
875, 8.75000, 25.71624
876, 8.76000, 24.70168
877, 8.77000, 22.31863
878, 8.78000, 23.05697
879, 8.79000, 19.99577
880, 8.80000, 20.30413
881, 8.81000, 29.35864
882, 8.82000, 31.98669
883, 8.83000, 25.62002
884, 8.84000, 25.18537
885, 8.85000, 17.63990
886, 8.86000, 28.69900
887, 8.87000, 25.13063
888, 8.88000, 29.77774
889, 8.89000, 31.31702
890, 8.90000, 33.98104
891, 8.91000, 22.06050
892, 8.92000, 18.56127
893, 8.93000, 21.57259
894, 8.94000, 25.90475
895, 8.95000, 24.26345
896, 8.96000, 23.37046
897, 8.97000, 28.63668
898, 8.98000, 28.92724
899, 8.99000, 26.90839
900, 9.00000, 29.31541
901, 9.01000, 17.20574
902, 9.02000, 18.33932
903, 9.03000, 24.19326
904, 9.04000, 25.53325
905, 9.05000, 32.28972
906, 9.06000, 24.70154
907, 9.07000, 22.24839
908, 9.08000, 18.70382
909, 9.09000, 19.25728
910, 9.10000, 21.09832
911, 9.11000, 19.87494
912, 9.12000, 22.07271
913, 9.13000, 18.26568
914, 9.14000, 21.94109
915, 9.15000, 27.91503
916, 9.16000, 27.56711
917, 9.17000, 33.13867
918, 9.18000, 32.29004
919, 9.19000, 19.56642
920, 9.20000, 33.55986
921, 9.21000, 33.29895
922, 9.22000, 27.94748
923, 9.23000, 21.92928
924, 9.24000, 24.45042
925, 9.25000, 26.62121
926, 9.26000, 28.01463
927, 9.27000, 28.49100
928, 9.28000, 31.46397
929, 9.29000, 24.43098
930, 9.30000, 24.50360
931, 9.31000, 24.49908
932, 9.32000, 24.42008
933, 9.33000, 26.66302
934, 9.34000, 22.80861
935, 9.35000, 29.33911
936, 9.36000, 30.70834
937, 9.37000, 28.82308
938, 9.38000, 22.10750
939, 9.39000, 14.21285
940, 9.40000, 17.26249
941, 9.41000, 18.74209
942, 9.42000, 25.47400
943, 9.43000, 24.58003
944, 9.44000, 27.92299
945, 9.45000, 17.94908
946, 9.46000, 23.17755
947, 9.47000, 29.62741
948, 9.48000, 24.70326
949, 9.49000, 20.40103
950, 9.50000, 25.13890
951, 9.51000, 24.37024
952, 9.52000, 25.60250
953, 9.53000, 32.15648
954, 9.54000, 28.45175
955, 9.55000, 24.94168
956, 9.56000, 20.99099
957, 9.57000, 19.00664
958, 9.58000, 22.87677
959, 9.59000, 22.58667
960, 9.60000, 32.52076
961, 9.61000, 30.41029
962, 9.62000, 26.13897
963, 9.63000, 20.30457
964, 9.64000, 21.60721
965, 9.65000, 29.44326
966, 9.66000, 28.59710
967, 9.67000, 30.40757
968, 9.68000, 23.38521
969, 9.69000, 24.65256
970, 9.70000, 24.90649
971, 9.71000, 23.82477
972, 9.72000, 25.24703
973, 9.73000, 29.61730
974, 9.74000, 20.71570
975, 9.75000, 27.11131
976, 9.76000, 22.47760
977, 9.77000, 19.47260
978, 9.78000, 26.77798
979, 9.79000, 23.43987
980, 9.80000, 28.44325
981, 9.81000, 19.85806
982, 9.82000, 19.32826
983, 9.83000, 25.34790
984, 9.84000, 38.49012
985, 9.85000, 37.29516
986, 9.86000, 28.12818
987, 9.87000, 23.02495
988, 9.88000, 27.48360
989, 9.89000, 24.58655
990, 9.90000, 22.56642
991, 9.91000, 24.42080
992, 9.92000, 26.02371
993, 9.93000, 21.44783
994, 9.94000, 21.67349
995, 9.95000, 23.18084
996, 9.96000, 25.57334
997, 9.97000, 28.14443
998, 9.98000, 28.13878
999, 9.99000, 24.07173
1000, 10.00000, 30.00078
1001, 10.01000, 28.03460
1002, 10.02000, 32.30977
1003, 10.03000, 25.81434
1004, 10.04000, 19.96743
1005, 10.05000, 22.02156
1006, 10.06000, 18.45741
1007, 10.07000, 20.04233
1008, 10.08000, 19.33191
1009, 10.09000, 21.69624
1010, 10.10000, 19.71919
1011, 10.11000, 18.22235
1012, 10.12000, 15.15408
1013, 10.13000, 23.69208
1014, 10.14000, 20.39289
1015, 10.15000, 34.73884
1016, 10.16000, 32.37419
1017, 10.17000, 32.97537
1018, 10.18000, 20.18887
1019, 10.19000, 26.70013
1020, 10.20000, 23.77078
1021, 10.21000, 25.14550
1022, 10.22000, 25.25100
1023, 10.23000, 23.64333
1024, 10.24000, 25.68972
1025, 10.25000, 23.96273
1026, 10.26000, 27.29378
1027, 10.27000, 26.63285
1028, 10.28000, 24.07241
1029, 10.29000, 24.57543
1030, 10.30000, 21.87676
1031, 10.31000, 25.89064
1032, 10.32000, 24.24549
1033, 10.33000, 20.95447
1034, 10.34000, 26.75091
1035, 10.35000, 28.01299
1036, 10.36000, 27.20316
1037, 10.37000, 25.85899
1038, 10.38000, 29.75324
1039, 10.39000, 26.87783
1040, 10.40000, 25.99065
1041, 10.41000, 30.47022
1042, 10.42000, 30.27839
1043, 10.43000, 36.26132
1044, 10.44000, 29.61593
1045, 10.45000, 24.60565
1046, 10.46000, 27.11400
1047, 10.47000, 27.06137
1048, 10.48000, 34.72903
1049, 10.49000, 23.65308
1050, 10.50000, 15.68061
1051, 10.51000, 21.26190
1052, 10.52000, 24.25357
1053, 10.53000, 27.16915
1054, 10.54000, 26.58536
1055, 10.55000, 24.87148
1056, 10.56000, 20.84567
1057, 10.57000, 24.38514
1058, 10.58000, 21.82685
1059, 10.59000, 23.56918
1060, 10.60000, 27.59818
1061, 10.61000, 27.13233
1062, 10.62000, 31.35277
1063, 10.63000, 32.22874
1064, 10.64000, 34.21900
1065, 10.65000, 25.32685
1066, 10.66000, 27.03507
1067, 10.67000, 25.93955
1068, 10.68000, 23.87589
1069, 10.69000, 25.13246
1070, 10.70000, 27.78456
1071, 10.71000, 26.38748
1072, 10.72000, 24.15166
1073, 10.73000, 24.37320
1074, 10.74000, 22.76488
1075, 10.75000, 18.82127
1076, 10.76000, 15.60744
1077, 10.77000, 26.46031
1078, 10.78000, 25.63438
1079, 10.79000, 31.61427
1080, 10.80000, 34.71246
1081, 10.81000, 35.89321
1082, 10.82000, 26.67674
1083, 10.83000, 30.16761
1084, 10.84000, 29.50886
1085, 10.85000, 25.71971
1086, 10.86000, 19.67668
1087, 10.87000, 25.91826
1088, 10.88000, 21.77511
1089, 10.89000, 29.30885
1090, 10.90000, 25.36364
1091, 10.91000, 18.59268
1092, 10.92000, 16.05282
1093, 10.93000, 16.84118
1094, 10.94000, 21.27786
1095, 10.95000, 29.28162
1096, 10.96000, 22.05870
1097, 10.97000, 21.30017
1098, 10.98000, 17.84300
1099, 10.99000, 20.74397
1100, 11.00000, 22.98330
1101, 11.01000, 20.26803
1102, 11.02000, 22.89249
1103, 11.03000, 24.29387
1104, 11.04000, 27.14691
1105, 11.05000, 25.53986
1106, 11.06000, 28.79817
1107, 11.07000, 29.74805
1108, 11.08000, 31.71281
1109, 11.09000, 25.72921
1110, 11.10000, 30.20191
1111, 11.11000, 33.71181
1112, 11.12000, 28.07648
1113, 11.13000, 29.36996
1114, 11.14000, 24.42985
1115, 11.15000, 19.73149
1116, 11.16000, 25.32348
1117, 11.17000, 17.65399
1118, 11.18000, 21.88330
1119, 11.19000, 26.84160
1120, 11.20000, 22.07559
1121, 11.21000, 22.02868
1122, 11.22000, 18.27027
1123, 11.23000, 17.55306
1124, 11.24000, 20.53420
1125, 11.25000, 23.51507
1126, 11.26000, 25.56060
1127, 11.27000, 24.25470
1128, 11.28000, 24.88346
1129, 11.29000, 29.89926
1130, 11.30000, 27.97115
1131, 11.31000, 25.24221
1132, 11.32000, 26.61782
1133, 11.33000, 23.84494
1134, 11.34000, 23.49321
1135, 11.35000, 28.04087
1136, 11.36000, 28.11981
1137, 11.37000, 24.39536
1138, 11.38000, 26.50739
1139, 11.39000, 25.71977
1140, 11.40000, 29.90746
1141, 11.41000, 18.71611
1142, 11.42000, 25.28352
1143, 11.43000, 31.56883
1144, 11.44000, 26.60025
1145, 11.45000, 21.77195
1146, 11.46000, 20.63067
1147, 11.47000, 20.70009
1148, 11.48000, 20.81064
1149, 11.49000, 25.86045
1150, 11.50000, 25.92694
1151, 11.51000, 26.14126
1152, 11.52000, 25.12798
1153, 11.53000, 25.09741
1154, 11.54000, 29.95447
1155, 11.55000, 23.41839
1156, 11.56000, 22.14908
1157, 11.57000, 19.54501
1158, 11.58000, 31.02262
1159, 11.59000, 28.80846
1160, 11.60000, 30.04139
1161, 11.61000, 20.34967
1162, 11.62000, 22.25659
1163, 11.63000, 23.61608
1164, 11.64000, 29.06022
1165, 11.65000, 19.65944
1166, 11.66000, 22.05806
1167, 11.67000, 25.73872
1168, 11.68000, 25.85011
1169, 11.69000, 20.79639
1170, 11.70000, 18.00696
1171, 11.71000, 24.71206
1172, 11.72000, 24.77162
1173, 11.73000, 22.21385
1174, 11.74000, 33.30755
1175, 11.75000, 38.56456
1176, 11.76000, 28.30700
1177, 11.77000, 20.55886
1178, 11.78000, 28.13841
1179, 11.79000, 28.88171
1180, 11.80000, 24.33238
1181, 11.81000, 21.03725
1182, 11.82000, 22.22856
1183, 11.83000, 16.44372
1184, 11.84000, 20.86511
1185, 11.85000, 24.07901
1186, 11.86000, 26.08688
1187, 11.87000, 21.18820
1188, 11.88000, 19.24615
1189, 11.89000, 22.45974
1190, 11.90000, 24.01977
1191, 11.91000, 25.17710
1192, 11.92000, 20.46021
1193, 11.93000, 18.60217
1194, 11.94000, 24.65941
1195, 11.95000, 23.90307
1196, 11.96000, 19.89495
1197, 11.97000, 25.46369
1198, 11.98000, 26.11055
1199, 11.99000, 27.00254
1200, 12.00000, 21.99809
1201, 12.01000, 21.08560
1202, 12.02000, 24.53176
1203, 12.03000, 29.56204
1204, 12.04000, 24.19967
1205, 12.05000, 24.53814
1206, 12.06000, 31.34961
1207, 12.07000, 38.33860
1208, 12.08000, 41.73267
1209, 12.09000, 24.05965
1210, 12.10000, 25.07619
1211, 12.11000, 29.69080
1212, 12.12000, 30.99211
1213, 12.13000, 30.15367
1214, 12.14000, 25.62024
1215, 12.15000, 24.04051
1216, 12.16000, 21.29626
1217, 12.17000, 20.86554
1218, 12.18000, 28.71839
1219, 12.19000, 22.24193
1220, 12.20000, 24.69855
1221, 12.21000, 31.18618
1222, 12.22000, 25.86972
1223, 12.23000, 35.84724
1224, 12.24000, 31.62824
1225, 12.25000, 25.11722
1226, 12.26000, 25.70551
1227, 12.27000, 23.27016
1228, 12.28000, 25.68132
1229, 12.29000, 34.06865
1230, 12.30000, 24.65861
1231, 12.31000, 20.90937
1232, 12.32000, 23.02324
1233, 12.33000, 18.13742
1234, 12.34000, 21.77790
1235, 12.35000, 23.54229
1236, 12.36000, 34.74271
1237, 12.37000, 24.39718
1238, 12.38000, 40.38109
1239, 12.39000, 28.48912
1240, 12.40000, 34.09993
1241, 12.41000, 24.44854
1242, 12.42000, 17.30060
1243, 12.43000, 19.53543
1244, 12.44000, 25.04335
1245, 12.45000, 24.04196
1246, 12.46000, 18.15755
1247, 12.47000, 25.13287
1248, 12.48000, 18.73708
1249, 12.49000, 21.64674
1250, 12.50000, 22.23373
1251, 12.51000, 19.94950
1252, 12.52000, 18.87563
1253, 12.53000, 23.21413
1254, 12.54000, 29.01627
1255, 12.55000, 27.33147
1256, 12.56000, 25.47709
1257, 12.57000, 20.65303
1258, 12.58000, 21.64709
1259, 12.59000, 21.93436
1260, 12.60000, 27.72260
1261, 12.61000, 26.34411
1262, 12.62000, 18.76092
1263, 12.63000, 19.67344
1264, 12.64000, 20.00455
1265, 12.65000, 24.27862
1266, 12.66000, 16.68352
1267, 12.67000, 25.40527
1268, 12.68000, 30.42269
1269, 12.69000, 25.16827
1270, 12.70000, 37.05181
1271, 12.71000, 28.32381
1272, 12.72000, 30.92852
1273, 12.73000, 18.97975
1274, 12.74000, 27.52354
1275, 12.75000, 30.65526
1276, 12.76000, 26.41217
1277, 12.77000, 20.98170
1278, 12.78000, 23.04394
1279, 12.79000, 27.05812
1280, 12.80000, 26.37956
1281, 12.81000, 28.68194
1282, 12.82000, 25.77939
1283, 12.83000, 23.13615
1284, 12.84000, 18.96273
1285, 12.85000, 25.40628
1286, 12.86000, 28.62637
1287, 12.87000, 29.99192
1288, 12.88000, 27.19078
1289, 12.89000, 21.02502
1290, 12.90000, 19.81637
1291, 12.91000, 18.92457
1292, 12.92000, 27.64799
1293, 12.93000, 25.44012
1294, 12.94000, 22.95037
1295, 12.95000, 22.07817
1296, 12.96000, 22.19937
1297, 12.97000, 28.90708
1298, 12.98000, 33.53110
1299, 12.99000, 24.04865
1300, 13.00000, 22.42503
1301, 13.01000, 24.59010
1302, 13.02000, 37.72747
1303, 13.03000, 35.22341
1304, 13.04000, 25.90458
1305, 13.05000, 31.38602
1306, 13.06000, 20.82441
1307, 13.07000, 17.11726
1308, 13.08000, 23.90275
1309, 13.09000, 31.58608
1310, 13.10000, 23.33534
1311, 13.11000, 26.39782
1312, 13.12000, 22.77551
1313, 13.13000, 22.80990
1314, 13.14000, 16.45965
1315, 13.15000, 19.71914
1316, 13.16000, 21.29969
1317, 13.17000, 34.68227
1318, 13.18000, 28.27023
1319, 13.19000, 26.81705
1320, 13.20000, 22.01610
1321, 13.21000, 21.01723
1322, 13.22000, 20.20381
1323, 13.23000, 22.74310
1324, 13.24000, 25.52620
1325, 13.25000, 27.52195
1326, 13.26000, 18.86452
1327, 13.27000, 21.43974
1328, 13.28000, 23.62562
1329, 13.29000, 23.71912
1330, 13.30000, 24.85636
1331, 13.31000, 25.06142
1332, 13.32000, 24.00264
1333, 13.33000, 21.11357
1334, 13.34000, 27.47993
1335, 13.35000, 32.62874
1336, 13.36000, 24.08994
1337, 13.37000, 26.94881
1338, 13.38000, 27.52752
1339, 13.39000, 24.37895
1340, 13.40000, 27.16778
1341, 13.41000, 19.75669
1342, 13.42000, 22.24978
1343, 13.43000, 23.80519
1344, 13.44000, 20.60466
1345, 13.45000, 22.25013
1346, 13.46000, 20.93050
1347, 13.47000, 18.40996
1348, 13.48000, 19.28781
1349, 13.49000, 25.48239
1350, 13.50000, 20.65037
1351, 13.51000, 16.80617
1352, 13.52000, 25.35680
1353, 13.53000, 31.05790
1354, 13.54000, 23.95521
1355, 13.55000, 24.55990
1356, 13.56000, 25.40808
1357, 13.57000, 26.23070
1358, 13.58000, 22.77417
1359, 13.59000, 25.71199
1360, 13.60000, 25.59400
1361, 13.61000, 21.27734
1362, 13.62000, 21.78652
1363, 13.63000, 27.26227
1364, 13.64000, 28.78582
1365, 13.65000, 28.73273
1366, 13.66000, 23.80274
1367, 13.67000, 27.33745
1368, 13.68000, 28.32755
1369, 13.69000, 32.84332
1370, 13.70000, 25.84330
1371, 13.71000, 23.22653
1372, 13.72000, 21.85412
1373, 13.73000, 22.95678
1374, 13.74000, 23.25963
1375, 13.75000, 23.21923
1376, 13.76000, 27.95304
1377, 13.77000, 27.66936
1378, 13.78000, 18.86803
1379, 13.79000, 24.30283
1380, 13.80000, 25.87766
1381, 13.81000, 35.77515
1382, 13.82000, 27.38901
1383, 13.83000, 19.97727
1384, 13.84000, 22.45088
1385, 13.85000, 31.79941
1386, 13.86000, 28.55242
1387, 13.87000, 25.93193
1388, 13.88000, 22.83181
1389, 13.89000, 21.00326
1390, 13.90000, 24.03142
1391, 13.91000, 26.12804
1392, 13.92000, 20.04830
1393, 13.93000, 19.13683
1394, 13.94000, 18.69100
1395, 13.95000, 28.62155
1396, 13.96000, 21.78311
1397, 13.97000, 29.81592
1398, 13.98000, 37.72111
1399, 13.99000, 36.10130
1400, 14.00000, 24.84278
1401, 14.01000, 24.61839
1402, 14.02000, 23.32016
1403, 14.03000, 24.10212
1404, 14.04000, 22.56712
1405, 14.05000, 21.13558
1406, 14.06000, 18.56953
1407, 14.07000, 28.55444
1408, 14.08000, 25.11889
1409, 14.09000, 26.39943
1410, 14.10000, 23.89934
1411, 14.11000, 25.19477
1412, 14.12000, 32.11535
1413, 14.13000, 30.02205
1414, 14.14000, 26.87866
1415, 14.15000, 25.62747
1416, 14.16000, 25.73721
1417, 14.17000, 22.41662
1418, 14.18000, 18.72680
1419, 14.19000, 24.75103
1420, 14.20000, 22.99394
1421, 14.21000, 23.81151
1422, 14.22000, 20.42789
1423, 14.23000, 17.47466
1424, 14.24000, 19.84573
1425, 14.25000, 25.35482
1426, 14.26000, 27.25821
1427, 14.27000, 26.29300
1428, 14.28000, 27.94203
1429, 14.29000, 26.97886
1430, 14.30000, 24.30752
1431, 14.31000, 26.21633
1432, 14.32000, 23.17594
1433, 14.33000, 25.08129
1434, 14.34000, 26.86062
1435, 14.35000, 26.28658
1436, 14.36000, 26.58754
1437, 14.37000, 24.49179
1438, 14.38000, 24.24783
1439, 14.39000, 25.35980
1440, 14.40000, 24.82138
1441, 14.41000, 20.22319
1442, 14.42000, 24.29387
1443, 14.43000, 24.03556
1444, 14.44000, 28.14528
1445, 14.45000, 20.80305
1446, 14.46000, 19.25390
1447, 14.47000, 22.39815
1448, 14.48000, 23.70879
1449, 14.49000, 24.11819
1450, 14.50000, 23.78314
1451, 14.51000, 29.08833
1452, 14.52000, 22.38591
1453, 14.53000, 22.98586
1454, 14.54000, 23.60476
1455, 14.55000, 22.54459
1456, 14.56000, 24.37385
1457, 14.57000, 22.05846
1458, 14.58000, 23.45083
1459, 14.59000, 31.86803
1460, 14.60000, 25.82360
1461, 14.61000, 30.95606
1462, 14.62000, 30.28081
1463, 14.63000, 19.90833
1464, 14.64000, 30.06934
1465, 14.65000, 18.03578
1466, 14.66000, 20.22349
1467, 14.67000, 28.86261
1468, 14.68000, 22.76802
1469, 14.69000, 24.47114
1470, 14.70000, 26.70782
1471, 14.71000, 25.93785
1472, 14.72000, 23.90311
1473, 14.73000, 21.79407
1474, 14.74000, 25.94042
1475, 14.75000, 27.00085
1476, 14.76000, 32.95552
1477, 14.77000, 34.97856
1478, 14.78000, 32.42023
1479, 14.79000, 28.74790
1480, 14.80000, 23.37380
1481, 14.81000, 28.23443
1482, 14.82000, 21.96811
1483, 14.83000, 21.99704
1484, 14.84000, 26.67037
1485, 14.85000, 28.23218
1486, 14.86000, 20.53328
1487, 14.87000, 30.16770
1488, 14.88000, 23.08821
1489, 14.89000, 21.61646
1490, 14.90000, 17.11386
1491, 14.91000, 18.14257
1492, 14.92000, 19.22193
1493, 14.93000, 29.82258
1494, 14.94000, 23.32267
1495, 14.95000, 20.35735
1496, 14.96000, 20.26833
1497, 14.97000, 25.22485
1498, 14.98000, 27.39671
1499, 14.99000, 27.93803
1500, 15.00000, 28.03138
1501, 15.01000, 28.00084
1502, 15.02000, 26.44853
1503, 15.03000, 25.14959
1504, 15.04000, 19.00756
1505, 15.05000, 23.06349
1506, 15.06000, 22.63909
1507, 15.07000, 23.08494
1508, 15.08000, 27.53328
1509, 15.09000, 24.05006
1510, 15.10000, 21.53242
1511, 15.11000, 16.69677
1512, 15.12000, 17.09021
1513, 15.13000, 19.40700
1514, 15.14000, 22.93307
1515, 15.15000, 19.73322
1516, 15.16000, 16.66857
1517, 15.17000, 16.76574
1518, 15.18000, 18.95648
1519, 15.19000, 22.37594
1520, 15.20000, 28.69404
1521, 15.21000, 27.02068
1522, 15.22000, 25.97340
1523, 15.23000, 25.36329
1524, 15.24000, 29.70827
1525, 15.25000, 30.89387
1526, 15.26000, 32.83947
1527, 15.27000, 24.75248
1528, 15.28000, 25.76657
1529, 15.29000, 26.20545
1530, 15.30000, 24.90857
1531, 15.31000, 21.87926
1532, 15.32000, 21.35165
1533, 15.33000, 31.74368
1534, 15.34000, 27.58799
1535, 15.35000, 27.38547
1536, 15.36000, 21.28467
1537, 15.37000, 20.30321
1538, 15.38000, 20.06687
1539, 15.39000, 24.99445
1540, 15.40000, 35.95186
1541, 15.41000, 38.73127
1542, 15.42000, 26.61719
1543, 15.43000, 23.80550
1544, 15.44000, 27.18749
1545, 15.45000, 23.14051
1546, 15.46000, 18.86072
1547, 15.47000, 16.99117
1548, 15.48000, 21.53893
1549, 15.49000, 25.80635
1550, 15.50000, 27.43765
1551, 15.51000, 23.22129
1552, 15.52000, 21.25986
1553, 15.53000, 31.19941
1554, 15.54000, 20.74408
1555, 15.55000, 18.87161
1556, 15.56000, 30.18325
1557, 15.57000, 30.22005
1558, 15.58000, 30.41085
1559, 15.59000, 17.77915
1560, 15.60000, 30.15447
1561, 15.61000, 25.99241
1562, 15.62000, 19.74253
1563, 15.63000, 24.89309
1564, 15.64000, 23.56995
1565, 15.65000, 31.51336
1566, 15.66000, 25.26939
1567, 15.67000, 26.21032
1568, 15.68000, 15.09494
1569, 15.69000, 13.44187
1570, 15.70000, 17.11902
1571, 15.71000, 23.13155
1572, 15.72000, 20.08986
1573, 15.73000, 28.78787
1574, 15.74000, 19.01862
1575, 15.75000, 26.41499
1576, 15.76000, 22.78086
1577, 15.77000, 29.09561
1578, 15.78000, 25.35769
1579, 15.79000, 26.06360
1580, 15.80000, 18.89018
1581, 15.81000, 15.77420
1582, 15.82000, 18.21814
1583, 15.83000, 16.45908
1584, 15.84000, 16.32317
1585, 15.85000, 17.30608
1586, 15.86000, 29.38185
1587, 15.87000, 25.60419
1588, 15.88000, 20.17819
1589, 15.89000, 25.63668
1590, 15.90000, 21.35571
1591, 15.91000, 23.21947
1592, 15.92000, 25.53018
1593, 15.93000, 17.53781
1594, 15.94000, 20.38691
1595, 15.95000, 19.91991
1596, 15.96000, 18.60202
1597, 15.97000, 19.29839
1598, 15.98000, 23.16619
1599, 15.99000, 18.57564
1600, 16.00000, 22.17010
1601, 16.01000, 23.41904
1602, 16.02000, 21.13984
1603, 16.03000, 26.29204
1604, 16.04000, 33.53916
1605, 16.05000, 31.21369
1606, 16.06000, 24.82525
1607, 16.07000, 26.51087
1608, 16.08000, 21.58088
1609, 16.09000, 20.50740
1610, 16.10000, 20.06527
1611, 16.11000, 27.84761
1612, 16.12000, 26.22450
1613, 16.13000, 25.63418
1614, 16.14000, 26.98551
1615, 16.15000, 27.30579
1616, 16.16000, 25.98099
1617, 16.17000, 29.87238
1618, 16.18000, 27.01794
1619, 16.19000, 20.42834
1620, 16.20000, 26.81868
1621, 16.21000, 29.56051
1622, 16.22000, 27.80905
1623, 16.23000, 27.02324
1624, 16.24000, 27.84340
1625, 16.25000, 21.57279
1626, 16.26000, 18.54963
1627, 16.27000, 18.32544
1628, 16.28000, 22.71363
1629, 16.29000, 25.48952
1630, 16.30000, 22.03397
1631, 16.31000, 20.99911
1632, 16.32000, 18.52911
1633, 16.33000, 21.33244
1634, 16.34000, 26.55705
1635, 16.35000, 31.51867
1636, 16.36000, 33.89846
1637, 16.37000, 28.25163
1638, 16.38000, 25.46704
1639, 16.39000, 27.36570
1640, 16.40000, 22.17495
1641, 16.41000, 22.60006
1642, 16.42000, 23.87236
1643, 16.43000, 24.14779
1644, 16.44000, 24.78614
1645, 16.45000, 22.64783
1646, 16.46000, 18.50643
1647, 16.47000, 26.51450
1648, 16.48000, 19.52977
1649, 16.49000, 18.73138
1650, 16.50000, 23.23323
1651, 16.51000, 27.04152
1652, 16.52000, 21.42769
1653, 16.53000, 24.63723
1654, 16.54000, 20.54415
1655, 16.55000, 26.13676
1656, 16.56000, 17.24178
1657, 16.57000, 15.22355
1658, 16.58000, 13.76970
1659, 16.59000, 15.59699
1660, 16.60000, 22.81423
1661, 16.61000, 19.07915
1662, 16.62000, 19.57214
1663, 16.63000, 20.71100
1664, 16.64000, 16.33952
1665, 16.65000, 19.23729
1666, 16.66000, 24.95104
1667, 16.67000, 27.88045
1668, 16.68000, 25.72918
1669, 16.69000, 22.77837
1670, 16.70000, 25.39947
1671, 16.71000, 23.32990
1672, 16.72000, 23.55476
1673, 16.73000, 23.52297
1674, 16.74000, 25.16809
1675, 16.75000, 21.00291
1676, 16.76000, 21.04383
1677, 16.77000, 16.24709
1678, 16.78000, 21.15352
1679, 16.79000, 21.65764
1680, 16.80000, 24.82498
1681, 16.81000, 21.31791
1682, 16.82000, 24.10554
1683, 16.83000, 22.63116
1684, 16.84000, 28.33250
1685, 16.85000, 33.45551
1686, 16.86000, 24.06795
1687, 16.87000, 20.59527
1688, 16.88000, 21.45381
1689, 16.89000, 25.13738
1690, 16.90000, 19.75787
1691, 16.91000, 19.59383
1692, 16.92000, 21.13213
1693, 16.93000, 21.40547
1694, 16.94000, 21.97049
1695, 16.95000, 19.63995
1696, 16.96000, 17.39380
1697, 16.97000, 15.72330
1698, 16.98000, 14.21243
1699, 16.99000, 25.64387
1700, 17.00000, 29.25258
1701, 17.01000, 25.00828
1702, 17.02000, 23.99669
1703, 17.03000, 25.02876
1704, 17.04000, 21.07154
1705, 17.05000, 17.83900
1706, 17.06000, 18.62953
1707, 17.07000, 21.52903
1708, 17.08000, 23.90109
1709, 17.09000, 19.77519
1710, 17.10000, 24.53259
1711, 17.11000, 23.70602
1712, 17.12000, 31.53545
1713, 17.13000, 24.97350
1714, 17.14000, 24.24721
1715, 17.15000, 35.67585
1716, 17.16000, 36.61387
1717, 17.17000, 27.77788
1718, 17.18000, 21.90119
1719, 17.19000, 27.08379
1720, 17.20000, 24.57714
1721, 17.21000, 23.70590
1722, 17.22000, 20.63388
1723, 17.23000, 18.14571
1724, 17.24000, 16.90064
1725, 17.25000, 22.04140
1726, 17.26000, 19.09119
1727, 17.27000, 21.36529
1728, 17.28000, 24.75630
1729, 17.29000, 23.36279
1730, 17.30000, 19.27749
1731, 17.31000, 22.65014
1732, 17.32000, 20.91825
1733, 17.33000, 18.11490
1734, 17.34000, 14.31033
1735, 17.35000, 15.53984
1736, 17.36000, 18.40663
1737, 17.37000, 19.48952
1738, 17.38000, 19.09697
1739, 17.39000, 26.15523
1740, 17.40000, 21.36260
1741, 17.41000, 17.84516
1742, 17.42000, 23.41451
1743, 17.43000, 22.02857
1744, 17.44000, 22.14045
1745, 17.45000, 21.80476
1746, 17.46000, 17.76410
1747, 17.47000, 22.96620
1748, 17.48000, 26.72510
1749, 17.49000, 30.25762
1750, 17.50000, 20.58857
1751, 17.51000, 19.21057
1752, 17.52000, 17.23299
1753, 17.53000, 18.72461
1754, 17.54000, 29.01282
1755, 17.55000, 19.51039
1756, 17.56000, 26.94264
1757, 17.57000, 24.54115
1758, 17.58000, 18.53378
1759, 17.59000, 15.90854
1760, 17.60000, 20.31999
1761, 17.61000, 21.80929
1762, 17.62000, 29.62144
1763, 17.63000, 20.99579
1764, 17.64000, 25.68108
1765, 17.65000, 23.52134
1766, 17.66000, 22.60114
1767, 17.67000, 22.46610
1768, 17.68000, 24.88068
1769, 17.69000, 25.21751
1770, 17.70000, 21.16279
1771, 17.71000, 25.03933
1772, 17.72000, 26.78941
1773, 17.73000, 25.38286
1774, 17.74000, 27.66239
1775, 17.75000, 20.39543
1776, 17.76000, 26.24839
1777, 17.77000, 29.26052
1778, 17.78000, 21.90477
1779, 17.79000, 27.93003
1780, 17.80000, 33.41732
1781, 17.81000, 31.25981
1782, 17.82000, 27.05878
1783, 17.83000, 25.75565
1784, 17.84000, 19.95119
1785, 17.85000, 22.48230
1786, 17.86000, 20.48166
1787, 17.87000, 18.47932
1788, 17.88000, 19.70932
1789, 17.89000, 15.32190
1790, 17.90000, 19.10281
1791, 17.91000, 19.11135
1792, 17.92000, 22.09260
1793, 17.93000, 21.56589
1794, 17.94000, 29.55184
1795, 17.95000, 27.16373
1796, 17.96000, 20.36028
1797, 17.97000, 19.88024
1798, 17.98000, 26.65108
1799, 17.99000, 23.08343
1800, 18.00000, 23.14431
1801, 18.01000, 26.21264
1802, 18.02000, 25.96909
1803, 18.03000, 27.96156
1804, 18.04000, 24.21882
1805, 18.05000, 25.98576
1806, 18.06000, 24.46412
1807, 18.07000, 26.46970
1808, 18.08000, 23.49028
1809, 18.09000, 26.81481
1810, 18.10000, 22.56837
1811, 18.11000, 27.64967
1812, 18.12000, 23.54363
1813, 18.13000, 21.97431
1814, 18.14000, 21.24206
1815, 18.15000, 26.43065
1816, 18.16000, 21.32963
1817, 18.17000, 24.47835
1818, 18.18000, 20.74851
1819, 18.19000, 26.63449
1820, 18.20000, 25.47369
1821, 18.21000, 20.82018
1822, 18.22000, 24.66413
1823, 18.23000, 26.19444
1824, 18.24000, 26.85598
1825, 18.25000, 31.88157
1826, 18.26000, 30.02754
1827, 18.27000, 34.48417
1828, 18.28000, 25.76636
1829, 18.29000, 16.68734
1830, 18.30000, 21.90413
1831, 18.31000, 25.54185
1832, 18.32000, 25.45846
1833, 18.33000, 19.59092
1834, 18.34000, 17.70932
1835, 18.35000, 24.35836
1836, 18.36000, 23.32645
1837, 18.37000, 20.52783
1838, 18.38000, 23.68921
1839, 18.39000, 22.76140
1840, 18.40000, 19.85841
1841, 18.41000, 17.58890
1842, 18.42000, 17.79577
1843, 18.43000, 24.39989
1844, 18.44000, 23.16890
1845, 18.45000, 27.82083
1846, 18.46000, 26.14932
1847, 18.47000, 19.01571
1848, 18.48000, 19.02526
1849, 18.49000, 17.42043
1850, 18.50000, 20.89831
1851, 18.51000, 23.01398
1852, 18.52000, 22.45581
1853, 18.53000, 21.19685
1854, 18.54000, 20.97244
1855, 18.55000, 21.63440
1856, 18.56000, 19.06051
1857, 18.57000, 20.86087
1858, 18.58000, 32.70923
1859, 18.59000, 25.74527
1860, 18.60000, 24.54505
1861, 18.61000, 22.60301
1862, 18.62000, 22.36003
1863, 18.63000, 25.40139
1864, 18.64000, 23.66623
1865, 18.65000, 24.07757
1866, 18.66000, 26.44573
1867, 18.67000, 23.74219
1868, 18.68000, 27.92331
1869, 18.69000, 23.24334
1870, 18.70000, 21.28175
1871, 18.71000, 17.16001
1872, 18.72000, 16.81409
1873, 18.73000, 20.74827
1874, 18.74000, 20.98063
1875, 18.75000, 29.32443
1876, 18.76000, 29.07889
1877, 18.77000, 22.49390
1878, 18.78000, 24.40850
1879, 18.79000, 28.40356
1880, 18.80000, 23.68536
1881, 18.81000, 21.86180
1882, 18.82000, 20.96466
1883, 18.83000, 20.00936
1884, 18.84000, 22.05383
1885, 18.85000, 23.84613
1886, 18.86000, 24.76573
1887, 18.87000, 20.15939
1888, 18.88000, 17.04373
1889, 18.89000, 16.07323
1890, 18.90000, 17.78605
1891, 18.91000, 20.08388
1892, 18.92000, 17.93202
1893, 18.93000, 20.51469
1894, 18.94000, 18.84315
1895, 18.95000, 19.81429
1896, 18.96000, 22.37642
1897, 18.97000, 21.42177
1898, 18.98000, 20.54799
1899, 18.99000, 18.80058
1900, 19.00000, 23.81859
1901, 19.01000, 21.11627
1902, 19.02000, 26.11439
1903, 19.03000, 18.93923
1904, 19.04000, 20.96956
1905, 19.05000, 19.93437
1906, 19.06000, 27.69219
1907, 19.07000, 24.93032
1908, 19.08000, 21.35036
1909, 19.09000, 20.20514
1910, 19.10000, 20.29500
1911, 19.11000, 16.19420
1912, 19.12000, 15.63425
1913, 19.13000, 15.91267
1914, 19.14000, 20.29084
1915, 19.15000, 20.70465
1916, 19.16000, 22.15683
1917, 19.17000, 20.70740
1918, 19.18000, 19.85435
1919, 19.19000, 20.79466
1920, 19.20000, 19.01397
1921, 19.21000, 18.77707
1922, 19.22000, 21.00110
1923, 19.23000, 20.84819
1924, 19.24000, 19.87248
1925, 19.25000, 14.90174
1926, 19.26000, 17.35143
1927, 19.27000, 16.32129
1928, 19.28000, 15.98399
1929, 19.29000, 18.09911
1930, 19.30000, 18.40993
1931, 19.31000, 13.91424
1932, 19.32000, 14.48915
1933, 19.33000, 17.17876
1934, 19.34000, 20.86053
1935, 19.35000, 18.80381
1936, 19.36000, 15.68632
1937, 19.37000, 17.76975
1938, 19.38000, 22.89068
1939, 19.39000, 21.57217
1940, 19.40000, 25.36285
1941, 19.41000, 24.05887
1942, 19.42000, 28.21285
1943, 19.43000, 18.72309
1944, 19.44000, 17.71691
1945, 19.45000, 16.48626
1946, 19.46000, 20.25490
1947, 19.47000, 17.71877
1948, 19.48000, 20.99550
1949, 19.49000, 20.15206
1950, 19.50000, 22.38944
1951, 19.51000, 16.18971
1952, 19.52000, 19.04804
1953, 19.53000, 22.55925
1954, 19.54000, 21.21081
1955, 19.55000, 22.66667
1956, 19.56000, 17.82534
1957, 19.57000, 16.77723
1958, 19.58000, 14.96372
1959, 19.59000, 19.25577
1960, 19.60000, 18.87591
1961, 19.61000, 14.75474
1962, 19.62000, 20.13679
1963, 19.63000, 19.74298
1964, 19.64000, 18.20512
1965, 19.65000, 17.17612
1966, 19.66000, 19.25627
1967, 19.67000, 19.02721
1968, 19.68000, 22.65164
1969, 19.69000, 17.23921
1970, 19.70000, 21.25263
1971, 19.71000, 22.45046
1972, 19.72000, 20.91020
1973, 19.73000, 14.64346
1974, 19.74000, 15.10449
1975, 19.75000, 15.33563
1976, 19.76000, 16.94459
1977, 19.77000, 18.52879
1978, 19.78000, 17.94794
1979, 19.79000, 18.16779
1980, 19.80000, 20.71651
1981, 19.81000, 16.12631
1982, 19.82000, 18.56621
1983, 19.83000, 16.37251
1984, 19.84000, 16.92997
1985, 19.85000, 19.81684
1986, 19.86000, 19.97604
1987, 19.87000, 17.43109
1988, 19.88000, 18.41953
1989, 19.89000, 17.33641
1990, 19.90000, 16.56555
1991, 19.91000, 18.79470
1992, 19.92000, 15.70253
1993, 19.93000, 14.94129
1994, 19.94000, 14.35319
1995, 19.95000, 16.09742
1996, 19.96000, 16.77062
1997, 19.97000, 16.89800
1998, 19.98000, 17.67252
1999, 19.99000, 15.79818
2000, 20.00000, 18.92451
2001, 20.01000, 13.81615
