nt, t, solve_time
1, 0.01000, 57.31692
2, 0.02000, 33.18826
3, 0.03000, 37.48129
4, 0.04000, 62.27751
5, 0.05000, 47.19836
6, 0.06000, 52.12947
7, 0.07000, 34.85122
8, 0.08000, 36.30877
9, 0.09000, 32.53329
10, 0.10000, 42.38322
11, 0.11000, 41.87087
12, 0.12000, 46.68653
13, 0.13000, 60.65431
14, 0.14000, 47.06452
15, 0.15000, 51.52639
16, 0.16000, 52.16237
17, 0.17000, 50.89807
18, 0.18000, 51.12112
19, 0.19000, 45.47728
20, 0.20000, 33.16167
21, 0.21000, 33.85742
22, 0.22000, 35.00440
23, 0.23000, 44.14936
24, 0.24000, 43.84808
25, 0.25000, 48.98067
26, 0.26000, 54.45647
27, 0.27000, 36.06544
28, 0.28000, 28.07238
29, 0.29000, 36.36788
30, 0.30000, 56.09168
31, 0.31000, 42.09054
32, 0.32000, 52.23288
33, 0.33000, 45.04004
34, 0.34000, 47.14403
35, 0.35000, 42.62241
36, 0.36000, 49.99751
37, 0.37000, 44.07430
38, 0.38000, 25.89787
39, 0.39000, 44.29999
40, 0.40000, 32.78250
41, 0.41000, 29.78862
42, 0.42000, 38.06801
43, 0.43000, 15.32028
44, 0.44000, 22.08305
45, 0.45000, 25.04863
46, 0.46000, 18.38752
47, 0.47000, 29.77101
48, 0.48000, 21.01288
49, 0.49000, 15.32670
50, 0.50000, 29.28618
51, 0.51000, 23.37128
52, 0.52000, 28.14131
53, 0.53000, 18.49960
54, 0.54000, 24.45145
55, 0.55000, 21.73129
56, 0.56000, 23.28041
57, 0.57000, 28.76316
58, 0.58000, 30.67372
59, 0.59000, 22.48034
60, 0.60000, 26.17679
61, 0.61000, 25.69085
62, 0.62000, 15.24779
63, 0.63000, 24.71151
64, 0.64000, 34.53407
65, 0.65000, 39.92889
66, 0.66000, 28.05565
67, 0.67000, 32.89913
68, 0.68000, 21.52831
69, 0.69000, 27.50289
70, 0.70000, 30.12115
71, 0.71000, 17.29861
72, 0.72000, 22.60734
73, 0.73000, 29.91537
74, 0.74000, 22.36224
75, 0.75000, 24.16673
76, 0.76000, 28.45860
77, 0.77000, 27.81905
78, 0.78000, 30.21550
79, 0.79000, 24.61387
80, 0.80000, 23.20263
81, 0.81000, 32.27767
82, 0.82000, 30.26986
83, 0.83000, 37.64314
84, 0.84000, 38.64786
85, 0.85000, 33.42830
86, 0.86000, 27.98535
87, 0.87000, 27.71472
88, 0.88000, 33.67650
89, 0.89000, 31.20025
90, 0.90000, 35.07330
91, 0.91000, 35.56749
92, 0.92000, 33.97396
93, 0.93000, 40.42539
94, 0.94000, 43.29105
95, 0.95000, 46.32236
96, 0.96000, 36.77251
97, 0.97000, 31.78349
98, 0.98000, 38.50446
99, 0.99000, 26.78517
100, 1.00000, 32.01190
101, 1.01000, 35.89080
102, 1.02000, 30.13701
103, 1.03000, 28.79038
104, 1.04000, 30.28024
105, 1.05000, 29.28411
106, 1.06000, 32.96994
107, 1.07000, 33.40364
108, 1.08000, 41.67178
109, 1.09000, 21.48953
110, 1.10000, 31.04309
111, 1.11000, 38.59479
112, 1.12000, 35.61312
113, 1.13000, 28.30852
114, 1.14000, 40.73980
115, 1.15000, 39.05159
116, 1.16000, 30.44603
117, 1.17000, 41.71513
118, 1.18000, 34.70080
119, 1.19000, 30.76336
120, 1.20000, 24.28270
121, 1.21000, 26.05930
122, 1.22000, 40.09411
123, 1.23000, 44.97488
124, 1.24000, 61.95461
125, 1.25000, 46.91988
126, 1.26000, 45.90548
127, 1.27000, 47.20352
128, 1.28000, 53.07541
129, 1.29000, 59.45053
130, 1.30000, 44.34545
131, 1.31000, 44.90355
132, 1.32000, 45.43692
133, 1.33000, 43.91274
134, 1.34000, 34.45592
135, 1.35000, 39.02125
136, 1.36000, 36.35323
137, 1.37000, 39.18688
138, 1.38000, 32.27131
139, 1.39000, 36.74234
140, 1.40000, 35.56221
141, 1.41000, 33.41490
142, 1.42000, 31.42095
143, 1.43000, 24.68968
144, 1.44000, 38.34046
145, 1.45000, 43.48626
146, 1.46000, 31.36689
147, 1.47000, 42.24510
148, 1.48000, 34.51549
149, 1.49000, 38.82484
150, 1.50000, 41.33699
151, 1.51000, 33.32263
152, 1.52000, 38.46514
153, 1.53000, 35.44865
154, 1.54000, 32.49768
155, 1.55000, 29.82348
156, 1.56000, 29.76478
157, 1.57000, 30.27303
158, 1.58000, 26.25530
159, 1.59000, 27.08605
160, 1.60000, 41.48693
161, 1.61000, 39.63957
162, 1.62000, 39.41601
163, 1.63000, 33.44314
164, 1.64000, 29.19548
165, 1.65000, 33.81417
166, 1.66000, 39.61447
167, 1.67000, 32.38571
168, 1.68000, 38.48824
169, 1.69000, 41.73574
170, 1.70000, 36.70349
171, 1.71000, 37.98922
172, 1.72000, 35.27578
173, 1.73000, 33.13862
174, 1.74000, 39.62447
175, 1.75000, 39.49492
176, 1.76000, 44.09659
177, 1.77000, 30.17884
178, 1.78000, 46.35790
179, 1.79000, 51.84181
180, 1.80000, 34.04541
181, 1.81000, 40.29343
182, 1.82000, 39.72204
183, 1.83000, 27.57817
184, 1.84000, 31.16296
185, 1.85000, 34.44769
186, 1.86000, 21.17387
187, 1.87000, 24.76514
188, 1.88000, 29.78007
189, 1.89000, 34.83928
190, 1.90000, 29.64535
191, 1.91000, 33.36659
192, 1.92000, 26.99281
193, 1.93000, 30.37112
194, 1.94000, 25.64705
195, 1.95000, 32.99599
196, 1.96000, 35.17205
197, 1.97000, 32.45364
198, 1.98000, 26.60572
199, 1.99000, 38.92738
200, 2.00000, 34.03247
201, 2.01000, 26.64191
202, 2.02000, 27.95003
203, 2.03000, 18.41013
204, 2.04000, 21.88603
205, 2.05000, 26.18292
206, 2.06000, 32.96754
207, 2.07000, 36.33907
208, 2.08000, 24.78788
209, 2.09000, 21.28802
210, 2.10000, 26.35052
211, 2.11000, 26.34068
212, 2.12000, 20.71294
213, 2.13000, 21.58696
214, 2.14000, 26.92798
215, 2.15000, 24.24710
216, 2.16000, 23.06812
217, 2.17000, 21.27249
218, 2.18000, 18.89261
219, 2.19000, 27.38532
220, 2.20000, 26.15261
221, 2.21000, 34.48658
222, 2.22000, 31.62159
223, 2.23000, 19.95916
224, 2.24000, 21.52794
225, 2.25000, 30.71566
226, 2.26000, 26.73762
227, 2.27000, 27.78677
228, 2.28000, 24.60227
229, 2.29000, 19.61859
230, 2.30000, 20.84511
231, 2.31000, 20.48392
232, 2.32000, 20.83965
233, 2.33000, 26.63766
234, 2.34000, 29.25937
235, 2.35000, 32.11399
236, 2.36000, 21.63870
237, 2.37000, 34.04157
238, 2.38000, 30.22980
239, 2.39000, 25.44314
240, 2.40000, 19.77705
241, 2.41000, 16.90550
242, 2.42000, 16.57939
243, 2.43000, 18.47696
244, 2.44000, 17.31188
245, 2.45000, 19.99287
246, 2.46000, 21.47698
247, 2.47000, 22.77280
248, 2.48000, 17.45532
249, 2.49000, 11.64355
250, 2.50000, 17.54856
251, 2.51000, 13.06778
252, 2.52000, 19.67536
253, 2.53000, 20.94742
254, 2.54000, 20.37907
255, 2.55000, 23.42306
256, 2.56000, 25.77810
257, 2.57000, 25.44644
258, 2.58000, 30.43584
259, 2.59000, 32.64626
260, 2.60000, 34.03139
261, 2.61000, 28.00192
262, 2.62000, 18.67592
263, 2.63000, 13.65510
264, 2.64000, 16.98957
265, 2.65000, 18.97131
266, 2.66000, 26.60409
267, 2.67000, 34.27635
268, 2.68000, 28.54286
269, 2.69000, 23.38515
270, 2.70000, 19.94021
271, 2.71000, 25.00565
272, 2.72000, 25.12854
273, 2.73000, 25.32557
274, 2.74000, 25.10440
275, 2.75000, 25.80487
276, 2.76000, 27.37191
277, 2.77000, 22.61761
278, 2.78000, 24.66254
279, 2.79000, 18.23574
280, 2.80000, 24.26622
281, 2.81000, 17.52396
282, 2.82000, 28.46131
283, 2.83000, 25.41822
284, 2.84000, 21.77776
285, 2.85000, 17.20533
286, 2.86000, 21.50334
287, 2.87000, 29.10126
288, 2.88000, 23.06870
289, 2.89000, 26.59167
290, 2.90000, 25.59814
291, 2.91000, 33.80353
292, 2.92000, 28.27687
293, 2.93000, 27.74513
294, 2.94000, 33.70863
295, 2.95000, 25.92119
296, 2.96000, 26.00180
297, 2.97000, 28.37524
298, 2.98000, 29.35072
299, 2.99000, 27.01034
300, 3.00000, 20.03228
301, 3.01000, 24.04784
302, 3.02000, 27.06502
303, 3.03000, 33.38296
304, 3.04000, 28.28127
305, 3.05000, 31.41049
306, 3.06000, 29.59000
307, 3.07000, 27.02300
308, 3.08000, 31.56193
309, 3.09000, 22.32546
310, 3.10000, 20.69382
311, 3.11000, 20.23075
312, 3.12000, 17.12764
313, 3.13000, 22.03897
314, 3.14000, 18.57243
315, 3.15000, 25.65251
316, 3.16000, 32.97954
317, 3.17000, 25.92911
318, 3.18000, 20.76976
319, 3.19000, 27.41597
320, 3.20000, 30.80619
321, 3.21000, 29.69799
322, 3.22000, 29.16646
323, 3.23000, 23.83540
324, 3.24000, 29.43306
325, 3.25000, 19.61712
326, 3.26000, 13.18032
327, 3.27000, 15.83459
328, 3.28000, 21.34539
329, 3.29000, 20.28354
330, 3.30000, 26.66559
331, 3.31000, 34.67996
332, 3.32000, 24.69355
333, 3.33000, 31.86401
334, 3.34000, 28.92904
335, 3.35000, 41.49351
336, 3.36000, 22.70277
337, 3.37000, 27.82215
338, 3.38000, 26.40867
339, 3.39000, 24.53156
340, 3.40000, 27.53133
341, 3.41000, 21.07090
342, 3.42000, 20.75002
343, 3.43000, 18.80198
344, 3.44000, 24.36353
345, 3.45000, 30.14292
346, 3.46000, 33.57086
347, 3.47000, 28.74344
348, 3.48000, 21.92635
349, 3.49000, 24.98270
350, 3.50000, 27.37397
351, 3.51000, 25.46345
352, 3.52000, 26.32707
353, 3.53000, 30.75881
354, 3.54000, 31.00676
355, 3.55000, 30.82476
356, 3.56000, 37.44725
357, 3.57000, 27.74508
358, 3.58000, 28.04790
359, 3.59000, 41.50184
360, 3.60000, 32.44744
361, 3.61000, 32.34137
362, 3.62000, 23.78073
363, 3.63000, 25.55617
364, 3.64000, 30.34003
365, 3.65000, 35.80987
366, 3.66000, 24.57217
367, 3.67000, 20.88174
368, 3.68000, 23.15124
369, 3.69000, 19.24812
370, 3.70000, 19.46731
371, 3.71000, 20.90678
372, 3.72000, 12.91509
373, 3.73000, 18.32364
374, 3.74000, 18.43701
375, 3.75000, 21.41964
376, 3.76000, 23.27645
377, 3.77000, 23.87974
378, 3.78000, 26.36428
379, 3.79000, 30.47065
380, 3.80000, 32.02197
381, 3.81000, 26.07894
382, 3.82000, 17.44611
383, 3.83000, 20.45644
384, 3.84000, 29.02729
385, 3.85000, 16.29730
386, 3.86000, 19.06509
387, 3.87000, 16.74522
388, 3.88000, 17.99313
389, 3.89000, 17.41190
390, 3.90000, 21.73208
391, 3.91000, 24.87571
392, 3.92000, 26.00623
393, 3.93000, 24.26100
394, 3.94000, 32.78344
395, 3.95000, 25.04867
396, 3.96000, 24.32390
397, 3.97000, 21.95611
398, 3.98000, 22.51025
399, 3.99000, 22.30868
400, 4.00000, 16.25892
401, 4.01000, 18.44248
402, 4.02000, 20.87784
403, 4.03000, 26.84483
404, 4.04000, 25.42084
405, 4.05000, 18.81292
406, 4.06000, 16.99184
407, 4.07000, 21.42801
408, 4.08000, 20.29393
409, 4.09000, 28.01556
410, 4.10000, 26.27802
411, 4.11000, 29.31884
412, 4.12000, 24.46270
413, 4.13000, 28.92439
414, 4.14000, 34.82268
415, 4.15000, 29.69337
416, 4.16000, 25.69134
417, 4.17000, 22.25512
418, 4.18000, 23.26336
419, 4.19000, 30.13010
420, 4.20000, 24.47565
421, 4.21000, 21.46460
422, 4.22000, 25.52693
423, 4.23000, 28.41818
424, 4.24000, 24.90151
425, 4.25000, 22.55357
426, 4.26000, 28.43985
427, 4.27000, 29.17062
428, 4.28000, 23.95903
429, 4.29000, 26.35501
430, 4.30000, 22.43020
431, 4.31000, 20.87203
432, 4.32000, 26.40536
433, 4.33000, 19.19489
434, 4.34000, 21.64887
435, 4.35000, 14.65684
436, 4.36000, 24.75910
437, 4.37000, 15.81626
438, 4.38000, 22.17637
439, 4.39000, 24.50153
440, 4.40000, 27.83984
441, 4.41000, 26.31950
442, 4.42000, 25.77849
443, 4.43000, 30.99871
444, 4.44000, 23.40520
445, 4.45000, 26.41762
446, 4.46000, 25.19756
447, 4.47000, 24.35844
448, 4.48000, 27.09359
449, 4.49000, 26.30435
450, 4.50000, 25.41298
451, 4.51000, 23.81297
452, 4.52000, 26.98479
453, 4.53000, 18.75067
454, 4.54000, 25.70339
455, 4.55000, 27.13825
456, 4.56000, 30.50150
457, 4.57000, 30.88521
458, 4.58000, 26.41584
459, 4.59000, 24.13352
460, 4.60000, 20.83756
461, 4.61000, 23.16032
462, 4.62000, 25.44197
463, 4.63000, 24.04406
464, 4.64000, 24.94924
465, 4.65000, 23.55107
466, 4.66000, 19.87924
467, 4.67000, 18.34473
468, 4.68000, 14.03893
469, 4.69000, 14.95147
470, 4.70000, 23.20290
471, 4.71000, 26.85463
472, 4.72000, 28.21926
473, 4.73000, 27.29369
474, 4.74000, 29.24461
475, 4.75000, 29.43839
476, 4.76000, 31.93889
477, 4.77000, 27.45333
478, 4.78000, 22.53075
479, 4.79000, 21.79823
480, 4.80000, 25.52005
481, 4.81000, 28.27473
482, 4.82000, 25.17175
483, 4.83000, 22.83273
484, 4.84000, 18.61137
485, 4.85000, 23.47456
486, 4.86000, 22.06512
487, 4.87000, 23.37764
488, 4.88000, 32.84408
489, 4.89000, 23.18875
490, 4.90000, 25.31358
491, 4.91000, 22.17413
492, 4.92000, 20.98503
493, 4.93000, 18.27868
494, 4.94000, 19.03095
495, 4.95000, 21.49390
496, 4.96000, 30.69446
497, 4.97000, 24.55249
498, 4.98000, 14.05873
499, 4.99000, 17.24641
500, 5.00000, 17.51873
501, 5.01000, 20.61506
502, 5.02000, 25.69567
503, 5.03000, 24.78679
504, 5.04000, 32.99249
505, 5.05000, 30.97554
506, 5.06000, 31.15641
507, 5.07000, 29.83547
508, 5.08000, 30.46070
509, 5.09000, 29.58145
510, 5.10000, 25.36117
511, 5.11000, 25.48355
512, 5.12000, 30.77647
513, 5.13000, 27.10154
514, 5.14000, 23.75811
515, 5.15000, 17.55663
516, 5.16000, 22.41616
517, 5.17000, 28.75486
518, 5.18000, 31.54056
519, 5.19000, 32.43747
520, 5.20000, 26.87304
521, 5.21000, 29.77711
522, 5.22000, 27.07223
523, 5.23000, 20.39072
524, 5.24000, 19.82434
525, 5.25000, 21.36298
526, 5.26000, 21.27749
527, 5.27000, 19.41844
528, 5.28000, 20.64331
529, 5.29000, 30.12332
530, 5.30000, 27.03602
531, 5.31000, 18.70245
532, 5.32000, 17.65937
533, 5.33000, 20.48902
534, 5.34000, 24.66852
535, 5.35000, 27.31320
536, 5.36000, 21.44298
537, 5.37000, 20.85167
538, 5.38000, 21.85998
539, 5.39000, 26.08705
540, 5.40000, 26.23106
541, 5.41000, 24.80880
542, 5.42000, 24.05862
543, 5.43000, 21.02377
544, 5.44000, 22.41108
545, 5.45000, 20.05617
546, 5.46000, 22.62514
547, 5.47000, 23.07613
548, 5.48000, 28.73636
549, 5.49000, 28.59201
550, 5.50000, 26.44811
551, 5.51000, 24.52344
552, 5.52000, 35.24283
553, 5.53000, 28.62189
554, 5.54000, 26.60163
555, 5.55000, 27.91355
556, 5.56000, 26.49938
557, 5.57000, 29.85386
558, 5.58000, 28.40494
559, 5.59000, 30.11633
560, 5.60000, 30.35995
561, 5.61000, 22.73412
562, 5.62000, 24.20332
563, 5.63000, 15.80800
564, 5.64000, 18.99260
565, 5.65000, 21.53193
566, 5.66000, 24.30107
567, 5.67000, 18.47817
568, 5.68000, 16.52403
569, 5.69000, 22.76692
570, 5.70000, 36.42234
571, 5.71000, 24.25221
572, 5.72000, 23.14576
573, 5.73000, 21.97064
574, 5.74000, 22.45201
575, 5.75000, 20.10076
576, 5.76000, 23.60421
577, 5.77000, 25.86960
578, 5.78000, 12.64129
579, 5.79000, 19.24669
580, 5.80000, 26.21405
581, 5.81000, 32.76535
582, 5.82000, 27.92320
583, 5.83000, 29.92029
584, 5.84000, 26.19711
585, 5.85000, 21.51477
586, 5.86000, 15.50625
587, 5.87000, 20.66215
588, 5.88000, 27.24295
589, 5.89000, 28.86018
590, 5.90000, 24.64210
591, 5.91000, 21.05840
592, 5.92000, 27.80180
593, 5.93000, 26.89059
594, 5.94000, 19.37056
595, 5.95000, 22.04594
596, 5.96000, 25.46627
597, 5.97000, 21.68045
598, 5.98000, 15.19426
599, 5.99000, 13.66974
600, 6.00000, 18.82203
601, 6.01000, 25.82307
602, 6.02000, 22.93371
603, 6.03000, 18.27323
604, 6.04000, 17.28690
605, 6.05000, 18.10645
606, 6.06000, 17.48948
607, 6.07000, 15.70943
608, 6.08000, 17.26391
609, 6.09000, 17.03458
610, 6.10000, 15.09894
611, 6.11000, 24.09228
612, 6.12000, 28.70465
613, 6.13000, 21.52710
614, 6.14000, 18.83382
615, 6.15000, 17.73092
616, 6.16000, 14.70200
617, 6.17000, 20.51959
618, 6.18000, 21.24434
619, 6.19000, 26.15670
620, 6.20000, 18.15585
621, 6.21000, 25.34916
622, 6.22000, 32.21216
623, 6.23000, 30.91351
624, 6.24000, 18.42192
625, 6.25000, 20.95922
626, 6.26000, 18.59322
627, 6.27000, 16.33826
628, 6.28000, 29.82292
629, 6.29000, 22.56502
630, 6.30000, 21.64978
631, 6.31000, 26.04098
632, 6.32000, 27.13199
633, 6.33000, 25.41362
634, 6.34000, 21.21761
635, 6.35000, 20.78104
636, 6.36000, 26.94887
637, 6.37000, 28.36456
638, 6.38000, 24.59835
639, 6.39000, 28.26404
640, 6.40000, 31.02375
641, 6.41000, 24.11251
642, 6.42000, 27.56341
643, 6.43000, 27.35735
644, 6.44000, 28.34116
645, 6.45000, 23.62055
646, 6.46000, 25.25857
647, 6.47000, 21.36852
648, 6.48000, 20.08425
649, 6.49000, 24.72567
650, 6.50000, 26.48490
651, 6.51000, 30.37039
652, 6.52000, 27.98668
653, 6.53000, 32.47806
654, 6.54000, 32.85818
655, 6.55000, 24.51974
656, 6.56000, 30.86854
657, 6.57000, 16.78360
658, 6.58000, 18.94060
659, 6.59000, 23.60839
660, 6.60000, 28.76680
661, 6.61000, 22.91842
662, 6.62000, 23.15025
663, 6.63000, 27.78965
664, 6.64000, 22.65118
665, 6.65000, 22.73568
666, 6.66000, 27.20954
667, 6.67000, 25.77126
668, 6.68000, 22.72095
669, 6.69000, 24.30133
670, 6.70000, 32.30763
671, 6.71000, 28.24160
672, 6.72000, 22.64836
673, 6.73000, 19.09421
674, 6.74000, 17.48714
675, 6.75000, 21.35591
676, 6.76000, 22.13062
677, 6.77000, 20.29534
678, 6.78000, 24.83962
679, 6.79000, 28.41722
680, 6.80000, 25.94822
681, 6.81000, 33.12305
682, 6.82000, 29.63926
683, 6.83000, 23.59430
684, 6.84000, 26.74106
685, 6.85000, 26.48470
686, 6.86000, 23.11228
687, 6.87000, 17.76771
688, 6.88000, 25.34573
689, 6.89000, 28.15457
690, 6.90000, 19.55458
691, 6.91000, 25.70594
692, 6.92000, 24.90160
693, 6.93000, 23.63388
694, 6.94000, 21.60747
695, 6.95000, 27.32274
696, 6.96000, 30.71133
697, 6.97000, 20.44726
698, 6.98000, 16.51417
699, 6.99000, 17.63974
700, 7.00000, 24.96981
701, 7.01000, 25.10344
702, 7.02000, 24.11194
703, 7.03000, 19.76552
704, 7.04000, 23.58031
705, 7.05000, 34.92898
706, 7.06000, 27.97866
707, 7.07000, 28.03851
708, 7.08000, 24.14634
709, 7.09000, 25.55719
710, 7.10000, 24.63380
711, 7.11000, 23.91565
712, 7.12000, 25.83385
713, 7.13000, 24.89575
714, 7.14000, 22.75593
715, 7.15000, 26.60062
716, 7.16000, 26.80208
717, 7.17000, 22.56896
718, 7.18000, 23.04921
719, 7.19000, 20.97497
720, 7.20000, 18.09578
721, 7.21000, 15.71887
722, 7.22000, 23.19283
723, 7.23000, 24.82479
724, 7.24000, 24.19051
725, 7.25000, 31.43305
726, 7.26000, 22.61777
727, 7.27000, 26.59077
728, 7.28000, 27.44208
729, 7.29000, 29.90277
730, 7.30000, 26.93639
731, 7.31000, 20.67179
732, 7.32000, 16.78291
733, 7.33000, 14.19400
734, 7.34000, 16.07788
735, 7.35000, 15.64767
736, 7.36000, 14.95822
737, 7.37000, 17.08292
738, 7.38000, 17.78511
739, 7.39000, 24.99140
740, 7.40000, 23.57261
741, 7.41000, 28.30600
742, 7.42000, 29.31381
743, 7.43000, 27.35546
744, 7.44000, 30.07028
745, 7.45000, 26.68120
746, 7.46000, 21.66363
747, 7.47000, 25.72184
748, 7.48000, 23.08814
749, 7.49000, 21.10906
750, 7.50000, 13.14617
751, 7.51000, 29.20127
752, 7.52000, 32.04005
753, 7.53000, 19.79970
754, 7.54000, 28.01119
755, 7.55000, 23.91631
756, 7.56000, 21.51518
757, 7.57000, 27.63224
758, 7.58000, 26.35696
759, 7.59000, 24.67718
760, 7.60000, 24.61673
761, 7.61000, 25.67651
762, 7.62000, 22.25673
763, 7.63000, 22.95481
764, 7.64000, 22.51390
765, 7.65000, 22.35253
766, 7.66000, 14.27549
767, 7.67000, 19.27584
768, 7.68000, 22.33146
769, 7.69000, 21.04010
770, 7.70000, 20.97228
771, 7.71000, 27.81429
772, 7.72000, 30.91220
773, 7.73000, 28.45855
774, 7.74000, 23.74530
775, 7.75000, 22.90341
776, 7.76000, 24.74711
777, 7.77000, 27.36109
778, 7.78000, 26.03670
779, 7.79000, 27.95077
780, 7.80000, 23.57975
781, 7.81000, 26.69466
782, 7.82000, 19.93468
783, 7.83000, 19.12574
784, 7.84000, 18.96814
785, 7.85000, 26.57798
786, 7.86000, 24.82517
787, 7.87000, 31.58060
788, 7.88000, 27.04060
789, 7.89000, 26.35949
790, 7.90000, 20.92779
791, 7.91000, 16.04695
792, 7.92000, 17.54312
793, 7.93000, 22.26417
794, 7.94000, 22.99259
795, 7.95000, 27.68661
796, 7.96000, 24.25821
797, 7.97000, 19.98738
798, 7.98000, 16.82315
799, 7.99000, 13.52288
800, 8.00000, 15.75446
801, 8.01000, 13.59407
802, 8.02000, 18.65614
803, 8.03000, 25.02748
804, 8.04000, 21.11341
805, 8.05000, 25.51812
806, 8.06000, 17.93548
807, 8.07000, 26.98096
808, 8.08000, 28.38928
809, 8.09000, 23.85545
810, 8.10000, 27.65246
811, 8.11000, 26.27904
812, 8.12000, 26.44005
813, 8.13000, 14.10778
814, 8.14000, 19.21088
815, 8.15000, 18.42703
816, 8.16000, 12.51324
817, 8.17000, 27.03653
818, 8.18000, 24.36892
819, 8.19000, 22.07423
820, 8.20000, 20.71392
821, 8.21000, 21.67932
822, 8.22000, 22.50213
823, 8.23000, 25.59055
824, 8.24000, 27.78984
825, 8.25000, 18.27356
826, 8.26000, 21.11233
827, 8.27000, 25.95466
828, 8.28000, 28.01945
829, 8.29000, 13.86368
830, 8.30000, 14.51355
831, 8.31000, 16.58351
832, 8.32000, 21.71054
833, 8.33000, 26.26671
834, 8.34000, 27.85645
835, 8.35000, 26.35264
836, 8.36000, 25.82188
837, 8.37000, 25.39386
838, 8.38000, 24.42001
839, 8.39000, 24.66843
840, 8.40000, 30.58683
841, 8.41000, 27.07646
842, 8.42000, 24.81324
843, 8.43000, 24.40385
844, 8.44000, 22.12074
845, 8.45000, 24.35843
846, 8.46000, 13.88715
847, 8.47000, 20.45491
848, 8.48000, 24.28847
849, 8.49000, 23.11509
850, 8.50000, 30.26846
851, 8.51000, 33.75624
852, 8.52000, 26.36034
853, 8.53000, 25.33152
854, 8.54000, 20.34331
855, 8.55000, 26.31438
856, 8.56000, 21.78309
857, 8.57000, 23.40820
858, 8.58000, 23.49892
859, 8.59000, 26.41043
860, 8.60000, 26.28979
861, 8.61000, 28.46203
862, 8.62000, 20.91014
863, 8.63000, 26.63125
864, 8.64000, 21.87117
865, 8.65000, 22.69807
866, 8.66000, 23.71178
867, 8.67000, 25.00089
868, 8.68000, 25.70420
869, 8.69000, 25.47954
870, 8.70000, 27.64888
871, 8.71000, 28.46685
872, 8.72000, 26.06518
873, 8.73000, 21.04537
874, 8.74000, 26.71353
875, 8.75000, 28.89590
876, 8.76000, 24.20175
877, 8.77000, 26.69857
878, 8.78000, 31.47044
879, 8.79000, 25.63657
880, 8.80000, 30.07316
881, 8.81000, 23.70822
882, 8.82000, 24.76450
883, 8.83000, 25.87731
884, 8.84000, 28.32222
885, 8.85000, 25.16597
886, 8.86000, 29.75041
887, 8.87000, 23.53056
888, 8.88000, 28.71174
889, 8.89000, 25.25274
890, 8.90000, 26.34243
891, 8.91000, 16.96052
892, 8.92000, 14.54511
893, 8.93000, 15.14885
894, 8.94000, 22.29190
895, 8.95000, 22.22091
896, 8.96000, 24.74071
897, 8.97000, 24.34875
898, 8.98000, 29.26789
899, 8.99000, 23.59562
900, 9.00000, 30.46595
901, 9.01000, 28.97411
902, 9.02000, 20.12993
903, 9.03000, 23.88037
904, 9.04000, 24.61014
905, 9.05000, 21.63084
906, 9.06000, 20.32963
907, 9.07000, 22.80095
908, 9.08000, 22.28717
909, 9.09000, 17.73214
910, 9.10000, 20.43058
911, 9.11000, 25.56110
912, 9.12000, 25.00642
913, 9.13000, 20.32662
914, 9.14000, 24.01478
915, 9.15000, 25.91453
916, 9.16000, 26.35567
917, 9.17000, 23.81488
918, 9.18000, 20.27020
919, 9.19000, 24.42155
920, 9.20000, 21.41617
921, 9.21000, 24.46524
922, 9.22000, 26.60502
923, 9.23000, 22.47972
924, 9.24000, 20.63822
925, 9.25000, 18.92154
926, 9.26000, 23.09671
927, 9.27000, 28.06766
928, 9.28000, 26.32880
929, 9.29000, 30.72689
930, 9.30000, 30.03236
931, 9.31000, 25.55073
932, 9.32000, 18.29381
933, 9.33000, 17.63822
934, 9.34000, 22.31312
935, 9.35000, 22.40465
936, 9.36000, 18.87157
937, 9.37000, 18.16957
938, 9.38000, 17.80126
939, 9.39000, 18.90473
940, 9.40000, 22.17476
941, 9.41000, 25.10205
942, 9.42000, 17.66909
943, 9.43000, 20.99140
944, 9.44000, 27.60554
945, 9.45000, 21.17737
946, 9.46000, 17.10626
947, 9.47000, 18.28906
948, 9.48000, 21.25574
949, 9.49000, 28.35597
950, 9.50000, 26.11451
951, 9.51000, 31.89176
952, 9.52000, 24.95343
953, 9.53000, 23.26594
954, 9.54000, 18.76707
955, 9.55000, 17.27619
956, 9.56000, 17.84099
957, 9.57000, 25.00958
958, 9.58000, 27.41796
959, 9.59000, 18.50144
960, 9.60000, 15.70044
961, 9.61000, 15.34794
962, 9.62000, 20.49749
963, 9.63000, 22.13804
964, 9.64000, 26.86677
965, 9.65000, 30.02204
966, 9.66000, 20.62098
967, 9.67000, 25.44413
968, 9.68000, 29.12854
969, 9.69000, 27.34963
970, 9.70000, 29.59628
971, 9.71000, 25.11252
972, 9.72000, 15.62256
973, 9.73000, 14.53598
974, 9.74000, 16.95678
975, 9.75000, 20.31210
976, 9.76000, 21.80336
977, 9.77000, 27.01024
978, 9.78000, 27.59011
979, 9.79000, 20.44143
980, 9.80000, 29.12315
981, 9.81000, 23.56542
982, 9.82000, 28.42650
983, 9.83000, 30.58660
984, 9.84000, 30.01688
985, 9.85000, 24.07764
986, 9.86000, 25.04437
987, 9.87000, 25.94942
988, 9.88000, 21.73979
989, 9.89000, 20.26931
990, 9.90000, 27.33806
991, 9.91000, 28.62283
992, 9.92000, 21.80231
993, 9.93000, 18.21885
994, 9.94000, 15.35138
995, 9.95000, 18.58490
996, 9.96000, 26.67678
997, 9.97000, 24.54646
998, 9.98000, 23.30623
999, 9.99000, 24.58198
1000, 10.00000, 30.98878
1001, 10.01000, 20.94523
1002, 10.02000, 16.89945
1003, 10.03000, 19.91703
1004, 10.04000, 17.05523
1005, 10.05000, 15.95312
1006, 10.06000, 19.21412
1007, 10.07000, 29.99464
1008, 10.08000, 24.91410
1009, 10.09000, 25.49461
1010, 10.10000, 26.75342
1011, 10.11000, 21.44218
1012, 10.12000, 26.31048
1013, 10.13000, 21.81074
1014, 10.14000, 18.97387
1015, 10.15000, 19.78085
1016, 10.16000, 23.21783
1017, 10.17000, 24.16591
1018, 10.18000, 18.94083
1019, 10.19000, 22.03122
1020, 10.20000, 26.27843
1021, 10.21000, 26.77806
1022, 10.22000, 21.74202
1023, 10.23000, 31.16374
1024, 10.24000, 24.50904
1025, 10.25000, 16.38947
1026, 10.26000, 24.59421
1027, 10.27000, 20.95662
1028, 10.28000, 21.81548
1029, 10.29000, 28.95905
1030, 10.30000, 27.14740
1031, 10.31000, 22.28353
1032, 10.32000, 29.10840
1033, 10.33000, 34.49794
1034, 10.34000, 27.84153
1035, 10.35000, 18.72500
1036, 10.36000, 16.66369
1037, 10.37000, 24.39460
1038, 10.38000, 26.78537
1039, 10.39000, 27.85349
1040, 10.40000, 26.95680
1041, 10.41000, 34.47858
1042, 10.42000, 19.34274
1043, 10.43000, 20.38449
1044, 10.44000, 20.67807
1045, 10.45000, 26.57618
1046, 10.46000, 24.97068
1047, 10.47000, 23.57466
1048, 10.48000, 22.48825
1049, 10.49000, 22.91461
1050, 10.50000, 22.74155
1051, 10.51000, 26.03571
1052, 10.52000, 24.67181
1053, 10.53000, 21.02998
1054, 10.54000, 24.67794
1055, 10.55000, 23.89795
1056, 10.56000, 22.80530
1057, 10.57000, 25.49721
1058, 10.58000, 27.83208
1059, 10.59000, 20.18479
1060, 10.60000, 25.06059
1061, 10.61000, 28.61973
1062, 10.62000, 24.72991
1063, 10.63000, 30.43713
1064, 10.64000, 23.38770
1065, 10.65000, 16.31324
1066, 10.66000, 26.15848
1067, 10.67000, 21.08684
1068, 10.68000, 17.60315
1069, 10.69000, 14.16048
1070, 10.70000, 17.44475
1071, 10.71000, 18.38974
1072, 10.72000, 19.83846
1073, 10.73000, 22.48298
1074, 10.74000, 29.00522
1075, 10.75000, 24.13153
1076, 10.76000, 18.39446
1077, 10.77000, 26.76090
1078, 10.78000, 24.79079
1079, 10.79000, 20.29314
1080, 10.80000, 19.43285
1081, 10.81000, 16.69472
1082, 10.82000, 18.22609
1083, 10.83000, 25.08055
1084, 10.84000, 23.23414
1085, 10.85000, 20.11494
1086, 10.86000, 16.75853
1087, 10.87000, 24.40808
1088, 10.88000, 24.97653
1089, 10.89000, 20.19820
1090, 10.90000, 17.78104
1091, 10.91000, 21.10542
1092, 10.92000, 21.93357
1093, 10.93000, 23.67445
1094, 10.94000, 18.41227
1095, 10.95000, 20.58778
1096, 10.96000, 19.31766
1097, 10.97000, 21.17966
1098, 10.98000, 20.36427
1099, 10.99000, 16.13957
1100, 11.00000, 24.29451
1101, 11.01000, 25.11255
1102, 11.02000, 27.63361
1103, 11.03000, 25.65325
1104, 11.04000, 25.79433
1105, 11.05000, 28.26320
1106, 11.06000, 25.20206
1107, 11.07000, 19.08184
1108, 11.08000, 24.71896
1109, 11.09000, 29.14541
1110, 11.10000, 26.57055
1111, 11.11000, 23.49058
1112, 11.12000, 18.58702
1113, 11.13000, 24.43236
1114, 11.14000, 24.81395
1115, 11.15000, 29.97852
1116, 11.16000, 28.21291
1117, 11.17000, 28.17597
1118, 11.18000, 20.87843
1119, 11.19000, 20.18500
1120, 11.20000, 20.22157
1121, 11.21000, 18.88177
1122, 11.22000, 21.63764
1123, 11.23000, 27.69498
1124, 11.24000, 30.23360
1125, 11.25000, 28.95240
1126, 11.26000, 29.69899
1127, 11.27000, 25.08306
1128, 11.28000, 17.82663
1129, 11.29000, 25.99474
1130, 11.30000, 25.78223
1131, 11.31000, 17.19543
1132, 11.32000, 18.04536
1133, 11.33000, 23.20004
1134, 11.34000, 24.64265
1135, 11.35000, 22.84683
1136, 11.36000, 23.35365
1137, 11.37000, 24.89089
1138, 11.38000, 27.94584
1139, 11.39000, 32.77891
1140, 11.40000, 27.35655
1141, 11.41000, 26.84261
1142, 11.42000, 25.68826
1143, 11.43000, 28.06678
1144, 11.44000, 19.40853
1145, 11.45000, 18.67539
1146, 11.46000, 26.61814
1147, 11.47000, 23.82319
1148, 11.48000, 32.77478
1149, 11.49000, 25.19834
1150, 11.50000, 22.05601
1151, 11.51000, 21.91609
1152, 11.52000, 22.04158
1153, 11.53000, 30.47974
1154, 11.54000, 27.26997
1155, 11.55000, 27.10188
1156, 11.56000, 24.57088
1157, 11.57000, 24.19409
1158, 11.58000, 26.72442
1159, 11.59000, 22.74656
1160, 11.60000, 21.92109
1161, 11.61000, 14.80655
1162, 11.62000, 17.87496
1163, 11.63000, 28.64227
1164, 11.64000, 22.97006
1165, 11.65000, 18.66057
1166, 11.66000, 18.28565
1167, 11.67000, 15.29479
1168, 11.68000, 15.62054
1169, 11.69000, 22.78779
1170, 11.70000, 30.31218
1171, 11.71000, 30.13440
1172, 11.72000, 22.54656
1173, 11.73000, 28.62808
1174, 11.74000, 21.31959
1175, 11.75000, 27.08791
1176, 11.76000, 31.09085
1177, 11.77000, 27.89353
1178, 11.78000, 23.67846
1179, 11.79000, 21.79758
1180, 11.80000, 18.66104
1181, 11.81000, 22.33336
1182, 11.82000, 18.59108
1183, 11.83000, 21.39530
1184, 11.84000, 24.32697
1185, 11.85000, 22.50556
1186, 11.86000, 23.20755
1187, 11.87000, 19.28641
1188, 11.88000, 24.01992
1189, 11.89000, 22.78598
1190, 11.90000, 26.96485
1191, 11.91000, 20.18901
1192, 11.92000, 28.03992
1193, 11.93000, 28.42274
1194, 11.94000, 25.85510
1195, 11.95000, 25.87177
1196, 11.96000, 24.50109
1197, 11.97000, 19.48332
1198, 11.98000, 23.04028
1199, 11.99000, 30.19567
1200, 12.00000, 26.55979
1201, 12.01000, 32.41940
1202, 12.02000, 28.99900
1203, 12.03000, 24.78291
1204, 12.04000, 25.83462
1205, 12.05000, 22.72840
1206, 12.06000, 28.75962
1207, 12.07000, 19.75835
1208, 12.08000, 18.51542
1209, 12.09000, 22.37085
1210, 12.10000, 20.86993
1211, 12.11000, 19.30589
1212, 12.12000, 18.53387
1213, 12.13000, 15.82808
1214, 12.14000, 17.49858
1215, 12.15000, 19.32501
1216, 12.16000, 21.01596
1217, 12.17000, 24.32527
1218, 12.18000, 22.22157
1219, 12.19000, 26.92879
1220, 12.20000, 23.47548
1221, 12.21000, 30.36164
1222, 12.22000, 20.03457
1223, 12.23000, 17.56062
1224, 12.24000, 12.96494
1225, 12.25000, 15.44760
1226, 12.26000, 20.06947
1227, 12.27000, 27.12450
1228, 12.28000, 23.58790
1229, 12.29000, 26.50410
1230, 12.30000, 25.79085
1231, 12.31000, 30.14838
1232, 12.32000, 26.65747
1233, 12.33000, 23.91096
1234, 12.34000, 23.62223
1235, 12.35000, 23.08365
1236, 12.36000, 23.36182
1237, 12.37000, 26.72169
1238, 12.38000, 23.92759
1239, 12.39000, 23.25206
1240, 12.40000, 17.49768
1241, 12.41000, 18.06434
1242, 12.42000, 21.24060
1243, 12.43000, 20.13543
1244, 12.44000, 20.83290
1245, 12.45000, 20.93365
1246, 12.46000, 23.87649
1247, 12.47000, 31.10178
1248, 12.48000, 26.64569
1249, 12.49000, 21.29924
1250, 12.50000, 27.02985
1251, 12.51000, 27.23037
1252, 12.52000, 20.76711
1253, 12.53000, 24.79893
1254, 12.54000, 16.64964
1255, 12.55000, 28.39653
1256, 12.56000, 32.86914
1257, 12.57000, 23.33689
1258, 12.58000, 18.03819
1259, 12.59000, 19.69782
1260, 12.60000, 29.60419
1261, 12.61000, 25.59343
1262, 12.62000, 24.94299
1263, 12.63000, 28.14876
1264, 12.64000, 25.88485
1265, 12.65000, 19.69062
1266, 12.66000, 25.82435
1267, 12.67000, 25.64098
1268, 12.68000, 27.55234
1269, 12.69000, 24.41835
1270, 12.70000, 17.88273
1271, 12.71000, 18.41432
1272, 12.72000, 25.93811
1273, 12.73000, 30.88783
1274, 12.74000, 27.11966
1275, 12.75000, 25.45605
1276, 12.76000, 19.30970
1277, 12.77000, 17.05466
1278, 12.78000, 21.90967
1279, 12.79000, 21.91351
1280, 12.80000, 23.16470
1281, 12.81000, 25.17955
1282, 12.82000, 23.07316
1283, 12.83000, 27.48059
1284, 12.84000, 27.07769
1285, 12.85000, 24.60258
1286, 12.86000, 20.96817
1287, 12.87000, 22.57643
1288, 12.88000, 18.23138
1289, 12.89000, 20.14653
1290, 12.90000, 17.01879
1291, 12.91000, 19.18163
1292, 12.92000, 21.88570
1293, 12.93000, 24.59633
1294, 12.94000, 27.37012
1295, 12.95000, 27.09727
1296, 12.96000, 23.00516
1297, 12.97000, 21.35081
1298, 12.98000, 24.73101
1299, 12.99000, 28.29603
1300, 13.00000, 29.60930
1301, 13.01000, 27.48729
1302, 13.02000, 23.96434
1303, 13.03000, 17.96721
1304, 13.04000, 21.23352
1305, 13.05000, 22.20959
1306, 13.06000, 20.25571
1307, 13.07000, 23.64464
1308, 13.08000, 24.61193
1309, 13.09000, 25.78463
1310, 13.10000, 20.65353
1311, 13.11000, 23.97871
1312, 13.12000, 22.40301
1313, 13.13000, 19.50797
1314, 13.14000, 19.99397
1315, 13.15000, 26.86968
1316, 13.16000, 24.79349
1317, 13.17000, 18.76793
1318, 13.18000, 25.60603
1319, 13.19000, 21.11296
1320, 13.20000, 22.06000
1321, 13.21000, 27.09539
1322, 13.22000, 25.35494
1323, 13.23000, 18.29033
1324, 13.24000, 18.65067
1325, 13.25000, 21.75361
1326, 13.26000, 22.72518
1327, 13.27000, 24.48599
1328, 13.28000, 27.22212
1329, 13.29000, 22.77968
1330, 13.30000, 15.80165
1331, 13.31000, 19.29929
1332, 13.32000, 19.87823
1333, 13.33000, 16.71625
1334, 13.34000, 17.09151
1335, 13.35000, 25.81375
1336, 13.36000, 23.58545
1337, 13.37000, 21.17868
1338, 13.38000, 22.46495
1339, 13.39000, 17.87212
1340, 13.40000, 18.74596
1341, 13.41000, 22.52061
1342, 13.42000, 28.72452
1343, 13.43000, 29.89905
1344, 13.44000, 25.05017
1345, 13.45000, 23.36458
1346, 13.46000, 18.42740
1347, 13.47000, 16.78339
1348, 13.48000, 19.69530
1349, 13.49000, 20.14908
1350, 13.50000, 12.06061
1351, 13.51000, 14.61213
1352, 13.52000, 22.37826
1353, 13.53000, 28.38259
1354, 13.54000, 33.95153
1355, 13.55000, 27.44377
1356, 13.56000, 25.88020
1357, 13.57000, 25.26417
1358, 13.58000, 26.92584
1359, 13.59000, 24.98482
1360, 13.60000, 21.50463
1361, 13.61000, 25.72751
1362, 13.62000, 21.41983
1363, 13.63000, 25.53718
1364, 13.64000, 24.88958
1365, 13.65000, 20.86012
1366, 13.66000, 22.10364
1367, 13.67000, 25.03529
1368, 13.68000, 29.76007
1369, 13.69000, 22.93094
1370, 13.70000, 24.47103
1371, 13.71000, 27.76437
1372, 13.72000, 26.95540
1373, 13.73000, 20.68520
1374, 13.74000, 19.56715
1375, 13.75000, 21.99675
1376, 13.76000, 27.61725
1377, 13.77000, 30.93279
1378, 13.78000, 20.67194
1379, 13.79000, 22.78433
1380, 13.80000, 19.69742
1381, 13.81000, 32.72366
1382, 13.82000, 30.02599
1383, 13.83000, 22.83581
1384, 13.84000, 21.82099
1385, 13.85000, 16.94500
1386, 13.86000, 21.87004
1387, 13.87000, 27.63846
1388, 13.88000, 20.50818
1389, 13.89000, 17.35932
1390, 13.90000, 23.34965
1391, 13.91000, 25.42531
1392, 13.92000, 20.17269
1393, 13.93000, 26.45377
1394, 13.94000, 20.72682
1395, 13.95000, 22.72457
1396, 13.96000, 22.23203
1397, 13.97000, 22.03885
1398, 13.98000, 26.02723
1399, 13.99000, 26.34387
1400, 14.00000, 19.95856
1401, 14.01000, 21.68356
1402, 14.02000, 23.97757
1403, 14.03000, 21.63781
1404, 14.04000, 22.14715
1405, 14.05000, 26.05876
1406, 14.06000, 28.22969
1407, 14.07000, 20.70750
1408, 14.08000, 20.62145
1409, 14.09000, 22.89679
1410, 14.10000, 23.00028
1411, 14.11000, 20.53892
1412, 14.12000, 23.20506
1413, 14.13000, 14.00167
1414, 14.14000, 15.93765
1415, 14.15000, 23.74645
1416, 14.16000, 27.90495
1417, 14.17000, 26.92840
1418, 14.18000, 23.77532
1419, 14.19000, 22.29855
1420, 14.20000, 26.78251
1421, 14.21000, 29.71644
1422, 14.22000, 27.05329
1423, 14.23000, 24.82180
1424, 14.24000, 24.37084
1425, 14.25000, 25.79019
1426, 14.26000, 32.23641
1427, 14.27000, 30.20329
1428, 14.28000, 25.51845
1429, 14.29000, 17.38769
1430, 14.30000, 28.61289
1431, 14.31000, 24.06552
1432, 14.32000, 27.88882
1433, 14.33000, 29.10106
1434, 14.34000, 25.57960
1435, 14.35000, 27.31246
1436, 14.36000, 26.84452
1437, 14.37000, 19.80641
1438, 14.38000, 21.80272
1439, 14.39000, 27.03510
1440, 14.40000, 29.86818
1441, 14.41000, 25.21007
1442, 14.42000, 25.09710
1443, 14.43000, 13.94116
1444, 14.44000, 20.38532
1445, 14.45000, 20.63457
1446, 14.46000, 14.40143
1447, 14.47000, 22.50173
1448, 14.48000, 22.64613
1449, 14.49000, 18.46950
1450, 14.50000, 18.20804
1451, 14.51000, 24.50110
1452, 14.52000, 31.62286
1453, 14.53000, 28.99716
1454, 14.54000, 19.61134
1455, 14.55000, 21.04581
1456, 14.56000, 21.39131
1457, 14.57000, 26.90076
1458, 14.58000, 22.08098
1459, 14.59000, 21.02515
1460, 14.60000, 18.39578
1461, 14.61000, 14.75018
1462, 14.62000, 14.57811
1463, 14.63000, 17.59698
1464, 14.64000, 18.64833
1465, 14.65000, 20.79495
1466, 14.66000, 26.66618
1467, 14.67000, 25.63715
1468, 14.68000, 25.09972
1469, 14.69000, 28.44175
1470, 14.70000, 17.36857
1471, 14.71000, 20.12913
1472, 14.72000, 24.52933
1473, 14.73000, 30.08661
1474, 14.74000, 20.58202
1475, 14.75000, 18.04815
1476, 14.76000, 15.24576
1477, 14.77000, 17.84538
1478, 14.78000, 27.79410
1479, 14.79000, 27.25824
1480, 14.80000, 26.63833
1481, 14.81000, 27.32986
1482, 14.82000, 22.41524
1483, 14.83000, 25.76379
1484, 14.84000, 25.77859
1485, 14.85000, 22.91983
1486, 14.86000, 30.72336
1487, 14.87000, 28.84619
1488, 14.88000, 27.36308
1489, 14.89000, 28.05965
1490, 14.90000, 27.73844
1491, 14.91000, 22.51233
1492, 14.92000, 19.22583
1493, 14.93000, 31.69751
1494, 14.94000, 25.51516
1495, 14.95000, 26.29253
1496, 14.96000, 24.67157
1497, 14.97000, 25.48132
1498, 14.98000, 25.92934
1499, 14.99000, 20.71995
1500, 15.00000, 23.44878
1501, 15.01000, 25.57322
1502, 15.02000, 20.44699
1503, 15.03000, 23.32082
1504, 15.04000, 22.74033
1505, 15.05000, 18.71571
1506, 15.06000, 15.07652
1507, 15.07000, 16.29305
1508, 15.08000, 20.04844
1509, 15.09000, 21.13849
1510, 15.10000, 24.47927
1511, 15.11000, 27.67685
1512, 15.12000, 25.35105
1513, 15.13000, 22.42000
1514, 15.14000, 20.25127
1515, 15.15000, 17.88540
1516, 15.16000, 14.99543
1517, 15.17000, 15.65809
1518, 15.18000, 18.96478
1519, 15.19000, 28.11733
1520, 15.20000, 24.41579
1521, 15.21000, 23.62249
1522, 15.22000, 16.31312
1523, 15.23000, 16.18910
1524, 15.24000, 24.06351
1525, 15.25000, 24.61935
1526, 15.26000, 24.91952
1527, 15.27000, 20.75264
1528, 15.28000, 22.35314
1529, 15.29000, 27.93475
1530, 15.30000, 22.68521
1531, 15.31000, 19.49204
1532, 15.32000, 25.17547
1533, 15.33000, 26.40996
1534, 15.34000, 27.22666
1535, 15.35000, 21.88266
1536, 15.36000, 22.08490
1537, 15.37000, 20.15873
1538, 15.38000, 20.54375
1539, 15.39000, 13.94255
1540, 15.40000, 14.59735
1541, 15.41000, 19.24609
1542, 15.42000, 21.59176
1543, 15.43000, 23.26395
1544, 15.44000, 21.38607
1545, 15.45000, 23.66833
1546, 15.46000, 21.33971
1547, 15.47000, 28.58227
1548, 15.48000, 20.39726
1549, 15.49000, 28.35516
1550, 15.50000, 20.75000
1551, 15.51000, 20.56180
1552, 15.52000, 23.00151
1553, 15.53000, 28.16736
1554, 15.54000, 30.69869
1555, 15.55000, 22.01626
1556, 15.56000, 22.16929
1557, 15.57000, 25.37873
1558, 15.58000, 28.33279
1559, 15.59000, 25.20540
1560, 15.60000, 19.58621
1561, 15.61000, 23.25870
1562, 15.62000, 17.46582
1563, 15.63000, 18.39044
1564, 15.64000, 20.28212
1565, 15.65000, 18.67940
1566, 15.66000, 21.13438
1567, 15.67000, 21.79449
1568, 15.68000, 29.01362
1569, 15.69000, 16.49924
1570, 15.70000, 24.79778
1571, 15.71000, 25.49475
1572, 15.72000, 17.45047
1573, 15.73000, 25.54077
1574, 15.74000, 27.82839
1575, 15.75000, 23.25984
1576, 15.76000, 23.22098
1577, 15.77000, 25.75375
1578, 15.78000, 30.05301
1579, 15.79000, 27.37795
1580, 15.80000, 29.77128
1581, 15.81000, 18.86879
1582, 15.82000, 24.19244
1583, 15.83000, 25.41152
1584, 15.84000, 23.63268
1585, 15.85000, 18.55711
1586, 15.86000, 21.46413
1587, 15.87000, 22.14972
1588, 15.88000, 21.68332
1589, 15.89000, 21.88796
1590, 15.90000, 19.61329
1591, 15.91000, 19.29630
1592, 15.92000, 22.65511
1593, 15.93000, 21.29953
1594, 15.94000, 25.14999
1595, 15.95000, 19.27349
1596, 15.96000, 26.25390
1597, 15.97000, 21.89381
1598, 15.98000, 20.19118
1599, 15.99000, 23.21056
1600, 16.00000, 27.60695
1601, 16.01000, 20.55213
1602, 16.02000, 18.95976
1603, 16.03000, 20.60478
1604, 16.04000, 21.52354
1605, 16.05000, 24.73915
1606, 16.06000, 25.94449
1607, 16.07000, 21.87618
1608, 16.08000, 19.94976
1609, 16.09000, 19.00728
1610, 16.10000, 18.16312
1611, 16.11000, 22.18354
1612, 16.12000, 23.52948
1613, 16.13000, 26.10867
1614, 16.14000, 24.44329
1615, 16.15000, 23.82806
1616, 16.16000, 23.88631
1617, 16.17000, 24.33567
1618, 16.18000, 19.96730
1619, 16.19000, 30.72429
1620, 16.20000, 25.28110
1621, 16.21000, 17.08141
1622, 16.22000, 24.38224
1623, 16.23000, 25.51444
1624, 16.24000, 28.03025
1625, 16.25000, 32.29079
1626, 16.26000, 26.77604
1627, 16.27000, 25.95370
1628, 16.28000, 32.69687
1629, 16.29000, 23.59015
1630, 16.30000, 27.61298
1631, 16.31000, 26.02043
1632, 16.32000, 20.27710
1633, 16.33000, 27.14513
1634, 16.34000, 18.16020
1635, 16.35000, 14.92885
1636, 16.36000, 19.01387
1637, 16.37000, 27.41557
1638, 16.38000, 25.60613
1639, 16.39000, 23.56636
1640, 16.40000, 21.80391
1641, 16.41000, 29.24075
1642, 16.42000, 32.97696
1643, 16.43000, 17.64814
1644, 16.44000, 13.90724
1645, 16.45000, 18.63745
1646, 16.46000, 21.65803
1647, 16.47000, 19.70607
1648, 16.48000, 16.80154
1649, 16.49000, 18.78647
1650, 16.50000, 21.75303
1651, 16.51000, 20.35114
1652, 16.52000, 20.72007
1653, 16.53000, 26.78785
1654, 16.54000, 25.72555
1655, 16.55000, 21.90855
1656, 16.56000, 22.08127
1657, 16.57000, 25.74406
1658, 16.58000, 24.60385
1659, 16.59000, 24.29322
1660, 16.60000, 16.77593
1661, 16.61000, 24.44805
1662, 16.62000, 28.23112
1663, 16.63000, 23.64187
1664, 16.64000, 21.08997
1665, 16.65000, 21.69742
1666, 16.66000, 16.89302
1667, 16.67000, 23.37670
1668, 16.68000, 23.78127
1669, 16.69000, 29.32322
1670, 16.70000, 22.87319
1671, 16.71000, 29.75294
1672, 16.72000, 26.15022
1673, 16.73000, 22.43864
1674, 16.74000, 23.25306
1675, 16.75000, 26.58075
1676, 16.76000, 26.58009
1677, 16.77000, 27.13457
1678, 16.78000, 26.73389
1679, 16.79000, 20.72709
1680, 16.80000, 22.04657
1681, 16.81000, 15.69831
1682, 16.82000, 21.66109
1683, 16.83000, 16.42786
1684, 16.84000, 16.41661
1685, 16.85000, 13.44568
1686, 16.86000, 17.68970
1687, 16.87000, 19.01020
1688, 16.88000, 25.86618
1689, 16.89000, 22.44263
1690, 16.90000, 22.43509
1691, 16.91000, 21.41420
1692, 16.92000, 23.28019
1693, 16.93000, 20.74963
1694, 16.94000, 19.19155
1695, 16.95000, 22.61877
1696, 16.96000, 28.00828
1697, 16.97000, 23.65749
1698, 16.98000, 16.39426
1699, 16.99000, 24.28477
1700, 17.00000, 29.51769
1701, 17.01000, 19.36834
1702, 17.02000, 24.23030
1703, 17.03000, 21.23453
1704, 17.04000, 25.90590
1705, 17.05000, 20.11218
1706, 17.06000, 26.14492
1707, 17.07000, 25.73368
1708, 17.08000, 20.71250
1709, 17.09000, 22.23523
1710, 17.10000, 20.96199
1711, 17.11000, 14.57671
1712, 17.12000, 18.19185
1713, 17.13000, 20.39957
1714, 17.14000, 17.32103
1715, 17.15000, 28.96038
1716, 17.16000, 26.79717
1717, 17.17000, 20.64110
1718, 17.18000, 19.70448
1719, 17.19000, 21.92430
1720, 17.20000, 22.29318
1721, 17.21000, 26.22183
1722, 17.22000, 22.82481
1723, 17.23000, 23.80981
1724, 17.24000, 18.86902
1725, 17.25000, 20.30467
1726, 17.26000, 26.64893
1727, 17.27000, 24.27286
1728, 17.28000, 18.29117
1729, 17.29000, 17.38284
1730, 17.30000, 25.70646
1731, 17.31000, 21.52599
1732, 17.32000, 18.49698
1733, 17.33000, 26.35096
1734, 17.34000, 24.45434
1735, 17.35000, 22.26914
1736, 17.36000, 24.66995
1737, 17.37000, 21.76637
1738, 17.38000, 18.24488
1739, 17.39000, 17.66988
1740, 17.40000, 15.42438
1741, 17.41000, 17.19828
1742, 17.42000, 17.73285
1743, 17.43000, 25.81073
1744, 17.44000, 17.25738
1745, 17.45000, 21.07939
1746, 17.46000, 20.90477
1747, 17.47000, 26.02759
1748, 17.48000, 24.03123
1749, 17.49000, 24.50342
1750, 17.50000, 24.68972
1751, 17.51000, 27.85009
1752, 17.52000, 25.61627
1753, 17.53000, 24.39143
1754, 17.54000, 23.09266
1755, 17.55000, 25.86374
1756, 17.56000, 25.29915
1757, 17.57000, 20.54544
1758, 17.58000, 23.35395
1759, 17.59000, 25.68639
1760, 17.60000, 24.76229
1761, 17.61000, 20.13340
1762, 17.62000, 24.72459
1763, 17.63000, 19.93689
1764, 17.64000, 16.01699
1765, 17.65000, 17.17993
1766, 17.66000, 14.25462
1767, 17.67000, 19.78900
1768, 17.68000, 15.42693
1769, 17.69000, 18.64735
1770, 17.70000, 19.06195
1771, 17.71000, 26.93995
1772, 17.72000, 25.42992
1773, 17.73000, 17.91625
1774, 17.74000, 18.62406
1775, 17.75000, 16.15736
1776, 17.76000, 19.90668
1777, 17.77000, 17.94873
1778, 17.78000, 17.09542
1779, 17.79000, 16.18558
1780, 17.80000, 17.55890
1781, 17.81000, 21.73315
1782, 17.82000, 18.75737
1783, 17.83000, 24.84230
1784, 17.84000, 20.16852
1785, 17.85000, 16.14723
1786, 17.86000, 16.73667
1787, 17.87000, 23.19809
1788, 17.88000, 26.63437
1789, 17.89000, 26.59645
1790, 17.90000, 23.50704
1791, 17.91000, 18.78783
1792, 17.92000, 19.08348
1793, 17.93000, 22.78037
1794, 17.94000, 18.90941
1795, 17.95000, 24.84104
1796, 17.96000, 31.43039
1797, 17.97000, 19.94414
1798, 17.98000, 21.52710
1799, 17.99000, 24.53269
1800, 18.00000, 16.63704
1801, 18.01000, 17.79450
1802, 18.02000, 20.35721
1803, 18.03000, 18.41512
1804, 18.04000, 18.31202
1805, 18.05000, 20.93336
1806, 18.06000, 21.69222
1807, 18.07000, 19.06755
1808, 18.08000, 24.43319
1809, 18.09000, 23.06949
1810, 18.10000, 18.42094
1811, 18.11000, 19.84464
1812, 18.12000, 18.66949
1813, 18.13000, 20.63917
1814, 18.14000, 19.57650
1815, 18.15000, 18.01143
1816, 18.16000, 20.15029
1817, 18.17000, 27.98320
1818, 18.18000, 24.65547
1819, 18.19000, 24.04843
1820, 18.20000, 20.85578
1821, 18.21000, 16.94700
1822, 18.22000, 21.33095
1823, 18.23000, 24.89918
1824, 18.24000, 18.04268
1825, 18.25000, 23.71037
1826, 18.26000, 26.30743
1827, 18.27000, 21.16723
1828, 18.28000, 20.88001
1829, 18.29000, 19.18020
1830, 18.30000, 21.43912
1831, 18.31000, 25.82490
1832, 18.32000, 25.43289
1833, 18.33000, 28.94425
1834, 18.34000, 22.09092
1835, 18.35000, 21.01521
1836, 18.36000, 24.00855
1837, 18.37000, 19.63793
1838, 18.38000, 20.98086
1839, 18.39000, 21.10714
1840, 18.40000, 27.25141
1841, 18.41000, 25.12155
1842, 18.42000, 27.34010
1843, 18.43000, 22.51122
1844, 18.44000, 19.78652
1845, 18.45000, 25.35413
1846, 18.46000, 22.56516
1847, 18.47000, 20.09732
1848, 18.48000, 30.84558
1849, 18.49000, 29.07876
1850, 18.50000, 26.30967
1851, 18.51000, 26.35757
1852, 18.52000, 20.16671
1853, 18.53000, 23.52714
1854, 18.54000, 15.90937
1855, 18.55000, 15.65838
1856, 18.56000, 21.91172
1857, 18.57000, 23.52215
1858, 18.58000, 28.76906
1859, 18.59000, 30.42657
1860, 18.60000, 17.63990
1861, 18.61000, 19.93075
1862, 18.62000, 19.47245
1863, 18.63000, 20.40052
1864, 18.64000, 24.68343
1865, 18.65000, 28.97756
1866, 18.66000, 30.11442
1867, 18.67000, 24.93348
1868, 18.68000, 21.83386
1869, 18.69000, 23.18931
1870, 18.70000, 17.35001
1871, 18.71000, 22.87085
1872, 18.72000, 25.70749
1873, 18.73000, 25.95661
1874, 18.74000, 22.42976
1875, 18.75000, 23.78357
1876, 18.76000, 25.69652
1877, 18.77000, 21.80540
1878, 18.78000, 20.56076
1879, 18.79000, 16.99100
1880, 18.80000, 25.52182
1881, 18.81000, 23.42018
1882, 18.82000, 31.00394
1883, 18.83000, 27.79214
1884, 18.84000, 25.98398
1885, 18.85000, 24.72341
1886, 18.86000, 21.21796
1887, 18.87000, 18.37121
1888, 18.88000, 22.41349
1889, 18.89000, 24.24504
1890, 18.90000, 26.05912
1891, 18.91000, 26.94839
1892, 18.92000, 24.66608
1893, 18.93000, 22.84559
1894, 18.94000, 23.52890
1895, 18.95000, 22.08268
1896, 18.96000, 21.97091
1897, 18.97000, 23.83841
1898, 18.98000, 20.01634
1899, 18.99000, 19.41512
1900, 19.00000, 17.82398
1901, 19.01000, 17.70362
1902, 19.02000, 22.26647
1903, 19.03000, 23.13542
1904, 19.04000, 16.72781
1905, 19.05000, 13.81661
1906, 19.06000, 20.90785
1907, 19.07000, 18.43293
1908, 19.08000, 23.93715
1909, 19.09000, 20.14132
1910, 19.10000, 24.16105
1911, 19.11000, 25.64600
1912, 19.12000, 28.77712
1913, 19.13000, 28.94640
1914, 19.14000, 27.05557
1915, 19.15000, 27.20225
1916, 19.16000, 30.45963
1917, 19.17000, 23.51222
1918, 19.18000, 21.60078
1919, 19.19000, 20.54126
1920, 19.20000, 25.15553
1921, 19.21000, 24.94317
1922, 19.22000, 30.76700
1923, 19.23000, 21.60737
1924, 19.24000, 25.40989
1925, 19.25000, 27.25280
1926, 19.26000, 22.89999
1927, 19.27000, 17.74760
1928, 19.28000, 17.18985
1929, 19.29000, 21.93747
1930, 19.30000, 25.60330
1931, 19.31000, 24.54173
1932, 19.32000, 24.14120
1933, 19.33000, 14.76012
1934, 19.34000, 21.99750
1935, 19.35000, 17.32748
1936, 19.36000, 22.83844
1937, 19.37000, 27.95508
1938, 19.38000, 25.45160
1939, 19.39000, 20.57914
1940, 19.40000, 20.27891
1941, 19.41000, 23.28970
1942, 19.42000, 23.96715
1943, 19.43000, 28.41938
1944, 19.44000, 26.55050
1945, 19.45000, 26.17144
1946, 19.46000, 21.81625
1947, 19.47000, 28.04777
1948, 19.48000, 24.41293
1949, 19.49000, 18.71552
1950, 19.50000, 12.28955
1951, 19.51000, 15.59168
1952, 19.52000, 14.50484
1953, 19.53000, 17.41864
1954, 19.54000, 18.13417
1955, 19.55000, 21.17183
1956, 19.56000, 24.04393
1957, 19.57000, 19.17223
1958, 19.58000, 18.42370
1959, 19.59000, 17.52233
1960, 19.60000, 18.80243
1961, 19.61000, 19.22971
1962, 19.62000, 16.82730
1963, 19.63000, 13.97062
1964, 19.64000, 13.92791
1965, 19.65000, 18.43443
1966, 19.66000, 19.52991
1967, 19.67000, 19.82231
1968, 19.68000, 19.43564
1969, 19.69000, 22.46066
1970, 19.70000, 20.04460
1971, 19.71000, 18.11674
1972, 19.72000, 23.05578
1973, 19.73000, 25.42902
1974, 19.74000, 22.28113
1975, 19.75000, 18.86528
1976, 19.76000, 19.32137
1977, 19.77000, 19.50810
1978, 19.78000, 19.28448
1979, 19.79000, 18.79186
1980, 19.80000, 20.66051
1981, 19.81000, 19.64495
1982, 19.82000, 21.11625
1983, 19.83000, 17.31758
1984, 19.84000, 16.74041
1985, 19.85000, 21.39843
1986, 19.86000, 23.31318
1987, 19.87000, 17.70374
1988, 19.88000, 22.91064
1989, 19.89000, 18.71053
1990, 19.90000, 18.13091
1991, 19.91000, 19.15771
1992, 19.92000, 20.10491
1993, 19.93000, 19.03571
1994, 19.94000, 18.34847
1995, 19.95000, 22.67377
1996, 19.96000, 17.40298
1997, 19.97000, 18.38381
1998, 19.98000, 16.34419
1999, 19.99000, 16.15911
2000, 20.00000, 16.10022
2001, 20.01000, 17.60244
