nt, t, solve_time
1, 0.01000, 71.84174
2, 0.02000, 46.03112
3, 0.03000, 46.03580
4, 0.04000, 47.74822
5, 0.05000, 52.02234
6, 0.06000, 61.92174
7, 0.07000, 56.70683
8, 0.08000, 52.15956
9, 0.09000, 48.03339
10, 0.10000, 44.30611
11, 0.11000, 52.14734
12, 0.12000, 44.78000
13, 0.13000, 42.05368
14, 0.14000, 34.96017
15, 0.15000, 29.37028
16, 0.16000, 26.63923
17, 0.17000, 29.10902
18, 0.18000, 34.85356
19, 0.19000, 44.07972
20, 0.20000, 26.98062
21, 0.21000, 30.83527
22, 0.22000, 32.37423
23, 0.23000, 50.95763
24, 0.24000, 54.66363
25, 0.25000, 38.41157
26, 0.26000, 50.01998
27, 0.27000, 46.00009
28, 0.28000, 45.17822
29, 0.29000, 36.55856
30, 0.30000, 53.87674
31, 0.31000, 41.43244
32, 0.32000, 44.73302
33, 0.33000, 38.03943
34, 0.34000, 45.01757
35, 0.35000, 52.56646
36, 0.36000, 30.07588
37, 0.37000, 40.56245
38, 0.38000, 35.97699
39, 0.39000, 30.83142
40, 0.40000, 32.31891
41, 0.41000, 32.41429
42, 0.42000, 34.80169
43, 0.43000, 24.92760
44, 0.44000, 31.57050
45, 0.45000, 25.86758
46, 0.46000, 22.69872
47, 0.47000, 18.18406
48, 0.48000, 24.60828
49, 0.49000, 19.10229
50, 0.50000, 18.03700
51, 0.51000, 23.68112
52, 0.52000, 25.97806
53, 0.53000, 30.54944
54, 0.54000, 29.33067
55, 0.55000, 30.68932
56, 0.56000, 26.84850
57, 0.57000, 24.43186
58, 0.58000, 28.07907
59, 0.59000, 27.90724
60, 0.60000, 21.26605
61, 0.61000, 28.35991
62, 0.62000, 20.38451
63, 0.63000, 22.18297
64, 0.64000, 27.43398
65, 0.65000, 24.16626
66, 0.66000, 26.07905
67, 0.67000, 21.14250
68, 0.68000, 30.94000
69, 0.69000, 43.75418
70, 0.70000, 31.78001
71, 0.71000, 37.04463
72, 0.72000, 32.58135
73, 0.73000, 20.02394
74, 0.74000, 21.71362
75, 0.75000, 24.56211
76, 0.76000, 26.73527
77, 0.77000, 27.72290
78, 0.78000, 17.40538
79, 0.79000, 32.12327
80, 0.80000, 33.55299
81, 0.81000, 28.32092
82, 0.82000, 22.78956
83, 0.83000, 26.14248
84, 0.84000, 36.36997
85, 0.85000, 37.76350
86, 0.86000, 48.41244
87, 0.87000, 28.42966
88, 0.88000, 24.41122
89, 0.89000, 37.03008
90, 0.90000, 31.18627
91, 0.91000, 33.71305
92, 0.92000, 38.81768
93, 0.93000, 38.34226
94, 0.94000, 30.84731
95, 0.95000, 40.13271
96, 0.96000, 39.26592
97, 0.97000, 40.13147
98, 0.98000, 29.05704
99, 0.99000, 38.43990
100, 1.00000, 43.85531
101, 1.01000, 35.47533
102, 1.02000, 35.10569
103, 1.03000, 26.60184
104, 1.04000, 36.43184
105, 1.05000, 35.79242
106, 1.06000, 33.73780
107, 1.07000, 34.78262
108, 1.08000, 38.89878
109, 1.09000, 49.97684
110, 1.10000, 19.80968
111, 1.11000, 35.49895
112, 1.12000, 42.79693
113, 1.13000, 28.32043
114, 1.14000, 32.54652
115, 1.15000, 31.35170
116, 1.16000, 43.59510
117, 1.17000, 40.78447
118, 1.18000, 32.30824
119, 1.19000, 34.81113
120, 1.20000, 36.99074
121, 1.21000, 36.78252
122, 1.22000, 48.85567
123, 1.23000, 50.55385
124, 1.24000, 33.88990
125, 1.25000, 40.83321
126, 1.26000, 49.51554
127, 1.27000, 40.47876
128, 1.28000, 46.59643
129, 1.29000, 42.95481
130, 1.30000, 49.17782
131, 1.31000, 54.75264
132, 1.32000, 45.80153
133, 1.33000, 30.40574
134, 1.34000, 28.78656
135, 1.35000, 39.37048
136, 1.36000, 41.51161
137, 1.37000, 39.36595
138, 1.38000, 26.54880
139, 1.39000, 40.08665
140, 1.40000, 31.30382
141, 1.41000, 19.12239
142, 1.42000, 27.77205
143, 1.43000, 32.05952
144, 1.44000, 24.16648
145, 1.45000, 39.34807
146, 1.46000, 38.45580
147, 1.47000, 32.59060
148, 1.48000, 39.28494
149, 1.49000, 42.40606
150, 1.50000, 41.70120
151, 1.51000, 29.30048
152, 1.52000, 39.42976
153, 1.53000, 42.09569
154, 1.54000, 36.94876
155, 1.55000, 26.90222
156, 1.56000, 26.17577
157, 1.57000, 22.81879
158, 1.58000, 36.26141
159, 1.59000, 34.30595
160, 1.60000, 40.97957
161, 1.61000, 38.10775
162, 1.62000, 35.46949
163, 1.63000, 37.41228
164, 1.64000, 34.86240
165, 1.65000, 33.83372
166, 1.66000, 56.23955
167, 1.67000, 34.36365
168, 1.68000, 36.79875
169, 1.69000, 44.32243
170, 1.70000, 34.21255
171, 1.71000, 26.04342
172, 1.72000, 37.69023
173, 1.73000, 26.55840
174, 1.74000, 26.66722
175, 1.75000, 33.30332
176, 1.76000, 34.41975
177, 1.77000, 40.86022
178, 1.78000, 38.67338
179, 1.79000, 32.74515
180, 1.80000, 35.34825
181, 1.81000, 27.18112
182, 1.82000, 26.21418
183, 1.83000, 37.68942
184, 1.84000, 27.97314
185, 1.85000, 21.77819
186, 1.86000, 28.03564
187, 1.87000, 30.11752
188, 1.88000, 20.30208
189, 1.89000, 29.08139
190, 1.90000, 32.48146
191, 1.91000, 52.73578
192, 1.92000, 34.52796
193, 1.93000, 24.34065
194, 1.94000, 38.71315
195, 1.95000, 37.59266
196, 1.96000, 34.12183
197, 1.97000, 28.93194
198, 1.98000, 32.42324
199, 1.99000, 35.26966
200, 2.00000, 19.08434
201, 2.01000, 26.03354
202, 2.02000, 21.29464
203, 2.03000, 26.65147
204, 2.04000, 22.64645
205, 2.05000, 21.41769
206, 2.06000, 24.15451
207, 2.07000, 19.36719
208, 2.08000, 21.22742
209, 2.09000, 19.90459
210, 2.10000, 23.06649
211, 2.11000, 21.01301
212, 2.12000, 32.18534
213, 2.13000, 28.50744
214, 2.14000, 20.91325
215, 2.15000, 27.61899
216, 2.16000, 27.53029
217, 2.17000, 20.43575
218, 2.18000, 28.85824
219, 2.19000, 29.06735
220, 2.20000, 27.23645
221, 2.21000, 36.66832
222, 2.22000, 35.19161
223, 2.23000, 26.08031
224, 2.24000, 23.20853
225, 2.25000, 24.54197
226, 2.26000, 27.18293
227, 2.27000, 24.14305
228, 2.28000, 23.19296
229, 2.29000, 24.23511
230, 2.30000, 22.85446
231, 2.31000, 21.98244
232, 2.32000, 21.76379
233, 2.33000, 17.00966
234, 2.34000, 21.28428
235, 2.35000, 28.82699
236, 2.36000, 34.18965
237, 2.37000, 33.49029
238, 2.38000, 32.06871
239, 2.39000, 25.53369
240, 2.40000, 24.12311
241, 2.41000, 22.17170
242, 2.42000, 22.11734
243, 2.43000, 26.09548
244, 2.44000, 29.80118
245, 2.45000, 24.53101
246, 2.46000, 23.75118
247, 2.47000, 29.09115
248, 2.48000, 20.26718
249, 2.49000, 18.62983
250, 2.50000, 17.14925
251, 2.51000, 16.19753
252, 2.52000, 24.81139
253, 2.53000, 16.92583
254, 2.54000, 17.74768
255, 2.55000, 14.84940
256, 2.56000, 22.91887
257, 2.57000, 20.73408
258, 2.58000, 20.11127
259, 2.59000, 23.91869
260, 2.60000, 24.39729
261, 2.61000, 27.99646
262, 2.62000, 13.11763
263, 2.63000, 13.83878
264, 2.64000, 12.46595
265, 2.65000, 14.93829
266, 2.66000, 14.11580
267, 2.67000, 20.92279
268, 2.68000, 26.86394
269, 2.69000, 25.99245
270, 2.70000, 24.37630
271, 2.71000, 24.01556
272, 2.72000, 26.05691
273, 2.73000, 27.92002
274, 2.74000, 28.97263
275, 2.75000, 24.15212
276, 2.76000, 25.70214
277, 2.77000, 22.77294
278, 2.78000, 16.18761
279, 2.79000, 15.56313
280, 2.80000, 19.36544
281, 2.81000, 22.42075
282, 2.82000, 23.50479
283, 2.83000, 23.09225
284, 2.84000, 32.76932
285, 2.85000, 22.93303
286, 2.86000, 25.58356
287, 2.87000, 28.72826
288, 2.88000, 30.20540
289, 2.89000, 26.28758
290, 2.90000, 31.37059
291, 2.91000, 21.50531
292, 2.92000, 19.49242
293, 2.93000, 21.60874
294, 2.94000, 15.04907
295, 2.95000, 13.60150
296, 2.96000, 17.98832
297, 2.97000, 24.01907
298, 2.98000, 28.34113
299, 2.99000, 20.52904
300, 3.00000, 30.71686
301, 3.01000, 31.17541
302, 3.02000, 29.08449
303, 3.03000, 32.41843
304, 3.04000, 25.77683
305, 3.05000, 23.99941
306, 3.06000, 23.45014
307, 3.07000, 27.87214
308, 3.08000, 25.15105
309, 3.09000, 18.17120
310, 3.10000, 24.72672
311, 3.11000, 17.21635
312, 3.12000, 19.56117
313, 3.13000, 27.76770
314, 3.14000, 19.58844
315, 3.15000, 18.49303
316, 3.16000, 18.27160
317, 3.17000, 19.46417
318, 3.18000, 18.06493
319, 3.19000, 20.29784
320, 3.20000, 27.02815
321, 3.21000, 24.90316
322, 3.22000, 28.40165
323, 3.23000, 19.43519
324, 3.24000, 24.43230
325, 3.25000, 20.77503
326, 3.26000, 20.00986
327, 3.27000, 17.66984
328, 3.28000, 19.06544
329, 3.29000, 26.38347
330, 3.30000, 25.47193
331, 3.31000, 20.06818
332, 3.32000, 35.51984
333, 3.33000, 22.53532
334, 3.34000, 26.76677
335, 3.35000, 27.75983
336, 3.36000, 41.72576
337, 3.37000, 29.46220
338, 3.38000, 20.16241
339, 3.39000, 32.35720
340, 3.40000, 24.08920
341, 3.41000, 29.36879
342, 3.42000, 18.24383
343, 3.43000, 21.08650
344, 3.44000, 34.13278
345, 3.45000, 40.62227
346, 3.46000, 34.60859
347, 3.47000, 19.83457
348, 3.48000, 29.58765
349, 3.49000, 23.76362
350, 3.50000, 23.72673
351, 3.51000, 28.93101
352, 3.52000, 26.38184
353, 3.53000, 29.00046
354, 3.54000, 25.38078
355, 3.55000, 28.20875
356, 3.56000, 29.32216
357, 3.57000, 21.96945
358, 3.58000, 17.55315
359, 3.59000, 22.37996
360, 3.60000, 29.81954
361, 3.61000, 30.09021
362, 3.62000, 37.27340
363, 3.63000, 19.87278
364, 3.64000, 20.35397
365, 3.65000, 35.29086
366, 3.66000, 21.95948
367, 3.67000, 27.70575
368, 3.68000, 21.69037
369, 3.69000, 33.31272
370, 3.70000, 27.11226
371, 3.71000, 32.52571
372, 3.72000, 24.28181
373, 3.73000, 22.51616
374, 3.74000, 19.43041
375, 3.75000, 16.78036
376, 3.76000, 21.88099
377, 3.77000, 22.81427
378, 3.78000, 28.20271
379, 3.79000, 21.65606
380, 3.80000, 19.12899
381, 3.81000, 26.29658
382, 3.82000, 21.63265
383, 3.83000, 28.96110
384, 3.84000, 23.16796
385, 3.85000, 23.54927
386, 3.86000, 30.37810
387, 3.87000, 27.11537
388, 3.88000, 19.77316
389, 3.89000, 17.43757
390, 3.90000, 35.52126
391, 3.91000, 26.84214
392, 3.92000, 22.41197
393, 3.93000, 26.32780
394, 3.94000, 27.15510
395, 3.95000, 24.78820
396, 3.96000, 20.11916
397, 3.97000, 22.95786
398, 3.98000, 24.74703
399, 3.99000, 23.33005
400, 4.00000, 21.78212
401, 4.01000, 22.47284
402, 4.02000, 22.97074
403, 4.03000, 25.88513
404, 4.04000, 20.93243
405, 4.05000, 18.05270
406, 4.06000, 17.63624
407, 4.07000, 15.37966
408, 4.08000, 19.51010
409, 4.09000, 27.56147
410, 4.10000, 27.53917
411, 4.11000, 26.69613
412, 4.12000, 22.98630
413, 4.13000, 25.67310
414, 4.14000, 25.24367
415, 4.15000, 27.90266
416, 4.16000, 29.21573
417, 4.17000, 18.79422
418, 4.18000, 26.56745
419, 4.19000, 19.16948
420, 4.20000, 17.27946
421, 4.21000, 19.73193
422, 4.22000, 26.41838
423, 4.23000, 19.74236
424, 4.24000, 19.19107
425, 4.25000, 24.95116
426, 4.26000, 26.69080
427, 4.27000, 27.27826
428, 4.28000, 22.30785
429, 4.29000, 25.26522
430, 4.30000, 28.53290
431, 4.31000, 18.24191
432, 4.32000, 14.67717
433, 4.33000, 14.95174
434, 4.34000, 23.75356
435, 4.35000, 21.00130
436, 4.36000, 24.13611
437, 4.37000, 16.58283
438, 4.38000, 21.24909
439, 4.39000, 25.11837
440, 4.40000, 28.36861
441, 4.41000, 20.95943
442, 4.42000, 18.78261
443, 4.43000, 24.13632
444, 4.44000, 24.37129
445, 4.45000, 24.24640
446, 4.46000, 25.18062
447, 4.47000, 20.08708
448, 4.48000, 20.09634
449, 4.49000, 17.21409
450, 4.50000, 22.90333
451, 4.51000, 20.02850
452, 4.52000, 16.20039
453, 4.53000, 22.81795
454, 4.54000, 22.02672
455, 4.55000, 17.69829
456, 4.56000, 20.42936
457, 4.57000, 30.07118
458, 4.58000, 28.03833
459, 4.59000, 19.59859
460, 4.60000, 20.18500
461, 4.61000, 27.07895
462, 4.62000, 25.48303
463, 4.63000, 21.51085
464, 4.64000, 22.50614
465, 4.65000, 26.94789
466, 4.66000, 20.20875
467, 4.67000, 17.30656
468, 4.68000, 15.18328
469, 4.69000, 19.33912
470, 4.70000, 27.92322
471, 4.71000, 31.02128
472, 4.72000, 26.20162
473, 4.73000, 31.98544
474, 4.74000, 21.85632
475, 4.75000, 28.57718
476, 4.76000, 25.61334
477, 4.77000, 27.03514
478, 4.78000, 25.31961
479, 4.79000, 25.53159
480, 4.80000, 23.37480
481, 4.81000, 22.55245
482, 4.82000, 15.36119
483, 4.83000, 17.47656
484, 4.84000, 24.76222
485, 4.85000, 27.33702
486, 4.86000, 27.82144
487, 4.87000, 26.93186
488, 4.88000, 26.47984
489, 4.89000, 20.70482
490, 4.90000, 22.24114
491, 4.91000, 18.74638
492, 4.92000, 15.97173
493, 4.93000, 16.63595
494, 4.94000, 18.62153
495, 4.95000, 23.74041
496, 4.96000, 28.09213
497, 4.97000, 21.03397
498, 4.98000, 24.72754
499, 4.99000, 18.77453
500, 5.00000, 20.60235
501, 5.01000, 23.96245
502, 5.02000, 24.02646
503, 5.03000, 20.95708
504, 5.04000, 24.11898
505, 5.05000, 28.21838
506, 5.06000, 27.34118
507, 5.07000, 20.08906
508, 5.08000, 18.29911
509, 5.09000, 20.55129
510, 5.10000, 20.43305
511, 5.11000, 12.36155
512, 5.12000, 13.81390
513, 5.13000, 14.67885
514, 5.14000, 13.05504
515, 5.15000, 13.05430
516, 5.16000, 15.48282
517, 5.17000, 18.42657
518, 5.18000, 19.42668
519, 5.19000, 22.27675
520, 5.20000, 26.04632
521, 5.21000, 25.81061
522, 5.22000, 19.04824
523, 5.23000, 24.25498
524, 5.24000, 24.90267
525, 5.25000, 19.57129
526, 5.26000, 16.77533
527, 5.27000, 20.14334
528, 5.28000, 20.75969
529, 5.29000, 18.98044
530, 5.30000, 14.39885
531, 5.31000, 15.54556
532, 5.32000, 25.21105
533, 5.33000, 23.74591
534, 5.34000, 26.83460
535, 5.35000, 27.02377
536, 5.36000, 25.73377
537, 5.37000, 26.72037
538, 5.38000, 21.55283
539, 5.39000, 19.81283
540, 5.40000, 18.45602
541, 5.41000, 22.82502
542, 5.42000, 22.97384
543, 5.43000, 24.21403
544, 5.44000, 21.99539
545, 5.45000, 13.53142
546, 5.46000, 12.79610
547, 5.47000, 23.42501
548, 5.48000, 25.96264
549, 5.49000, 30.47476
550, 5.50000, 15.53332
551, 5.51000, 17.78877
552, 5.52000, 23.94576
553, 5.53000, 25.60856
554, 5.54000, 29.17286
555, 5.55000, 21.85547
556, 5.56000, 19.33747
557, 5.57000, 22.86627
558, 5.58000, 28.61236
559, 5.59000, 24.35184
560, 5.60000, 15.19821
561, 5.61000, 14.81378
562, 5.62000, 16.02561
563, 5.63000, 16.90643
564, 5.64000, 23.52357
565, 5.65000, 26.11766
566, 5.66000, 25.15644
567, 5.67000, 26.01053
568, 5.68000, 21.05488
569, 5.69000, 28.03085
570, 5.70000, 28.01185
571, 5.71000, 25.00964
572, 5.72000, 19.94921
573, 5.73000, 16.50904
574, 5.74000, 14.57587
575, 5.75000, 23.66478
576, 5.76000, 21.53028
577, 5.77000, 21.99815
578, 5.78000, 31.84724
579, 5.79000, 23.58126
580, 5.80000, 19.70535
581, 5.81000, 22.52955
582, 5.82000, 29.77911
583, 5.83000, 26.20996
584, 5.84000, 28.86650
585, 5.85000, 21.94895
586, 5.86000, 29.40924
587, 5.87000, 27.88344
588, 5.88000, 30.01692
589, 5.89000, 28.53545
590, 5.90000, 21.25031
591, 5.91000, 14.77324
592, 5.92000, 12.35085
593, 5.93000, 14.48568
594, 5.94000, 18.28390
595, 5.95000, 18.27598
596, 5.96000, 23.03811
597, 5.97000, 22.21103
598, 5.98000, 24.21325
599, 5.99000, 22.69112
600, 6.00000, 24.37414
601, 6.01000, 27.48205
602, 6.02000, 27.62201
603, 6.03000, 23.50965
604, 6.04000, 17.71471
605, 6.05000, 18.70213
606, 6.06000, 14.80468
607, 6.07000, 16.27069
608, 6.08000, 17.32049
609, 6.09000, 16.68086
610, 6.10000, 25.91788
611, 6.11000, 22.84806
612, 6.12000, 20.32146
613, 6.13000, 19.48724
614, 6.14000, 18.15835
615, 6.15000, 20.37320
616, 6.16000, 23.56954
617, 6.17000, 25.50464
618, 6.18000, 28.08380
619, 6.19000, 27.87802
620, 6.20000, 31.07782
621, 6.21000, 27.40692
622, 6.22000, 25.32761
623, 6.23000, 15.00318
624, 6.24000, 13.65052
625, 6.25000, 11.73430
626, 6.26000, 10.37162
627, 6.27000, 17.00312
628, 6.28000, 20.07800
629, 6.29000, 27.32737
630, 6.30000, 28.08113
631, 6.31000, 29.79690
632, 6.32000, 24.78919
633, 6.33000, 27.54364
634, 6.34000, 25.69502
635, 6.35000, 25.73271
636, 6.36000, 26.11800
637, 6.37000, 23.77854
638, 6.38000, 27.71353
639, 6.39000, 23.96775
640, 6.40000, 16.98475
641, 6.41000, 22.99201
642, 6.42000, 26.91330
643, 6.43000, 24.81018
644, 6.44000, 21.41651
645, 6.45000, 22.19187
646, 6.46000, 17.25850
647, 6.47000, 20.11942
648, 6.48000, 20.23682
649, 6.49000, 26.17563
650, 6.50000, 21.76258
651, 6.51000, 18.22541
652, 6.52000, 18.32108
653, 6.53000, 20.09632
654, 6.54000, 18.53992
655, 6.55000, 21.20327
656, 6.56000, 24.75513
657, 6.57000, 17.29851
658, 6.58000, 29.51145
659, 6.59000, 35.30834
660, 6.60000, 24.91330
661, 6.61000, 23.33774
662, 6.62000, 28.98372
663, 6.63000, 30.06373
664, 6.64000, 23.56762
665, 6.65000, 22.06020
666, 6.66000, 29.47495
667, 6.67000, 25.90673
668, 6.68000, 17.41382
669, 6.69000, 23.32807
670, 6.70000, 15.83605
671, 6.71000, 18.06634
672, 6.72000, 32.21557
673, 6.73000, 24.73120
674, 6.74000, 22.74808
675, 6.75000, 20.68325
676, 6.76000, 21.58999
677, 6.77000, 31.26241
678, 6.78000, 26.66448
679, 6.79000, 27.01697
680, 6.80000, 23.25360
681, 6.81000, 25.25932
682, 6.82000, 20.17808
683, 6.83000, 21.78901
684, 6.84000, 20.44722
685, 6.85000, 16.28080
686, 6.86000, 24.97652
687, 6.87000, 17.02959
688, 6.88000, 15.11519
689, 6.89000, 12.51150
690, 6.90000, 20.44193
691, 6.91000, 22.86738
692, 6.92000, 23.14159
693, 6.93000, 19.40677
694, 6.94000, 22.06338
695, 6.95000, 21.94589
696, 6.96000, 26.18602
697, 6.97000, 32.73707
698, 6.98000, 27.94684
699, 6.99000, 27.70050
700, 7.00000, 20.29434
701, 7.01000, 23.71782
702, 7.02000, 19.73423
703, 7.03000, 22.77766
704, 7.04000, 28.11601
705, 7.05000, 32.04301
706, 7.06000, 18.75473
707, 7.07000, 27.29423
708, 7.08000, 24.64956
709, 7.09000, 19.93561
710, 7.10000, 19.29644
711, 7.11000, 25.51337
712, 7.12000, 21.21937
713, 7.13000, 24.73526
714, 7.14000, 24.72298
715, 7.15000, 35.71022
716, 7.16000, 31.36403
717, 7.17000, 20.78396
718, 7.18000, 19.14520
719, 7.19000, 17.22201
720, 7.20000, 17.23152
721, 7.21000, 23.94546
722, 7.22000, 32.54321
723, 7.23000, 21.04567
724, 7.24000, 19.52568
725, 7.25000, 27.80241
726, 7.26000, 28.78489
727, 7.27000, 23.24930
728, 7.28000, 32.76311
729, 7.29000, 27.25768
730, 7.30000, 26.75408
731, 7.31000, 33.33673
732, 7.32000, 25.87440
733, 7.33000, 23.84551
734, 7.34000, 23.07318
735, 7.35000, 23.37947
736, 7.36000, 24.52638
737, 7.37000, 26.76691
738, 7.38000, 26.33878
739, 7.39000, 28.38047
740, 7.40000, 23.78321
741, 7.41000, 24.24907
742, 7.42000, 25.75221
743, 7.43000, 29.09518
744, 7.44000, 24.54356
745, 7.45000, 32.15266
746, 7.46000, 27.40938
747, 7.47000, 28.16698
748, 7.48000, 17.00082
749, 7.49000, 23.05138
750, 7.50000, 25.54007
751, 7.51000, 18.66610
752, 7.52000, 24.40016
753, 7.53000, 23.70616
754, 7.54000, 22.24436
755, 7.55000, 19.22594
756, 7.56000, 15.50846
757, 7.57000, 20.62721
758, 7.58000, 27.58396
759, 7.59000, 25.80242
760, 7.60000, 28.32480
761, 7.61000, 26.99921
762, 7.62000, 19.31612
763, 7.63000, 25.80851
764, 7.64000, 21.90299
765, 7.65000, 18.85565
766, 7.66000, 20.66481
767, 7.67000, 22.88390
768, 7.68000, 25.34772
769, 7.69000, 25.04612
770, 7.70000, 19.61846
771, 7.71000, 19.44196
772, 7.72000, 22.72742
773, 7.73000, 24.75727
774, 7.74000, 29.37450
775, 7.75000, 25.03389
776, 7.76000, 21.09466
777, 7.77000, 24.73355
778, 7.78000, 22.38580
779, 7.79000, 14.21883
780, 7.80000, 14.06480
781, 7.81000, 15.44445
782, 7.82000, 17.31610
783, 7.83000, 17.56323
784, 7.84000, 18.56098
785, 7.85000, 26.36690
786, 7.86000, 22.67579
787, 7.87000, 25.08864
788, 7.88000, 22.19898
789, 7.89000, 24.05058
790, 7.90000, 25.73178
791, 7.91000, 24.62840
792, 7.92000, 28.83184
793, 7.93000, 18.26459
794, 7.94000, 21.45080
795, 7.95000, 20.10072
796, 7.96000, 18.82542
797, 7.97000, 19.94287
798, 7.98000, 23.03335
799, 7.99000, 16.88080
800, 8.00000, 15.47520
801, 8.01000, 22.83022
802, 8.02000, 20.96525
803, 8.03000, 26.34965
804, 8.04000, 18.75461
805, 8.05000, 18.48740
806, 8.06000, 25.79881
807, 8.07000, 28.07548
808, 8.08000, 28.56028
809, 8.09000, 30.58554
810, 8.10000, 24.48222
811, 8.11000, 18.67712
812, 8.12000, 18.48037
813, 8.13000, 15.44895
814, 8.14000, 15.22700
815, 8.15000, 18.37820
816, 8.16000, 25.23022
817, 8.17000, 22.55905
818, 8.18000, 25.59705
819, 8.19000, 32.32951
820, 8.20000, 26.88212
821, 8.21000, 28.95119
822, 8.22000, 23.35740
823, 8.23000, 21.60021
824, 8.24000, 19.53495
825, 8.25000, 21.04173
826, 8.26000, 25.81586
827, 8.27000, 16.41560
828, 8.28000, 17.02281
829, 8.29000, 19.02133
830, 8.30000, 20.75608
831, 8.31000, 18.90244
832, 8.32000, 16.04908
833, 8.33000, 17.82684
834, 8.34000, 18.50253
835, 8.35000, 23.21598
836, 8.36000, 28.17508
837, 8.37000, 20.76608
838, 8.38000, 21.93941
839, 8.39000, 20.31649
840, 8.40000, 20.72523
841, 8.41000, 19.62524
842, 8.42000, 15.54644
843, 8.43000, 21.69063
844, 8.44000, 24.51833
845, 8.45000, 20.07662
846, 8.46000, 26.16008
847, 8.47000, 17.14334
848, 8.48000, 18.02929
849, 8.49000, 20.12849
850, 8.50000, 27.59110
851, 8.51000, 27.10422
852, 8.52000, 21.20543
853, 8.53000, 30.89656
854, 8.54000, 23.17718
855, 8.55000, 21.29485
856, 8.56000, 18.52961
857, 8.57000, 24.95011
858, 8.58000, 12.50272
859, 8.59000, 12.95297
860, 8.60000, 14.39725
861, 8.61000, 19.52673
862, 8.62000, 25.99904
863, 8.63000, 33.24946
864, 8.64000, 26.03614
865, 8.65000, 17.52930
866, 8.66000, 21.58762
867, 8.67000, 24.54853
868, 8.68000, 28.03880
869, 8.69000, 29.29416
870, 8.70000, 24.50518
871, 8.71000, 32.59383
872, 8.72000, 23.22894
873, 8.73000, 15.93124
874, 8.74000, 16.31893
875, 8.75000, 20.19722
876, 8.76000, 17.98742
877, 8.77000, 26.87808
878, 8.78000, 22.54986
879, 8.79000, 26.51011
880, 8.80000, 23.85673
881, 8.81000, 23.73013
882, 8.82000, 26.23915
883, 8.83000, 25.58868
884, 8.84000, 22.89200
885, 8.85000, 23.87639
886, 8.86000, 20.03300
887, 8.87000, 18.19661
888, 8.88000, 14.52027
889, 8.89000, 13.65718
890, 8.90000, 13.67683
891, 8.91000, 15.27986
892, 8.92000, 21.42499
893, 8.93000, 20.15314
894, 8.94000, 18.94468
895, 8.95000, 24.52813
896, 8.96000, 20.40723
897, 8.97000, 19.77593
898, 8.98000, 18.82374
899, 8.99000, 21.18228
900, 9.00000, 27.29415
901, 9.01000, 23.04546
902, 9.02000, 20.98469
903, 9.03000, 21.79942
904, 9.04000, 22.56339
905, 9.05000, 18.87729
906, 9.06000, 17.07412
907, 9.07000, 22.69159
908, 9.08000, 22.29744
909, 9.09000, 27.17697
910, 9.10000, 24.74870
911, 9.11000, 29.17131
912, 9.12000, 27.16220
913, 9.13000, 21.09161
914, 9.14000, 21.82070
915, 9.15000, 22.38801
916, 9.16000, 21.86413
917, 9.17000, 26.29027
918, 9.18000, 30.60591
919, 9.19000, 26.15296
920, 9.20000, 29.23554
921, 9.21000, 24.39942
922, 9.22000, 22.28132
923, 9.23000, 28.99775
924, 9.24000, 22.85800
925, 9.25000, 24.66603
926, 9.26000, 25.18644
927, 9.27000, 26.84528
928, 9.28000, 18.69051
929, 9.29000, 29.30362
930, 9.30000, 23.19643
931, 9.31000, 25.39256
932, 9.32000, 21.38216
933, 9.33000, 25.96501
934, 9.34000, 23.61362
935, 9.35000, 20.54212
936, 9.36000, 17.71513
937, 9.37000, 23.42230
938, 9.38000, 20.12907
939, 9.39000, 21.39611
940, 9.40000, 27.92565
941, 9.41000, 23.93562
942, 9.42000, 23.60882
943, 9.43000, 19.99362
944, 9.44000, 20.43423
945, 9.45000, 24.39184
946, 9.46000, 15.62072
947, 9.47000, 25.02561
948, 9.48000, 21.40156
949, 9.49000, 16.05847
950, 9.50000, 12.55200
951, 9.51000, 25.00689
952, 9.52000, 19.08759
953, 9.53000, 18.54232
954, 9.54000, 17.51042
955, 9.55000, 17.76210
956, 9.56000, 18.08494
957, 9.57000, 24.34621
958, 9.58000, 23.99747
959, 9.59000, 25.00190
960, 9.60000, 28.21912
961, 9.61000, 24.95550
962, 9.62000, 20.80273
963, 9.63000, 27.87492
964, 9.64000, 26.91225
965, 9.65000, 31.35426
966, 9.66000, 28.58496
967, 9.67000, 17.85750
968, 9.68000, 17.78065
969, 9.69000, 19.23948
970, 9.70000, 15.08913
971, 9.71000, 24.93248
972, 9.72000, 21.74799
973, 9.73000, 28.35852
974, 9.74000, 31.23440
975, 9.75000, 27.22724
976, 9.76000, 27.02715
977, 9.77000, 25.68413
978, 9.78000, 19.62192
979, 9.79000, 19.27120
980, 9.80000, 18.89782
981, 9.81000, 19.49355
982, 9.82000, 27.87886
983, 9.83000, 31.55499
984, 9.84000, 20.86772
985, 9.85000, 20.34095
986, 9.86000, 21.83609
987, 9.87000, 19.34507
988, 9.88000, 21.02058
989, 9.89000, 24.82255
990, 9.90000, 26.05385
991, 9.91000, 28.23212
992, 9.92000, 24.96808
993, 9.93000, 23.89410
994, 9.94000, 26.39773
995, 9.95000, 20.32209
996, 9.96000, 19.83122
997, 9.97000, 25.00449
998, 9.98000, 25.56347
999, 9.99000, 17.41051
1000, 10.00000, 16.78106
1001, 10.01000, 19.50184
1002, 10.02000, 28.87917
1003, 10.03000, 23.02070
1004, 10.04000, 25.30923
1005, 10.05000, 19.80296
1006, 10.06000, 20.65535
1007, 10.07000, 28.36253
1008, 10.08000, 23.40689
1009, 10.09000, 26.21575
1010, 10.10000, 22.53004
1011, 10.11000, 26.21434
1012, 10.12000, 22.83952
1013, 10.13000, 30.12595
1014, 10.14000, 31.32092
1015, 10.15000, 17.16423
1016, 10.16000, 18.08894
1017, 10.17000, 26.55707
1018, 10.18000, 25.86927
1019, 10.19000, 19.09984
1020, 10.20000, 19.69339
1021, 10.21000, 19.84128
1022, 10.22000, 22.83220
1023, 10.23000, 24.35205
1024, 10.24000, 29.06759
1025, 10.25000, 26.17801
1026, 10.26000, 25.30240
1027, 10.27000, 17.81186
1028, 10.28000, 16.98525
1029, 10.29000, 22.09051
1030, 10.30000, 20.88874
1031, 10.31000, 24.81009
1032, 10.32000, 17.70389
1033, 10.33000, 14.01408
1034, 10.34000, 19.24732
1035, 10.35000, 26.37222
1036, 10.36000, 28.84821
1037, 10.37000, 22.89671
1038, 10.38000, 20.41791
1039, 10.39000, 18.26277
1040, 10.40000, 21.37083
1041, 10.41000, 26.01778
1042, 10.42000, 25.76971
1043, 10.43000, 28.86292
1044, 10.44000, 22.30886
1045, 10.45000, 26.19226
1046, 10.46000, 20.97023
1047, 10.47000, 18.46945
1048, 10.48000, 14.83718
1049, 10.49000, 20.75811
1050, 10.50000, 23.69469
1051, 10.51000, 26.11619
1052, 10.52000, 20.07211
1053, 10.53000, 24.56660
1054, 10.54000, 27.37190
1055, 10.55000, 20.92135
1056, 10.56000, 29.62053
1057, 10.57000, 27.88470
1058, 10.58000, 19.32107
1059, 10.59000, 21.29866
1060, 10.60000, 21.75636
1061, 10.61000, 18.57617
1062, 10.62000, 17.64613
1063, 10.63000, 15.92736
1064, 10.64000, 19.26760
1065, 10.65000, 24.02578
1066, 10.66000, 20.13426
1067, 10.67000, 25.48485
1068, 10.68000, 17.69751
1069, 10.69000, 18.20876
1070, 10.70000, 15.88101
1071, 10.71000, 17.89291
1072, 10.72000, 15.97522
1073, 10.73000, 21.86696
1074, 10.74000, 31.27371
1075, 10.75000, 28.56164
1076, 10.76000, 28.87719
1077, 10.77000, 24.72479
1078, 10.78000, 17.76397
1079, 10.79000, 12.52289
1080, 10.80000, 20.46229
1081, 10.81000, 17.78718
1082, 10.82000, 21.16315
1083, 10.83000, 21.61837
1084, 10.84000, 28.08326
1085, 10.85000, 29.33867
1086, 10.86000, 19.52339
1087, 10.87000, 14.33764
1088, 10.88000, 22.95780
1089, 10.89000, 28.06731
1090, 10.90000, 25.62147
1091, 10.91000, 25.76187
1092, 10.92000, 24.08284
1093, 10.93000, 16.90277
1094, 10.94000, 19.91629
1095, 10.95000, 20.97112
1096, 10.96000, 18.14365
1097, 10.97000, 20.93402
1098, 10.98000, 21.96630
1099, 10.99000, 15.19206
1100, 11.00000, 17.81724
1101, 11.01000, 25.07653
1102, 11.02000, 24.34860
1103, 11.03000, 28.15727
1104, 11.04000, 27.19488
1105, 11.05000, 26.32099
1106, 11.06000, 26.20296
1107, 11.07000, 23.46457
1108, 11.08000, 16.70474
1109, 11.09000, 15.74550
1110, 11.10000, 16.52851
1111, 11.11000, 28.00238
1112, 11.12000, 25.48142
1113, 11.13000, 16.78609
1114, 11.14000, 22.82481
1115, 11.15000, 24.42141
1116, 11.16000, 19.89563
1117, 11.17000, 25.02395
1118, 11.18000, 25.91932
1119, 11.19000, 27.98991
1120, 11.20000, 27.03160
1121, 11.21000, 24.09821
1122, 11.22000, 26.02065
1123, 11.23000, 24.33700
1124, 11.24000, 23.56247
1125, 11.25000, 14.84126
1126, 11.26000, 21.09522
1127, 11.27000, 17.11403
1128, 11.28000, 19.49502
1129, 11.29000, 21.69503
1130, 11.30000, 21.59705
1131, 11.31000, 25.55361
1132, 11.32000, 29.33558
1133, 11.33000, 27.67986
1134, 11.34000, 29.71990
1135, 11.35000, 25.40370
1136, 11.36000, 26.03102
1137, 11.37000, 22.68923
1138, 11.38000, 14.36235
1139, 11.39000, 20.47324
1140, 11.40000, 18.16284
1141, 11.41000, 21.94834
1142, 11.42000, 22.53116
1143, 11.43000, 21.22680
1144, 11.44000, 25.42483
1145, 11.45000, 25.13016
1146, 11.46000, 19.32979
1147, 11.47000, 19.67607
1148, 11.48000, 26.40713
1149, 11.49000, 23.77437
1150, 11.50000, 23.04770
1151, 11.51000, 24.73986
1152, 11.52000, 19.22680
1153, 11.53000, 13.70635
1154, 11.54000, 20.06175
1155, 11.55000, 24.11517
1156, 11.56000, 21.80787
1157, 11.57000, 24.52077
1158, 11.58000, 19.72032
1159, 11.59000, 25.90136
1160, 11.60000, 25.10837
1161, 11.61000, 19.93335
1162, 11.62000, 20.66986
1163, 11.63000, 20.00547
1164, 11.64000, 28.23723
1165, 11.65000, 24.40140
1166, 11.66000, 24.64731
1167, 11.67000, 21.45947
1168, 11.68000, 24.18365
1169, 11.69000, 22.24108
1170, 11.70000, 28.31797
1171, 11.71000, 24.00378
1172, 11.72000, 20.73294
1173, 11.73000, 17.82826
1174, 11.74000, 24.61379
1175, 11.75000, 22.56404
1176, 11.76000, 25.09365
1177, 11.77000, 21.81986
1178, 11.78000, 21.02626
1179, 11.79000, 27.32251
1180, 11.80000, 29.16738
1181, 11.81000, 19.87577
1182, 11.82000, 29.55371
1183, 11.83000, 27.07285
1184, 11.84000, 22.88302
1185, 11.85000, 24.54358
1186, 11.86000, 20.45817
1187, 11.87000, 15.65286
1188, 11.88000, 13.80753
1189, 11.89000, 12.74616
1190, 11.90000, 13.03318
1191, 11.91000, 17.08294
1192, 11.92000, 23.67686
1193, 11.93000, 26.63460
1194, 11.94000, 26.79711
1195, 11.95000, 20.35780
1196, 11.96000, 24.38940
1197, 11.97000, 20.76770
1198, 11.98000, 17.74622
1199, 11.99000, 26.46752
1200, 12.00000, 28.08097
1201, 12.01000, 21.34531
1202, 12.02000, 28.80434
1203, 12.03000, 18.53641
1204, 12.04000, 18.40662
1205, 12.05000, 25.82355
1206, 12.06000, 25.33947
1207, 12.07000, 30.13082
1208, 12.08000, 24.59477
1209, 12.09000, 23.88965
1210, 12.10000, 17.24900
1211, 12.11000, 15.93492
1212, 12.12000, 17.55096
1213, 12.13000, 16.36927
1214, 12.14000, 19.64170
1215, 12.15000, 20.85393
1216, 12.16000, 28.68784
1217, 12.17000, 28.93872
1218, 12.18000, 19.32950
1219, 12.19000, 13.56355
1220, 12.20000, 21.61805
1221, 12.21000, 23.58187
1222, 12.22000, 15.56712
1223, 12.23000, 24.14093
1224, 12.24000, 24.31627
1225, 12.25000, 24.65084
1226, 12.26000, 27.83118
1227, 12.27000, 30.50321
1228, 12.28000, 21.56346
1229, 12.29000, 18.79663
1230, 12.30000, 24.55177
1231, 12.31000, 33.57134
1232, 12.32000, 20.64714
1233, 12.33000, 23.23748
1234, 12.34000, 19.59809
1235, 12.35000, 24.80733
1236, 12.36000, 21.76770
1237, 12.37000, 23.85570
1238, 12.38000, 26.50508
1239, 12.39000, 23.52058
1240, 12.40000, 25.10660
1241, 12.41000, 26.55655
1242, 12.42000, 30.03435
1243, 12.43000, 28.28870
1244, 12.44000, 26.02949
1245, 12.45000, 21.15961
1246, 12.46000, 14.27926
1247, 12.47000, 16.21729
1248, 12.48000, 24.74517
1249, 12.49000, 24.94311
1250, 12.50000, 19.38698
1251, 12.51000, 17.71457
1252, 12.52000, 19.72056
1253, 12.53000, 15.41872
1254, 12.54000, 19.62851
1255, 12.55000, 23.39197
1256, 12.56000, 23.73278
1257, 12.57000, 26.61543
1258, 12.58000, 26.23996
1259, 12.59000, 21.86583
1260, 12.60000, 24.06717
1261, 12.61000, 27.83140
1262, 12.62000, 31.62553
1263, 12.63000, 31.29606
1264, 12.64000, 24.21251
1265, 12.65000, 26.12554
1266, 12.66000, 20.36032
1267, 12.67000, 20.39578
1268, 12.68000, 21.80262
1269, 12.69000, 17.90467
1270, 12.70000, 22.10729
1271, 12.71000, 26.45049
1272, 12.72000, 29.14822
1273, 12.73000, 31.80406
1274, 12.74000, 28.89719
1275, 12.75000, 25.73984
1276, 12.76000, 24.88542
1277, 12.77000, 29.41649
1278, 12.78000, 25.70331
1279, 12.79000, 19.75598
1280, 12.80000, 19.61383
1281, 12.81000, 15.45628
1282, 12.82000, 13.25489
1283, 12.83000, 16.99824
1284, 12.84000, 21.16076
1285, 12.85000, 25.01668
1286, 12.86000, 20.21229
1287, 12.87000, 23.38885
1288, 12.88000, 26.00371
1289, 12.89000, 26.22046
1290, 12.90000, 20.91555
1291, 12.91000, 26.60769
1292, 12.92000, 24.11045
1293, 12.93000, 30.12201
1294, 12.94000, 28.36658
1295, 12.95000, 11.79229
1296, 12.96000, 18.68931
1297, 12.97000, 14.20181
1298, 12.98000, 11.29271
1299, 12.99000, 18.28938
1300, 13.00000, 21.62651
1301, 13.01000, 23.58024
1302, 13.02000, 19.72300
1303, 13.03000, 25.15678
1304, 13.04000, 26.38713
1305, 13.05000, 20.69320
1306, 13.06000, 22.03815
1307, 13.07000, 27.08409
1308, 13.08000, 27.94718
1309, 13.09000, 22.26866
1310, 13.10000, 23.27135
1311, 13.11000, 26.83059
1312, 13.12000, 18.22565
1313, 13.13000, 18.53840
1314, 13.14000, 23.22952
1315, 13.15000, 24.19571
1316, 13.16000, 17.19780
1317, 13.17000, 23.50341
1318, 13.18000, 19.44024
1319, 13.19000, 23.32876
1320, 13.20000, 25.29235
1321, 13.21000, 21.25316
1322, 13.22000, 25.97662
1323, 13.23000, 25.21913
1324, 13.24000, 25.17526
1325, 13.25000, 31.92493
1326, 13.26000, 24.51030
1327, 13.27000, 15.85233
1328, 13.28000, 20.66132
1329, 13.29000, 16.57657
1330, 13.30000, 16.59055
1331, 13.31000, 24.40703
1332, 13.32000, 25.27365
1333, 13.33000, 26.66814
1334, 13.34000, 27.72046
1335, 13.35000, 28.23681
1336, 13.36000, 26.30652
1337, 13.37000, 27.63203
1338, 13.38000, 24.12793
1339, 13.39000, 27.01318
1340, 13.40000, 27.91597
1341, 13.41000, 29.33975
1342, 13.42000, 28.61044
1343, 13.43000, 29.48194
1344, 13.44000, 19.41071
1345, 13.45000, 23.89070
1346, 13.46000, 20.53388
1347, 13.47000, 22.68281
1348, 13.48000, 29.35044
1349, 13.49000, 29.96049
1350, 13.50000, 26.32413
1351, 13.51000, 26.11937
1352, 13.52000, 31.64267
1353, 13.53000, 24.22692
1354, 13.54000, 25.21042
1355, 13.55000, 30.02024
1356, 13.56000, 23.86040
1357, 13.57000, 22.64266
1358, 13.58000, 28.64004
1359, 13.59000, 29.01871
1360, 13.60000, 24.65266
1361, 13.61000, 17.51501
1362, 13.62000, 26.90407
1363, 13.63000, 24.63221
1364, 13.64000, 24.07753
1365, 13.65000, 24.69596
1366, 13.66000, 19.84987
1367, 13.67000, 19.80292
1368, 13.68000, 17.01459
1369, 13.69000, 19.85866
1370, 13.70000, 20.10009
1371, 13.71000, 22.14025
1372, 13.72000, 25.84958
1373, 13.73000, 19.92235
1374, 13.74000, 25.40149
1375, 13.75000, 22.86061
1376, 13.76000, 19.07590
1377, 13.77000, 26.16512
1378, 13.78000, 19.03633
1379, 13.79000, 30.74385
1380, 13.80000, 26.27552
1381, 13.81000, 23.93656
1382, 13.82000, 22.51122
1383, 13.83000, 29.73082
1384, 13.84000, 23.92800
1385, 13.85000, 20.46694
1386, 13.86000, 20.44125
1387, 13.87000, 24.13736
1388, 13.88000, 22.71262
1389, 13.89000, 14.13822
1390, 13.90000, 24.05899
1391, 13.91000, 20.96996
1392, 13.92000, 21.51875
1393, 13.93000, 26.97764
1394, 13.94000, 25.59284
1395, 13.95000, 29.01299
1396, 13.96000, 30.11863
1397, 13.97000, 24.60972
1398, 13.98000, 18.24015
1399, 13.99000, 19.42337
1400, 14.00000, 20.64603
1401, 14.01000, 19.46493
1402, 14.02000, 19.44355
1403, 14.03000, 24.15827
1404, 14.04000, 27.17020
1405, 14.05000, 24.79295
1406, 14.06000, 20.25388
1407, 14.07000, 14.36792
1408, 14.08000, 12.18494
1409, 14.09000, 19.09157
1410, 14.10000, 21.22846
1411, 14.11000, 24.47962
1412, 14.12000, 23.67455
1413, 14.13000, 20.35683
1414, 14.14000, 27.62420
1415, 14.15000, 18.63606
1416, 14.16000, 16.86513
1417, 14.17000, 16.36471
1418, 14.18000, 20.92008
1419, 14.19000, 28.52691
1420, 14.20000, 29.57543
1421, 14.21000, 25.31640
1422, 14.22000, 21.19335
1423, 14.23000, 23.04747
1424, 14.24000, 19.49433
1425, 14.25000, 24.68459
1426, 14.26000, 19.72973
1427, 14.27000, 23.71005
1428, 14.28000, 25.58211
1429, 14.29000, 21.35312
1430, 14.30000, 23.15938
1431, 14.31000, 28.39825
1432, 14.32000, 24.86655
1433, 14.33000, 24.56116
1434, 14.34000, 26.76742
1435, 14.35000, 27.27318
1436, 14.36000, 20.57162
1437, 14.37000, 20.52973
1438, 14.38000, 12.02665
1439, 14.39000, 11.46533
1440, 14.40000, 15.65820
1441, 14.41000, 12.12954
1442, 14.42000, 20.18957
1443, 14.43000, 17.69197
1444, 14.44000, 15.59454
1445, 14.45000, 19.44393
1446, 14.46000, 22.00825
1447, 14.47000, 24.21427
1448, 14.48000, 24.17387
1449, 14.49000, 26.42290
1450, 14.50000, 25.73033
1451, 14.51000, 28.30651
1452, 14.52000, 27.42017
1453, 14.53000, 24.82319
1454, 14.54000, 19.72011
1455, 14.55000, 16.61371
1456, 14.56000, 20.12077
1457, 14.57000, 29.65005
1458, 14.58000, 29.92942
1459, 14.59000, 20.78651
1460, 14.60000, 21.79941
1461, 14.61000, 18.24309
1462, 14.62000, 16.10604
1463, 14.63000, 15.67874
1464, 14.64000, 15.44098
1465, 14.65000, 22.16216
1466, 14.66000, 28.45779
1467, 14.67000, 26.37156
1468, 14.68000, 28.29235
1469, 14.69000, 21.58212
1470, 14.70000, 18.32557
1471, 14.71000, 23.74277
1472, 14.72000, 16.38444
1473, 14.73000, 17.56369
1474, 14.74000, 18.30071
1475, 14.75000, 21.31748
1476, 14.76000, 19.11117
1477, 14.77000, 21.87228
1478, 14.78000, 23.77115
1479, 14.79000, 21.90940
1480, 14.80000, 25.30211
1481, 14.81000, 24.64940
1482, 14.82000, 23.80271
1483, 14.83000, 13.44173
1484, 14.84000, 24.10635
1485, 14.85000, 18.74423
1486, 14.86000, 17.84374
1487, 14.87000, 20.57322
1488, 14.88000, 18.07577
1489, 14.89000, 19.98205
1490, 14.90000, 21.36502
1491, 14.91000, 23.24032
1492, 14.92000, 20.33243
1493, 14.93000, 14.02439
1494, 14.94000, 27.65776
1495, 14.95000, 29.81541
1496, 14.96000, 29.69063
1497, 14.97000, 27.16068
1498, 14.98000, 26.61177
1499, 14.99000, 23.93614
1500, 15.00000, 19.07566
1501, 15.01000, 19.96101
1502, 15.02000, 16.93127
1503, 15.03000, 26.52994
1504, 15.04000, 34.27340
1505, 15.05000, 36.36418
1506, 15.06000, 19.42528
1507, 15.07000, 18.26799
1508, 15.08000, 19.36966
1509, 15.09000, 21.80283
1510, 15.10000, 21.36191
1511, 15.11000, 25.32191
1512, 15.12000, 22.43863
1513, 15.13000, 25.62705
1514, 15.14000, 26.71401
1515, 15.15000, 18.43352
1516, 15.16000, 17.93844
1517, 15.17000, 22.57365
1518, 15.18000, 16.83320
1519, 15.19000, 25.09034
1520, 15.20000, 23.11610
1521, 15.21000, 18.79898
1522, 15.22000, 23.85322
1523, 15.23000, 21.66439
1524, 15.24000, 23.91227
1525, 15.25000, 23.54012
1526, 15.26000, 30.88195
1527, 15.27000, 25.82705
1528, 15.28000, 28.65486
1529, 15.29000, 24.89565
1530, 15.30000, 20.01107
1531, 15.31000, 26.61940
1532, 15.32000, 11.71306
1533, 15.33000, 14.68621
1534, 15.34000, 18.19371
1535, 15.35000, 19.33829
1536, 15.36000, 21.22282
1537, 15.37000, 24.78346
1538, 15.38000, 28.36940
1539, 15.39000, 22.92606
1540, 15.40000, 24.19078
1541, 15.41000, 23.62702
1542, 15.42000, 19.78142
1543, 15.43000, 20.14349
1544, 15.44000, 26.89690
1545, 15.45000, 25.59466
1546, 15.46000, 24.47418
1547, 15.47000, 24.10983
1548, 15.48000, 17.06584
1549, 15.49000, 14.62119
1550, 15.50000, 22.22488
1551, 15.51000, 20.50568
1552, 15.52000, 21.21950
1553, 15.53000, 21.40161
1554, 15.54000, 20.21869
1555, 15.55000, 22.91431
1556, 15.56000, 24.64460
1557, 15.57000, 20.71483
1558, 15.58000, 23.11102
1559, 15.59000, 22.52339
1560, 15.60000, 23.28307
1561, 15.61000, 28.50619
1562, 15.62000, 26.40577
1563, 15.63000, 19.61504
1564, 15.64000, 26.95488
1565, 15.65000, 25.27982
1566, 15.66000, 24.12153
1567, 15.67000, 30.25968
1568, 15.68000, 26.84366
1569, 15.69000, 20.56593
1570, 15.70000, 23.24694
1571, 15.71000, 22.91735
1572, 15.72000, 27.93676
1573, 15.73000, 19.48913
1574, 15.74000, 21.41414
1575, 15.75000, 24.53686
1576, 15.76000, 23.23917
1577, 15.77000, 21.99371
1578, 15.78000, 20.60785
1579, 15.79000, 21.47030
1580, 15.80000, 19.06074
1581, 15.81000, 13.67775
1582, 15.82000, 17.87697
1583, 15.83000, 20.62104
1584, 15.84000, 23.51335
1585, 15.85000, 24.12340
1586, 15.86000, 22.21101
1587, 15.87000, 27.43602
1588, 15.88000, 28.24536
1589, 15.89000, 21.52562
1590, 15.90000, 24.96959
1591, 15.91000, 28.94644
1592, 15.92000, 24.30919
1593, 15.93000, 24.94908
1594, 15.94000, 15.18562
1595, 15.95000, 18.01628
1596, 15.96000, 23.50684
1597, 15.97000, 21.22967
1598, 15.98000, 25.68492
1599, 15.99000, 22.84099
1600, 16.00000, 26.60665
1601, 16.01000, 23.34038
1602, 16.02000, 26.03849
1603, 16.03000, 25.42520
1604, 16.04000, 27.77415
1605, 16.05000, 26.23313
1606, 16.06000, 26.52489
1607, 16.07000, 24.05285
1608, 16.08000, 23.89303
1609, 16.09000, 15.45468
1610, 16.10000, 19.20267
1611, 16.11000, 21.75716
1612, 16.12000, 20.53473
1613, 16.13000, 23.04311
1614, 16.14000, 22.70892
1615, 16.15000, 27.60809
1616, 16.16000, 21.73918
1617, 16.17000, 25.32361
1618, 16.18000, 25.45927
1619, 16.19000, 24.12186
1620, 16.20000, 23.86712
1621, 16.21000, 28.57051
1622, 16.22000, 25.21577
1623, 16.23000, 27.24580
1624, 16.24000, 27.02190
1625, 16.25000, 24.89349
1626, 16.26000, 21.85110
1627, 16.27000, 24.91482
1628, 16.28000, 19.55035
1629, 16.29000, 18.28725
1630, 16.30000, 24.24621
1631, 16.31000, 25.44657
1632, 16.32000, 24.07330
1633, 16.33000, 26.33654
1634, 16.34000, 25.74772
1635, 16.35000, 20.95331
1636, 16.36000, 21.69259
1637, 16.37000, 25.94884
1638, 16.38000, 24.84758
1639, 16.39000, 23.53178
1640, 16.40000, 26.79553
1641, 16.41000, 23.82559
1642, 16.42000, 19.05439
1643, 16.43000, 21.43430
1644, 16.44000, 24.93492
1645, 16.45000, 26.33967
1646, 16.46000, 25.01645
1647, 16.47000, 27.95119
1648, 16.48000, 26.70254
1649, 16.49000, 31.45586
1650, 16.50000, 26.06969
1651, 16.51000, 20.61596
1652, 16.52000, 16.84135
1653, 16.53000, 23.51996
1654, 16.54000, 22.76354
1655, 16.55000, 17.85880
1656, 16.56000, 15.17244
1657, 16.57000, 13.87534
1658, 16.58000, 21.73390
1659, 16.59000, 17.07084
1660, 16.60000, 19.91760
1661, 16.61000, 20.30691
1662, 16.62000, 15.98959
1663, 16.63000, 20.00832
1664, 16.64000, 19.19386
1665, 16.65000, 19.22111
1666, 16.66000, 19.41851
1667, 16.67000, 19.12313
1668, 16.68000, 24.71479
1669, 16.69000, 26.51508
1670, 16.70000, 22.60115
1671, 16.71000, 17.36198
1672, 16.72000, 25.00141
1673, 16.73000, 14.47749
1674, 16.74000, 15.14952
1675, 16.75000, 15.99965
1676, 16.76000, 26.81005
1677, 16.77000, 24.86166
1678, 16.78000, 21.51387
1679, 16.79000, 29.22231
1680, 16.80000, 25.15655
1681, 16.81000, 22.66107
1682, 16.82000, 21.10801
1683, 16.83000, 27.27952
1684, 16.84000, 25.20887
1685, 16.85000, 24.70878
1686, 16.86000, 19.04435
1687, 16.87000, 22.76107
1688, 16.88000, 15.34718
1689, 16.89000, 15.57501
1690, 16.90000, 15.19992
1691, 16.91000, 16.27587
1692, 16.92000, 20.89469
1693, 16.93000, 24.17776
1694, 16.94000, 24.50325
1695, 16.95000, 29.19628
1696, 16.96000, 27.31937
1697, 16.97000, 22.91993
1698, 16.98000, 17.09704
1699, 16.99000, 18.17842
1700, 17.00000, 24.84106
1701, 17.01000, 25.63212
1702, 17.02000, 27.02413
1703, 17.03000, 24.26588
1704, 17.04000, 27.59897
1705, 17.05000, 17.33887
1706, 17.06000, 16.99197
1707, 17.07000, 21.39823
1708, 17.08000, 23.57873
1709, 17.09000, 23.93432
1710, 17.10000, 27.59029
1711, 17.11000, 21.61075
1712, 17.12000, 19.26436
1713, 17.13000, 21.34638
1714, 17.14000, 22.81591
1715, 17.15000, 18.83902
1716, 17.16000, 16.15945
1717, 17.17000, 22.21254
1718, 17.18000, 18.03324
1719, 17.19000, 16.68122
1720, 17.20000, 14.56111
1721, 17.21000, 15.62810
1722, 17.22000, 18.51523
1723, 17.23000, 19.01863
1724, 17.24000, 25.78650
1725, 17.25000, 24.24502
1726, 17.26000, 20.68177
1727, 17.27000, 22.53577
1728, 17.28000, 19.17665
1729, 17.29000, 18.50746
1730, 17.30000, 20.83921
1731, 17.31000, 22.57440
1732, 17.32000, 24.40084
1733, 17.33000, 31.57401
1734, 17.34000, 32.68916
1735, 17.35000, 27.42698
1736, 17.36000, 18.13813
1737, 17.37000, 17.77593
1738, 17.38000, 22.24297
1739, 17.39000, 26.39107
1740, 17.40000, 22.24507
1741, 17.41000, 26.61429
1742, 17.42000, 17.49699
1743, 17.43000, 19.21439
1744, 17.44000, 26.82306
1745, 17.45000, 20.13383
1746, 17.46000, 28.07068
1747, 17.47000, 27.91096
1748, 17.48000, 19.05690
1749, 17.49000, 22.49965
1750, 17.50000, 22.21430
1751, 17.51000, 16.99585
1752, 17.52000, 17.31726
1753, 17.53000, 23.12529
1754, 17.54000, 20.41827
1755, 17.55000, 24.95181
1756, 17.56000, 20.42533
1757, 17.57000, 20.47325
1758, 17.58000, 19.08021
1759, 17.59000, 20.70823
1760, 17.60000, 24.87458
1761, 17.61000, 27.66543
1762, 17.62000, 21.76469
1763, 17.63000, 25.38420
1764, 17.64000, 26.91059
1765, 17.65000, 19.68390
1766, 17.66000, 24.86457
1767, 17.67000, 23.75725
1768, 17.68000, 22.99544
1769, 17.69000, 19.74465
1770, 17.70000, 28.31809
1771, 17.71000, 32.50808
1772, 17.72000, 24.85380
1773, 17.73000, 26.88018
1774, 17.74000, 20.78600
1775, 17.75000, 23.27980
1776, 17.76000, 21.76270
1777, 17.77000, 24.43385
1778, 17.78000, 25.92523
1779, 17.79000, 25.12136
1780, 17.80000, 27.76740
1781, 17.81000, 23.20182
1782, 17.82000, 21.16300
1783, 17.83000, 16.45764
1784, 17.84000, 17.07691
1785, 17.85000, 19.18284
1786, 17.86000, 26.17298
1787, 17.87000, 28.17875
1788, 17.88000, 24.15404
1789, 17.89000, 20.08593
1790, 17.90000, 29.03178
1791, 17.91000, 23.60034
1792, 17.92000, 17.72566
1793, 17.93000, 19.17734
1794, 17.94000, 17.24430
1795, 17.95000, 14.10302
1796, 17.96000, 16.54614
1797, 17.97000, 22.88349
1798, 17.98000, 21.97759
1799, 17.99000, 15.37288
1800, 18.00000, 15.02235
1801, 18.01000, 22.51560
1802, 18.02000, 25.62817
1803, 18.03000, 26.85446
1804, 18.04000, 28.15681
1805, 18.05000, 24.09874
1806, 18.06000, 25.25610
1807, 18.07000, 23.46362
1808, 18.08000, 23.19274
1809, 18.09000, 20.87290
1810, 18.10000, 20.72648
1811, 18.11000, 21.90206
1812, 18.12000, 19.59777
1813, 18.13000, 25.16221
1814, 18.14000, 19.57066
1815, 18.15000, 20.25133
1816, 18.16000, 21.96761
1817, 18.17000, 18.67637
1818, 18.18000, 27.59165
1819, 18.19000, 30.91073
1820, 18.20000, 28.39056
1821, 18.21000, 21.45054
1822, 18.22000, 22.87418
1823, 18.23000, 20.02982
1824, 18.24000, 15.85699
1825, 18.25000, 17.16131
1826, 18.26000, 20.90488
1827, 18.27000, 23.23356
1828, 18.28000, 27.65582
1829, 18.29000, 28.96880
1830, 18.30000, 19.92317
1831, 18.31000, 17.05533
1832, 18.32000, 23.29605
1833, 18.33000, 25.00274
1834, 18.34000, 30.07766
1835, 18.35000, 14.42046
1836, 18.36000, 14.50161
1837, 18.37000, 25.29065
1838, 18.38000, 23.44183
1839, 18.39000, 19.07768
1840, 18.40000, 17.26915
1841, 18.41000, 25.15914
1842, 18.42000, 26.21158
1843, 18.43000, 29.60394
1844, 18.44000, 25.40762
1845, 18.45000, 17.84316
1846, 18.46000, 19.14739
1847, 18.47000, 19.92055
1848, 18.48000, 20.77395
1849, 18.49000, 20.17939
1850, 18.50000, 24.67656
1851, 18.51000, 25.02620
1852, 18.52000, 26.60377
1853, 18.53000, 26.93721
1854, 18.54000, 20.44744
1855, 18.55000, 26.97784
1856, 18.56000, 27.61907
1857, 18.57000, 16.46558
1858, 18.58000, 18.06808
1859, 18.59000, 13.17162
1860, 18.60000, 20.47472
1861, 18.61000, 22.77471
1862, 18.62000, 17.21007
1863, 18.63000, 17.29028
1864, 18.64000, 19.26250
1865, 18.65000, 21.62031
1866, 18.66000, 27.08631
1867, 18.67000, 22.90212
1868, 18.68000, 20.66347
1869, 18.69000, 25.66190
1870, 18.70000, 21.88719
1871, 18.71000, 20.18309
1872, 18.72000, 25.20687
1873, 18.73000, 23.08609
1874, 18.74000, 26.49830
1875, 18.75000, 25.09636
1876, 18.76000, 27.22968
1877, 18.77000, 19.22367
1878, 18.78000, 14.65636
1879, 18.79000, 19.85484
1880, 18.80000, 22.70668
1881, 18.81000, 18.32350
1882, 18.82000, 22.29127
1883, 18.83000, 21.51108
1884, 18.84000, 22.19010
1885, 18.85000, 22.22634
1886, 18.86000, 25.82179
1887, 18.87000, 22.72125
1888, 18.88000, 19.71392
1889, 18.89000, 22.32342
1890, 18.90000, 25.46010
1891, 18.91000, 26.23086
1892, 18.92000, 28.13028
1893, 18.93000, 17.91981
1894, 18.94000, 22.05418
1895, 18.95000, 26.80401
1896, 18.96000, 26.32418
1897, 18.97000, 27.33992
1898, 18.98000, 23.09025
1899, 18.99000, 20.33188
1900, 19.00000, 18.09249
1901, 19.01000, 16.66733
1902, 19.02000, 16.20832
1903, 19.03000, 21.07021
1904, 19.04000, 23.95809
1905, 19.05000, 28.73783
1906, 19.06000, 27.52832
1907, 19.07000, 25.71695
1908, 19.08000, 15.64691
1909, 19.09000, 14.93510
1910, 19.10000, 16.47740
1911, 19.11000, 13.02129
1912, 19.12000, 18.02921
1913, 19.13000, 19.84145
1914, 19.14000, 21.69901
1915, 19.15000, 15.72099
1916, 19.16000, 21.68349
1917, 19.17000, 23.42230
1918, 19.18000, 17.28975
1919, 19.19000, 21.91873
1920, 19.20000, 25.39684
1921, 19.21000, 25.07878
1922, 19.22000, 16.16927
1923, 19.23000, 23.12251
1924, 19.24000, 17.58565
1925, 19.25000, 13.13715
1926, 19.26000, 20.66983
1927, 19.27000, 22.19129
1928, 19.28000, 23.56539
1929, 19.29000, 21.16852
1930, 19.30000, 18.88677
1931, 19.31000, 20.27830
1932, 19.32000, 21.51225
1933, 19.33000, 20.78446
1934, 19.34000, 20.12329
1935, 19.35000, 20.62264
1936, 19.36000, 22.92477
1937, 19.37000, 24.21114
1938, 19.38000, 20.09234
1939, 19.39000, 14.87859
1940, 19.40000, 14.72850
1941, 19.41000, 18.11071
1942, 19.42000, 20.01694
1943, 19.43000, 18.22799
1944, 19.44000, 23.17704
1945, 19.45000, 23.33882
1946, 19.46000, 21.22708
1947, 19.47000, 18.92009
1948, 19.48000, 20.13347
1949, 19.49000, 22.39335
1950, 19.50000, 26.65751
1951, 19.51000, 20.26163
1952, 19.52000, 24.28042
1953, 19.53000, 16.51325
1954, 19.54000, 20.49888
1955, 19.55000, 17.89757
1956, 19.56000, 21.23104
1957, 19.57000, 15.83788
1958, 19.58000, 20.77393
1959, 19.59000, 21.76060
1960, 19.60000, 24.91060
1961, 19.61000, 23.28262
1962, 19.62000, 20.38101
1963, 19.63000, 20.78376
1964, 19.64000, 23.00848
1965, 19.65000, 21.74679
1966, 19.66000, 16.10192
1967, 19.67000, 21.90776
1968, 19.68000, 20.67260
1969, 19.69000, 22.71759
1970, 19.70000, 26.59484
1971, 19.71000, 20.56040
1972, 19.72000, 17.12805
1973, 19.73000, 13.81046
1974, 19.74000, 17.29554
1975, 19.75000, 20.88232
1976, 19.76000, 26.23497
1977, 19.77000, 23.54452
1978, 19.78000, 20.76827
1979, 19.79000, 23.00089
1980, 19.80000, 24.00206
1981, 19.81000, 27.43611
1982, 19.82000, 17.61058
1983, 19.83000, 17.77667
1984, 19.84000, 20.57825
1985, 19.85000, 22.35000
1986, 19.86000, 22.39464
1987, 19.87000, 13.94274
1988, 19.88000, 13.58463
1989, 19.89000, 18.02728
1990, 19.90000, 25.82044
1991, 19.91000, 24.93310
1992, 19.92000, 23.89907
1993, 19.93000, 23.91137
1994, 19.94000, 22.61473
1995, 19.95000, 18.75559
1996, 19.96000, 20.20273
1997, 19.97000, 21.64173
1998, 19.98000, 22.74239
1999, 19.99000, 25.60135
2000, 20.00000, 26.34289
2001, 20.01000, 23.15245
