nt, t, solve_time
1, 0.01000, 84.30276
2, 0.02000, 51.68202
3, 0.03000, 48.85071
4, 0.04000, 51.93268
5, 0.05000, 43.53293
6, 0.06000, 37.30937
7, 0.07000, 31.28524
8, 0.08000, 42.72621
9, 0.09000, 28.98317
10, 0.10000, 38.74480
11, 0.11000, 33.98459
12, 0.12000, 34.97063
13, 0.13000, 28.28410
14, 0.14000, 21.24784
15, 0.15000, 29.46307
16, 0.16000, 51.51924
17, 0.17000, 45.49697
18, 0.18000, 27.95459
19, 0.19000, 30.89700
20, 0.20000, 43.23621
21, 0.21000, 41.73710
22, 0.22000, 16.06364
23, 0.23000, 24.40537
24, 0.24000, 33.37008
25, 0.25000, 41.94517
26, 0.26000, 28.68903
27, 0.27000, 27.53860
28, 0.28000, 28.19724
29, 0.29000, 31.70732
30, 0.30000, 31.77258
31, 0.31000, 29.39528
32, 0.32000, 28.58409
33, 0.33000, 41.23856
34, 0.34000, 35.31778
35, 0.35000, 22.88458
36, 0.36000, 27.57146
37, 0.37000, 25.48534
38, 0.38000, 43.17977
39, 0.39000, 22.75556
40, 0.40000, 27.80920
41, 0.41000, 27.51598
42, 0.42000, 27.78393
43, 0.43000, 25.86798
44, 0.44000, 34.06417
45, 0.45000, 29.98300
46, 0.46000, 35.37136
47, 0.47000, 11.87071
48, 0.48000, 15.89444
49, 0.49000, 19.14565
50, 0.50000, 16.49941
51, 0.51000, 24.10526
52, 0.52000, 27.08803
53, 0.53000, 14.81679
54, 0.54000, 20.00316
55, 0.55000, 12.51809
56, 0.56000, 28.88515
57, 0.57000, 19.28232
58, 0.58000, 21.19960
59, 0.59000, 22.92864
60, 0.60000, 17.74690
61, 0.61000, 22.54795
62, 0.62000, 24.80326
63, 0.63000, 24.97970
64, 0.64000, 16.26743
65, 0.65000, 16.28349
66, 0.66000, 24.65915
67, 0.67000, 27.13018
68, 0.68000, 24.36259
69, 0.69000, 21.67014
70, 0.70000, 21.60136
71, 0.71000, 16.21616
72, 0.72000, 25.64421
73, 0.73000, 17.07535
74, 0.74000, 20.95260
75, 0.75000, 15.68802
76, 0.76000, 20.12742
77, 0.77000, 19.37304
78, 0.78000, 17.40366
79, 0.79000, 19.30895
80, 0.80000, 21.49812
81, 0.81000, 24.20763
82, 0.82000, 16.17793
83, 0.83000, 27.08839
84, 0.84000, 23.72936
85, 0.85000, 14.91729
86, 0.86000, 20.71458
87, 0.87000, 14.03534
88, 0.88000, 12.44558
89, 0.89000, 24.44978
90, 0.90000, 17.45212
91, 0.91000, 14.46689
92, 0.92000, 19.75930
93, 0.93000, 27.32916
94, 0.94000, 21.12542
95, 0.95000, 23.69221
96, 0.96000, 34.34789
97, 0.97000, 21.04769
98, 0.98000, 25.44027
99, 0.99000, 15.18849
100, 1.00000, 19.28262
101, 1.01000, 24.91606
102, 1.02000, 30.10295
103, 1.03000, 24.68374
104, 1.04000, 30.53337
105, 1.05000, 28.26927
106, 1.06000, 24.76608
107, 1.07000, 24.98071
108, 1.08000, 28.11934
109, 1.09000, 28.48721
110, 1.10000, 22.51314
111, 1.11000, 41.11307
112, 1.12000, 29.56012
113, 1.13000, 21.99441
114, 1.14000, 30.04124
115, 1.15000, 24.02527
116, 1.16000, 39.62360
117, 1.17000, 35.36860
118, 1.18000, 30.83892
119, 1.19000, 33.68224
120, 1.20000, 23.96517
121, 1.21000, 31.72558
122, 1.22000, 26.35701
123, 1.23000, 20.09225
124, 1.24000, 19.44064
125, 1.25000, 19.34012
126, 1.26000, 30.55801
127, 1.27000, 36.46103
128, 1.28000, 25.04963
129, 1.29000, 33.20747
130, 1.30000, 31.58287
131, 1.31000, 23.68466
132, 1.32000, 23.02096
133, 1.33000, 30.71272
134, 1.34000, 27.87243
135, 1.35000, 31.62071
136, 1.36000, 33.18939
137, 1.37000, 33.01792
138, 1.38000, 27.60801
139, 1.39000, 25.62322
140, 1.40000, 15.97764
141, 1.41000, 20.48457
142, 1.42000, 20.40033
143, 1.43000, 20.69158
144, 1.44000, 18.05935
145, 1.45000, 37.31840
146, 1.46000, 19.71663
147, 1.47000, 26.83385
148, 1.48000, 30.11246
149, 1.49000, 32.33567
150, 1.50000, 34.67406
151, 1.51000, 27.97603
152, 1.52000, 18.60984
153, 1.53000, 31.57543
154, 1.54000, 36.35702
155, 1.55000, 27.92370
156, 1.56000, 29.84342
157, 1.57000, 26.63796
158, 1.58000, 33.91502
159, 1.59000, 43.00589
160, 1.60000, 44.66668
161, 1.61000, 32.52958
162, 1.62000, 29.06053
163, 1.63000, 35.21171
164, 1.64000, 36.32637
165, 1.65000, 46.91606
166, 1.66000, 38.10697
167, 1.67000, 47.14702
168, 1.68000, 47.94954
169, 1.69000, 37.65655
170, 1.70000, 34.28286
171, 1.71000, 33.34848
172, 1.72000, 28.87683
173, 1.73000, 23.14224
174, 1.74000, 35.94032
175, 1.75000, 38.00979
176, 1.76000, 36.74881
177, 1.77000, 27.38500
178, 1.78000, 28.90259
179, 1.79000, 23.80506
180, 1.80000, 29.69196
181, 1.81000, 33.25522
182, 1.82000, 27.98684
183, 1.83000, 19.59626
184, 1.84000, 36.63475
185, 1.85000, 38.20761
186, 1.86000, 25.01954
187, 1.87000, 22.42817
188, 1.88000, 31.56597
189, 1.89000, 26.73856
190, 1.90000, 27.21609
191, 1.91000, 33.03492
192, 1.92000, 28.88823
193, 1.93000, 30.35617
194, 1.94000, 30.82975
195, 1.95000, 22.03553
196, 1.96000, 25.66293
197, 1.97000, 25.25851
198, 1.98000, 33.53732
199, 1.99000, 35.11652
200, 2.00000, 30.28663
201, 2.01000, 37.21878
202, 2.02000, 28.72412
203, 2.03000, 31.94810
204, 2.04000, 34.82854
205, 2.05000, 29.23262
206, 2.06000, 31.93647
207, 2.07000, 29.97758
208, 2.08000, 28.08079
209, 2.09000, 27.11243
210, 2.10000, 28.20903
211, 2.11000, 30.39259
212, 2.12000, 35.34783
213, 2.13000, 39.25423
214, 2.14000, 30.51352
215, 2.15000, 25.69554
216, 2.16000, 35.06074
217, 2.17000, 29.39740
218, 2.18000, 28.19290
219, 2.19000, 24.76071
220, 2.20000, 25.85096
221, 2.21000, 26.28759
222, 2.22000, 31.83984
223, 2.23000, 38.79661
224, 2.24000, 35.14093
225, 2.25000, 26.28923
226, 2.26000, 40.27647
227, 2.27000, 35.15742
228, 2.28000, 31.33486
229, 2.29000, 26.23530
230, 2.30000, 30.01394
231, 2.31000, 29.41900
232, 2.32000, 28.39418
233, 2.33000, 26.78824
234, 2.34000, 30.17274
235, 2.35000, 26.85437
236, 2.36000, 26.34931
237, 2.37000, 30.08707
238, 2.38000, 22.69986
239, 2.39000, 30.08763
240, 2.40000, 26.80513
241, 2.41000, 25.06169
242, 2.42000, 34.96098
243, 2.43000, 30.47568
244, 2.44000, 33.05818
245, 2.45000, 41.68780
246, 2.46000, 27.20062
247, 2.47000, 22.59264
248, 2.48000, 20.83202
249, 2.49000, 25.21345
250, 2.50000, 23.10564
251, 2.51000, 24.93641
252, 2.52000, 23.82992
253, 2.53000, 21.91623
254, 2.54000, 22.29799
255, 2.55000, 20.80666
256, 2.56000, 21.23169
257, 2.57000, 24.43896
258, 2.58000, 30.02955
259, 2.59000, 30.21605
260, 2.60000, 20.67016
261, 2.61000, 22.41609
262, 2.62000, 24.77529
263, 2.63000, 24.46132
264, 2.64000, 27.08494
265, 2.65000, 27.63013
266, 2.66000, 34.16734
267, 2.67000, 27.86865
268, 2.68000, 30.55613
269, 2.69000, 26.89084
270, 2.70000, 24.67507
271, 2.71000, 25.60692
272, 2.72000, 28.17617
273, 2.73000, 31.98716
274, 2.74000, 22.53569
275, 2.75000, 23.38371
276, 2.76000, 26.46575
277, 2.77000, 26.83368
278, 2.78000, 22.94526
279, 2.79000, 24.08174
280, 2.80000, 25.28057
281, 2.81000, 23.46266
282, 2.82000, 19.99997
283, 2.83000, 26.73635
284, 2.84000, 28.96115
285, 2.85000, 28.50315
286, 2.86000, 19.79418
287, 2.87000, 18.27132
288, 2.88000, 21.56058
289, 2.89000, 20.01347
290, 2.90000, 20.19534
291, 2.91000, 21.93482
292, 2.92000, 25.70806
293, 2.93000, 20.54838
294, 2.94000, 26.65479
295, 2.95000, 28.80786
296, 2.96000, 32.78041
297, 2.97000, 32.29626
298, 2.98000, 28.00633
299, 2.99000, 25.84426
300, 3.00000, 24.72273
301, 3.01000, 24.46033
302, 3.02000, 26.86900
303, 3.03000, 26.07516
304, 3.04000, 24.65614
305, 3.05000, 27.00511
306, 3.06000, 22.17233
307, 3.07000, 29.38494
308, 3.08000, 26.38739
309, 3.09000, 24.55969
310, 3.10000, 19.69949
311, 3.11000, 19.54087
312, 3.12000, 20.21525
313, 3.13000, 22.31776
314, 3.14000, 17.67138
315, 3.15000, 20.59086
316, 3.16000, 23.14845
317, 3.17000, 21.92317
318, 3.18000, 20.27340
319, 3.19000, 25.30904
320, 3.20000, 26.11816
321, 3.21000, 26.72604
322, 3.22000, 33.27927
323, 3.23000, 30.08742
324, 3.24000, 21.28116
325, 3.25000, 22.30375
326, 3.26000, 19.96868
327, 3.27000, 23.72755
328, 3.28000, 24.12416
329, 3.29000, 23.52579
330, 3.30000, 33.16778
331, 3.31000, 29.59773
332, 3.32000, 24.01325
333, 3.33000, 27.44980
334, 3.34000, 25.06530
335, 3.35000, 24.78570
336, 3.36000, 28.61400
337, 3.37000, 32.52980
338, 3.38000, 27.20114
339, 3.39000, 31.74695
340, 3.40000, 28.15466
341, 3.41000, 21.88230
342, 3.42000, 19.76802
343, 3.43000, 20.78469
344, 3.44000, 24.34843
345, 3.45000, 22.18070
346, 3.46000, 28.08664
347, 3.47000, 25.75524
348, 3.48000, 34.43916
349, 3.49000, 25.31489
350, 3.50000, 23.05902
351, 3.51000, 20.46327
352, 3.52000, 22.25949
353, 3.53000, 24.22965
354, 3.54000, 24.50179
355, 3.55000, 19.92406
356, 3.56000, 23.56528
357, 3.57000, 19.66396
358, 3.58000, 17.41709
359, 3.59000, 18.84054
360, 3.60000, 26.81980
361, 3.61000, 25.54206
362, 3.62000, 26.25457
363, 3.63000, 21.62751
364, 3.64000, 21.36262
365, 3.65000, 27.52039
366, 3.66000, 24.10320
367, 3.67000, 21.92453
368, 3.68000, 22.18940
369, 3.69000, 24.13186
370, 3.70000, 25.79088
371, 3.71000, 23.00322
372, 3.72000, 28.94107
373, 3.73000, 28.70117
374, 3.74000, 26.78601
375, 3.75000, 28.40929
376, 3.76000, 26.81664
377, 3.77000, 31.94887
378, 3.78000, 33.13494
379, 3.79000, 26.40185
380, 3.80000, 17.05827
381, 3.81000, 34.16725
382, 3.82000, 25.18169
383, 3.83000, 34.24270
384, 3.84000, 30.62085
385, 3.85000, 22.69237
386, 3.86000, 18.02906
387, 3.87000, 21.33141
388, 3.88000, 23.85005
389, 3.89000, 26.96044
390, 3.90000, 26.49541
391, 3.91000, 23.44303
392, 3.92000, 21.22742
393, 3.93000, 24.01056
394, 3.94000, 30.39602
395, 3.95000, 23.72423
396, 3.96000, 27.39809
397, 3.97000, 23.52236
398, 3.98000, 20.73416
399, 3.99000, 21.44271
400, 4.00000, 35.93423
401, 4.01000, 25.31002
402, 4.02000, 26.29526
403, 4.03000, 23.77028
404, 4.04000, 28.31347
405, 4.05000, 29.35347
406, 4.06000, 23.32369
407, 4.07000, 19.22038
408, 4.08000, 25.67308
409, 4.09000, 18.34157
410, 4.10000, 30.13852
411, 4.11000, 19.82596
412, 4.12000, 22.39053
413, 4.13000, 18.62660
414, 4.14000, 23.82478
415, 4.15000, 24.11371
416, 4.16000, 25.95984
417, 4.17000, 23.90325
418, 4.18000, 21.60213
419, 4.19000, 19.99123
420, 4.20000, 26.48218
421, 4.21000, 24.90144
422, 4.22000, 28.95522
423, 4.23000, 29.87980
424, 4.24000, 21.02916
425, 4.25000, 18.30762
426, 4.26000, 21.36454
427, 4.27000, 20.50926
428, 4.28000, 25.09694
429, 4.29000, 31.21191
430, 4.30000, 28.88726
431, 4.31000, 28.32315
432, 4.32000, 28.27589
433, 4.33000, 22.15924
434, 4.34000, 23.80190
435, 4.35000, 26.88881
436, 4.36000, 27.20416
437, 4.37000, 19.85394
438, 4.38000, 23.99656
439, 4.39000, 28.60723
440, 4.40000, 21.12678
441, 4.41000, 26.48021
442, 4.42000, 27.97795
443, 4.43000, 26.50574
444, 4.44000, 27.46886
445, 4.45000, 26.25015
446, 4.46000, 27.41804
447, 4.47000, 22.20411
448, 4.48000, 30.31853
449, 4.49000, 25.75552
450, 4.50000, 28.38751
451, 4.51000, 26.00621
452, 4.52000, 28.18759
453, 4.53000, 25.29799
454, 4.54000, 27.85605
455, 4.55000, 26.46435
456, 4.56000, 22.30074
457, 4.57000, 20.96609
458, 4.58000, 19.58596
459, 4.59000, 26.87500
460, 4.60000, 25.20334
461, 4.61000, 23.35325
462, 4.62000, 22.06409
463, 4.63000, 21.90550
464, 4.64000, 23.24208
465, 4.65000, 20.09353
466, 4.66000, 27.32785
467, 4.67000, 24.70314
468, 4.68000, 25.79165
469, 4.69000, 25.82767
470, 4.70000, 22.83058
471, 4.71000, 25.72025
472, 4.72000, 26.77136
473, 4.73000, 22.98282
474, 4.74000, 31.15498
475, 4.75000, 26.18895
476, 4.76000, 30.78205
477, 4.77000, 26.44816
478, 4.78000, 29.32386
479, 4.79000, 29.66871
480, 4.80000, 21.66460
481, 4.81000, 22.95787
482, 4.82000, 25.31135
483, 4.83000, 22.48526
484, 4.84000, 24.29778
485, 4.85000, 25.94628
486, 4.86000, 24.00864
487, 4.87000, 20.42827
488, 4.88000, 21.15899
489, 4.89000, 25.82614
490, 4.90000, 24.50571
491, 4.91000, 24.32651
492, 4.92000, 21.23051
493, 4.93000, 22.71614
494, 4.94000, 21.06559
495, 4.95000, 22.62636
496, 4.96000, 24.92158
497, 4.97000, 29.13033
498, 4.98000, 27.23875
499, 4.99000, 22.14233
500, 5.00000, 21.81448
501, 5.01000, 22.33580
502, 5.02000, 28.05626
503, 5.03000, 18.96166
504, 5.04000, 22.92980
505, 5.05000, 27.33515
506, 5.06000, 26.56332
507, 5.07000, 19.86192
508, 5.08000, 19.77940
509, 5.09000, 17.06732
510, 5.10000, 19.63394
511, 5.11000, 22.35165
512, 5.12000, 18.55821
513, 5.13000, 25.20777
514, 5.14000, 24.58756
515, 5.15000, 22.78245
516, 5.16000, 24.33840
517, 5.17000, 25.16854
518, 5.18000, 30.93945
519, 5.19000, 22.05582
520, 5.20000, 22.74260
521, 5.21000, 23.22698
522, 5.22000, 27.06854
523, 5.23000, 24.84168
524, 5.24000, 21.32577
525, 5.25000, 19.47419
526, 5.26000, 25.39457
527, 5.27000, 23.72581
528, 5.28000, 27.04342
529, 5.29000, 24.66262
530, 5.30000, 23.99031
531, 5.31000, 24.28500
532, 5.32000, 29.57014
533, 5.33000, 27.93006
534, 5.34000, 25.23497
535, 5.35000, 18.78981
536, 5.36000, 24.36598
537, 5.37000, 29.99269
538, 5.38000, 20.50992
539, 5.39000, 22.50126
540, 5.40000, 28.32361
541, 5.41000, 33.04616
542, 5.42000, 24.84461
543, 5.43000, 21.92870
544, 5.44000, 23.84059
545, 5.45000, 25.47982
546, 5.46000, 28.81159
547, 5.47000, 28.75602
548, 5.48000, 27.86628
549, 5.49000, 28.75274
550, 5.50000, 24.99791
551, 5.51000, 22.89603
552, 5.52000, 19.54455
553, 5.53000, 22.95001
554, 5.54000, 23.60805
555, 5.55000, 21.35392
556, 5.56000, 24.78861
557, 5.57000, 24.69414
558, 5.58000, 23.62348
559, 5.59000, 23.69262
560, 5.60000, 32.42361
561, 5.61000, 26.92891
562, 5.62000, 23.50884
563, 5.63000, 22.07682
564, 5.64000, 23.14280
565, 5.65000, 22.72653
566, 5.66000, 22.10502
567, 5.67000, 21.62707
568, 5.68000, 25.90941
569, 5.69000, 19.36061
570, 5.70000, 24.28004
571, 5.71000, 18.79206
572, 5.72000, 22.45944
573, 5.73000, 19.66881
574, 5.74000, 18.20420
575, 5.75000, 24.02451
576, 5.76000, 24.41273
577, 5.77000, 23.98718
578, 5.78000, 20.26965
579, 5.79000, 20.68659
580, 5.80000, 21.53853
581, 5.81000, 24.15499
582, 5.82000, 24.71086
583, 5.83000, 19.41718
584, 5.84000, 18.11992
585, 5.85000, 22.26533
586, 5.86000, 22.96341
587, 5.87000, 23.76996
588, 5.88000, 25.29537
589, 5.89000, 21.05680
590, 5.90000, 17.84308
591, 5.91000, 21.20242
592, 5.92000, 24.21154
593, 5.93000, 35.34173
594, 5.94000, 31.88431
595, 5.95000, 26.12016
596, 5.96000, 24.66865
597, 5.97000, 24.05882
598, 5.98000, 27.32288
599, 5.99000, 24.37721
600, 6.00000, 28.34994
601, 6.01000, 18.63786
602, 6.02000, 18.24746
603, 6.03000, 16.83852
604, 6.04000, 20.35170
605, 6.05000, 25.02876
606, 6.06000, 22.81986
607, 6.07000, 25.71083
608, 6.08000, 27.16244
609, 6.09000, 26.64292
610, 6.10000, 24.03104
611, 6.11000, 25.33552
612, 6.12000, 22.04372
613, 6.13000, 23.60053
614, 6.14000, 22.84349
615, 6.15000, 25.24015
616, 6.16000, 29.60740
617, 6.17000, 26.56927
618, 6.18000, 27.01215
619, 6.19000, 22.68136
620, 6.20000, 23.99727
621, 6.21000, 27.95806
622, 6.22000, 25.09167
623, 6.23000, 21.67653
624, 6.24000, 17.33340
625, 6.25000, 18.32664
626, 6.26000, 19.13917
627, 6.27000, 16.61684
628, 6.28000, 26.13074
629, 6.29000, 21.39494
630, 6.30000, 23.14243
631, 6.31000, 23.51742
632, 6.32000, 22.81443
633, 6.33000, 25.20803
634, 6.34000, 23.61008
635, 6.35000, 25.39544
636, 6.36000, 28.67324
637, 6.37000, 24.83645
638, 6.38000, 29.76907
639, 6.39000, 24.65483
640, 6.40000, 28.03044
641, 6.41000, 28.92758
642, 6.42000, 29.86733
643, 6.43000, 29.75550
644, 6.44000, 22.73485
645, 6.45000, 18.31646
646, 6.46000, 22.91912
647, 6.47000, 23.88036
648, 6.48000, 22.24276
649, 6.49000, 22.23119
650, 6.50000, 21.40893
651, 6.51000, 25.14906
652, 6.52000, 23.16170
653, 6.53000, 23.76149
654, 6.54000, 22.11551
655, 6.55000, 18.18108
656, 6.56000, 25.90075
657, 6.57000, 25.02534
658, 6.58000, 30.54139
659, 6.59000, 28.19407
660, 6.60000, 24.68697
661, 6.61000, 23.73677
662, 6.62000, 21.85016
663, 6.63000, 31.98986
664, 6.64000, 34.11740
665, 6.65000, 25.38316
666, 6.66000, 26.08093
667, 6.67000, 19.38078
668, 6.68000, 22.93308
669, 6.69000, 22.14880
670, 6.70000, 23.15864
671, 6.71000, 23.19955
672, 6.72000, 24.90155
673, 6.73000, 24.03063
674, 6.74000, 24.52111
675, 6.75000, 30.55860
676, 6.76000, 21.51563
677, 6.77000, 31.85194
678, 6.78000, 29.03028
679, 6.79000, 25.19914
680, 6.80000, 25.63644
681, 6.81000, 23.28015
682, 6.82000, 25.74205
683, 6.83000, 24.15290
684, 6.84000, 27.13247
685, 6.85000, 24.87130
686, 6.86000, 22.44205
687, 6.87000, 18.00927
688, 6.88000, 24.99128
689, 6.89000, 27.03504
690, 6.90000, 25.41528
691, 6.91000, 26.26222
692, 6.92000, 22.97899
693, 6.93000, 25.70505
694, 6.94000, 25.78055
695, 6.95000, 20.45138
696, 6.96000, 21.71904
697, 6.97000, 21.04048
698, 6.98000, 18.71007
699, 6.99000, 19.51605
700, 7.00000, 26.12556
701, 7.01000, 29.02657
702, 7.02000, 24.28309
703, 7.03000, 26.17263
704, 7.04000, 27.60936
705, 7.05000, 29.65913
706, 7.06000, 28.28429
707, 7.07000, 27.84050
708, 7.08000, 19.88903
709, 7.09000, 21.99954
710, 7.10000, 25.34466
711, 7.11000, 25.42726
712, 7.12000, 22.02009
713, 7.13000, 23.06051
714, 7.14000, 19.86765
715, 7.15000, 18.27138
716, 7.16000, 17.60804
717, 7.17000, 23.33798
718, 7.18000, 18.23277
719, 7.19000, 17.33293
720, 7.20000, 20.38809
721, 7.21000, 19.37845
722, 7.22000, 22.54346
723, 7.23000, 18.95560
724, 7.24000, 15.88118
725, 7.25000, 19.28472
726, 7.26000, 20.15970
727, 7.27000, 17.36202
728, 7.28000, 24.02810
729, 7.29000, 22.65913
730, 7.30000, 24.87957
731, 7.31000, 21.11861
732, 7.32000, 17.96243
733, 7.33000, 19.61419
734, 7.34000, 19.48891
735, 7.35000, 26.39154
736, 7.36000, 23.41834
737, 7.37000, 24.12145
738, 7.38000, 23.06721
739, 7.39000, 17.06869
740, 7.40000, 16.57874
741, 7.41000, 16.53611
742, 7.42000, 20.46589
743, 7.43000, 22.18512
744, 7.44000, 24.89912
745, 7.45000, 26.56770
746, 7.46000, 27.40487
747, 7.47000, 21.64850
748, 7.48000, 20.07369
749, 7.49000, 20.24419
750, 7.50000, 25.91312
751, 7.51000, 31.45545
752, 7.52000, 19.21631
753, 7.53000, 22.86613
754, 7.54000, 22.30514
755, 7.55000, 23.32335
756, 7.56000, 22.88674
757, 7.57000, 28.48920
758, 7.58000, 28.82889
759, 7.59000, 32.75204
760, 7.60000, 22.99296
761, 7.61000, 20.87540
762, 7.62000, 23.23873
763, 7.63000, 23.80361
764, 7.64000, 25.17876
765, 7.65000, 17.62177
766, 7.66000, 19.33064
767, 7.67000, 15.90556
768, 7.68000, 17.93816
769, 7.69000, 20.71614
770, 7.70000, 27.40378
771, 7.71000, 24.56815
772, 7.72000, 23.58405
773, 7.73000, 19.37764
774, 7.74000, 18.57230
775, 7.75000, 18.63100
776, 7.76000, 18.90327
777, 7.77000, 15.98205
778, 7.78000, 13.88836
779, 7.79000, 18.50021
780, 7.80000, 24.73920
781, 7.81000, 21.28835
782, 7.82000, 24.83128
783, 7.83000, 18.80997
784, 7.84000, 17.07100
785, 7.85000, 29.58753
786, 7.86000, 26.33388
787, 7.87000, 23.95114
788, 7.88000, 20.64210
789, 7.89000, 18.75799
790, 7.90000, 21.42903
791, 7.91000, 28.28193
792, 7.92000, 24.84027
793, 7.93000, 24.66363
794, 7.94000, 20.63788
795, 7.95000, 20.94119
796, 7.96000, 30.43898
797, 7.97000, 30.22541
798, 7.98000, 29.19962
799, 7.99000, 24.20213
800, 8.00000, 25.50749
801, 8.01000, 27.55727
802, 8.02000, 19.66354
803, 8.03000, 17.44218
804, 8.04000, 18.65832
805, 8.05000, 21.88930
806, 8.06000, 22.68533
807, 8.07000, 28.84220
808, 8.08000, 27.72701
809, 8.09000, 24.00624
810, 8.10000, 22.99791
811, 8.11000, 27.91334
812, 8.12000, 26.57059
813, 8.13000, 26.75987
814, 8.14000, 20.87213
815, 8.15000, 24.54828
816, 8.16000, 29.34722
817, 8.17000, 29.05926
818, 8.18000, 28.82705
819, 8.19000, 30.35439
820, 8.20000, 26.96778
821, 8.21000, 23.80123
822, 8.22000, 25.28350
823, 8.23000, 24.56459
824, 8.24000, 21.39494
825, 8.25000, 19.79565
826, 8.26000, 25.99038
827, 8.27000, 19.46620
828, 8.28000, 17.59071
829, 8.29000, 18.68544
830, 8.30000, 23.17770
831, 8.31000, 23.28878
832, 8.32000, 20.09723
833, 8.33000, 15.90189
834, 8.34000, 18.14561
835, 8.35000, 19.90284
836, 8.36000, 23.12069
837, 8.37000, 26.23974
838, 8.38000, 25.87239
839, 8.39000, 27.81522
840, 8.40000, 25.89364
841, 8.41000, 27.55703
842, 8.42000, 25.98079
843, 8.43000, 26.04270
844, 8.44000, 23.81437
845, 8.45000, 22.90018
846, 8.46000, 26.32633
847, 8.47000, 29.09438
848, 8.48000, 25.67984
849, 8.49000, 26.72605
850, 8.50000, 24.60404
851, 8.51000, 21.93268
852, 8.52000, 27.76424
853, 8.53000, 27.68036
854, 8.54000, 24.83409
855, 8.55000, 20.22573
856, 8.56000, 21.41748
857, 8.57000, 24.00433
858, 8.58000, 20.90809
859, 8.59000, 16.94404
860, 8.60000, 20.29121
861, 8.61000, 22.12674
862, 8.62000, 26.66974
863, 8.63000, 22.34286
864, 8.64000, 19.20977
865, 8.65000, 28.62983
866, 8.66000, 20.07636
867, 8.67000, 18.95099
868, 8.68000, 14.93712
869, 8.69000, 22.54708
870, 8.70000, 25.43457
871, 8.71000, 18.01820
872, 8.72000, 20.48449
873, 8.73000, 22.58298
874, 8.74000, 24.13210
875, 8.75000, 29.13530
876, 8.76000, 27.99323
877, 8.77000, 23.95735
878, 8.78000, 27.80877
879, 8.79000, 30.91354
880, 8.80000, 22.47879
881, 8.81000, 20.43617
882, 8.82000, 19.22291
883, 8.83000, 15.54368
884, 8.84000, 21.91776
885, 8.85000, 22.02048
886, 8.86000, 24.50510
887, 8.87000, 23.27471
888, 8.88000, 26.34003
889, 8.89000, 31.52937
890, 8.90000, 24.39863
891, 8.91000, 17.84539
892, 8.92000, 24.76703
893, 8.93000, 26.32932
894, 8.94000, 28.46173
895, 8.95000, 23.56034
896, 8.96000, 20.38880
897, 8.97000, 25.73499
898, 8.98000, 21.74215
899, 8.99000, 23.66193
900, 9.00000, 19.89858
901, 9.01000, 24.16546
902, 9.02000, 24.00990
903, 9.03000, 29.19019
904, 9.04000, 30.29231
905, 9.05000, 24.03237
906, 9.06000, 20.59176
907, 9.07000, 22.73996
908, 9.08000, 20.90343
909, 9.09000, 21.21637
910, 9.10000, 25.59179
911, 9.11000, 29.15848
912, 9.12000, 21.31300
913, 9.13000, 20.02877
914, 9.14000, 17.27214
915, 9.15000, 22.29369
916, 9.16000, 26.03071
917, 9.17000, 24.03469
918, 9.18000, 29.45129
919, 9.19000, 27.53816
920, 9.20000, 23.21454
921, 9.21000, 23.75568
922, 9.22000, 24.56487
923, 9.23000, 27.79476
924, 9.24000, 24.68897
925, 9.25000, 18.22724
926, 9.26000, 20.13122
927, 9.27000, 24.21549
928, 9.28000, 26.03526
929, 9.29000, 27.42725
930, 9.30000, 19.54608
931, 9.31000, 15.85489
932, 9.32000, 23.85120
933, 9.33000, 28.86394
934, 9.34000, 22.69434
935, 9.35000, 23.54062
936, 9.36000, 27.35160
937, 9.37000, 28.27997
938, 9.38000, 24.57244
939, 9.39000, 22.36770
940, 9.40000, 25.62211
941, 9.41000, 27.99827
942, 9.42000, 27.47922
943, 9.43000, 23.59394
944, 9.44000, 18.14292
945, 9.45000, 23.05326
946, 9.46000, 18.62388
947, 9.47000, 17.72566
948, 9.48000, 14.82356
949, 9.49000, 21.29118
950, 9.50000, 17.97869
951, 9.51000, 27.47967
952, 9.52000, 25.62863
953, 9.53000, 21.81483
954, 9.54000, 18.40088
955, 9.55000, 20.53275
956, 9.56000, 23.87984
957, 9.57000, 23.97559
958, 9.58000, 23.21615
959, 9.59000, 18.94363
960, 9.60000, 22.34598
961, 9.61000, 18.04868
962, 9.62000, 27.42751
963, 9.63000, 22.40149
964, 9.64000, 23.35482
965, 9.65000, 23.40929
966, 9.66000, 31.19896
967, 9.67000, 27.04731
968, 9.68000, 20.14235
969, 9.69000, 26.07508
970, 9.70000, 30.48915
971, 9.71000, 27.02009
972, 9.72000, 21.43213
973, 9.73000, 20.26997
974, 9.74000, 24.01342
975, 9.75000, 25.61686
976, 9.76000, 20.38928
977, 9.77000, 21.47637
978, 9.78000, 24.91686
979, 9.79000, 21.92816
980, 9.80000, 20.71404
981, 9.81000, 14.78424
982, 9.82000, 15.68404
983, 9.83000, 17.31814
984, 9.84000, 21.09616
985, 9.85000, 26.21011
986, 9.86000, 21.52695
987, 9.87000, 26.46487
988, 9.88000, 21.65215
989, 9.89000, 19.26976
990, 9.90000, 20.86673
991, 9.91000, 25.38595
992, 9.92000, 21.16117
993, 9.93000, 24.31883
994, 9.94000, 19.59866
995, 9.95000, 24.69340
996, 9.96000, 26.55027
997, 9.97000, 28.29443
998, 9.98000, 24.69653
999, 9.99000, 27.06038
1000, 10.00000, 21.39060
1001, 10.01000, 19.33886
1002, 10.02000, 17.77818
1003, 10.03000, 20.30638
1004, 10.04000, 28.91347
1005, 10.05000, 23.07882
1006, 10.06000, 28.35586
1007, 10.07000, 26.11488
1008, 10.08000, 19.00474
1009, 10.09000, 20.37153
1010, 10.10000, 23.11264
1011, 10.11000, 19.36300
1012, 10.12000, 16.06704
1013, 10.13000, 14.95211
1014, 10.14000, 23.77424
1015, 10.15000, 27.70013
1016, 10.16000, 26.09822
1017, 10.17000, 29.14380
1018, 10.18000, 26.69221
1019, 10.19000, 25.03964
1020, 10.20000, 28.63056
1021, 10.21000, 23.49194
1022, 10.22000, 20.86444
1023, 10.23000, 18.69429
1024, 10.24000, 17.50919
1025, 10.25000, 26.57772
1026, 10.26000, 28.72639
1027, 10.27000, 29.47189
1028, 10.28000, 29.87427
1029, 10.29000, 21.36049
1030, 10.30000, 24.23309
1031, 10.31000, 23.88788
1032, 10.32000, 26.02873
1033, 10.33000, 27.45038
1034, 10.34000, 28.92024
1035, 10.35000, 26.48465
1036, 10.36000, 19.92117
1037, 10.37000, 17.43472
1038, 10.38000, 21.06168
1039, 10.39000, 22.46625
1040, 10.40000, 24.70828
1041, 10.41000, 23.88920
1042, 10.42000, 26.68208
1043, 10.43000, 25.00590
1044, 10.44000, 20.77643
1045, 10.45000, 23.29209
1046, 10.46000, 16.61386
1047, 10.47000, 24.04563
1048, 10.48000, 20.81007
1049, 10.49000, 18.49817
1050, 10.50000, 20.79540
1051, 10.51000, 27.67169
1052, 10.52000, 24.03616
1053, 10.53000, 16.44691
1054, 10.54000, 23.98603
1055, 10.55000, 25.54453
1056, 10.56000, 21.61357
1057, 10.57000, 25.52061
1058, 10.58000, 29.66775
1059, 10.59000, 27.05292
1060, 10.60000, 24.81227
1061, 10.61000, 26.85570
1062, 10.62000, 31.32024
1063, 10.63000, 29.75886
1064, 10.64000, 30.04611
1065, 10.65000, 30.39898
1066, 10.66000, 26.16109
1067, 10.67000, 36.83632
1068, 10.68000, 36.93096
1069, 10.69000, 31.47801
1070, 10.70000, 28.18161
1071, 10.71000, 29.67720
1072, 10.72000, 24.07497
1073, 10.73000, 20.86439
1074, 10.74000, 19.16845
1075, 10.75000, 20.24165
1076, 10.76000, 20.40771
1077, 10.77000, 23.10572
1078, 10.78000, 25.29318
1079, 10.79000, 24.17531
1080, 10.80000, 26.38832
1081, 10.81000, 23.17462
1082, 10.82000, 24.87191
1083, 10.83000, 18.01435
1084, 10.84000, 20.13084
1085, 10.85000, 16.79572
1086, 10.86000, 18.91536
1087, 10.87000, 21.21060
1088, 10.88000, 18.28517
1089, 10.89000, 21.09607
1090, 10.90000, 18.33501
1091, 10.91000, 26.20852
1092, 10.92000, 25.29313
1093, 10.93000, 20.97346
1094, 10.94000, 24.84553
1095, 10.95000, 25.97317
1096, 10.96000, 21.43759
1097, 10.97000, 25.77385
1098, 10.98000, 25.95506
1099, 10.99000, 27.70601
1100, 11.00000, 24.24279
1101, 11.01000, 26.15958
1102, 11.02000, 30.38360
1103, 11.03000, 26.42959
1104, 11.04000, 24.95231
1105, 11.05000, 19.37809
1106, 11.06000, 19.95421
1107, 11.07000, 18.26382
1108, 11.08000, 19.09223
1109, 11.09000, 21.31791
1110, 11.10000, 21.59414
1111, 11.11000, 24.32857
1112, 11.12000, 22.10638
1113, 11.13000, 20.81825
1114, 11.14000, 28.07872
1115, 11.15000, 23.76910
1116, 11.16000, 30.33310
1117, 11.17000, 26.31722
1118, 11.18000, 24.87770
1119, 11.19000, 28.13028
1120, 11.20000, 25.20244
1121, 11.21000, 26.12518
1122, 11.22000, 28.10725
1123, 11.23000, 28.64806
1124, 11.24000, 28.36587
1125, 11.25000, 26.83025
1126, 11.26000, 19.50556
1127, 11.27000, 17.58219
1128, 11.28000, 19.45522
1129, 11.29000, 22.88950
1130, 11.30000, 25.62562
1131, 11.31000, 27.39099
1132, 11.32000, 22.80403
1133, 11.33000, 25.58445
1134, 11.34000, 24.12567
1135, 11.35000, 26.67077
1136, 11.36000, 37.58071
1137, 11.37000, 17.65370
1138, 11.38000, 26.30744
1139, 11.39000, 29.36032
1140, 11.40000, 27.07223
1141, 11.41000, 27.05215
1142, 11.42000, 23.93668
1143, 11.43000, 25.37766
1144, 11.44000, 24.27216
1145, 11.45000, 21.16580
1146, 11.46000, 18.22085
1147, 11.47000, 19.09463
1148, 11.48000, 19.29235
1149, 11.49000, 28.91566
1150, 11.50000, 27.37934
1151, 11.51000, 25.69920
1152, 11.52000, 25.66658
1153, 11.53000, 27.52472
1154, 11.54000, 23.05709
1155, 11.55000, 20.11285
1156, 11.56000, 22.65778
1157, 11.57000, 27.54665
1158, 11.58000, 24.70744
1159, 11.59000, 20.86785
1160, 11.60000, 20.30892
1161, 11.61000, 26.91933
1162, 11.62000, 24.61515
1163, 11.63000, 23.05800
1164, 11.64000, 22.79998
1165, 11.65000, 28.05539
1166, 11.66000, 30.46936
1167, 11.67000, 23.61905
1168, 11.68000, 15.94774
1169, 11.69000, 26.38114
1170, 11.70000, 30.17347
1171, 11.71000, 25.25995
1172, 11.72000, 21.42672
1173, 11.73000, 21.66448
1174, 11.74000, 19.95386
1175, 11.75000, 20.92706
1176, 11.76000, 20.37808
1177, 11.77000, 31.43292
1178, 11.78000, 27.22270
1179, 11.79000, 30.90295
1180, 11.80000, 22.49488
1181, 11.81000, 22.07229
1182, 11.82000, 27.26019
1183, 11.83000, 24.43627
1184, 11.84000, 27.68122
1185, 11.85000, 21.93710
1186, 11.86000, 19.23144
1187, 11.87000, 18.48287
1188, 11.88000, 16.91828
1189, 11.89000, 17.65778
1190, 11.90000, 19.26779
1191, 11.91000, 18.87297
1192, 11.92000, 15.33315
1193, 11.93000, 17.92744
1194, 11.94000, 15.85017
1195, 11.95000, 15.78953
1196, 11.96000, 23.52989
1197, 11.97000, 30.11972
1198, 11.98000, 25.36255
1199, 11.99000, 23.33443
1200, 12.00000, 19.11074
1201, 12.01000, 20.92786
1202, 12.02000, 26.23671
1203, 12.03000, 23.40130
1204, 12.04000, 23.58057
1205, 12.05000, 30.07139
1206, 12.06000, 25.69864
1207, 12.07000, 27.14853
1208, 12.08000, 24.86337
1209, 12.09000, 20.94261
1210, 12.10000, 24.57638
1211, 12.11000, 28.29363
1212, 12.12000, 26.43054
1213, 12.13000, 23.36973
1214, 12.14000, 17.82957
1215, 12.15000, 20.41860
1216, 12.16000, 23.13853
1217, 12.17000, 19.43752
1218, 12.18000, 22.09057
1219, 12.19000, 22.79089
1220, 12.20000, 29.74169
1221, 12.21000, 21.72940
1222, 12.22000, 18.78010
1223, 12.23000, 19.48701
1224, 12.24000, 16.58752
1225, 12.25000, 18.20630
1226, 12.26000, 19.69616
1227, 12.27000, 22.04872
1228, 12.28000, 23.60378
1229, 12.29000, 24.42965
1230, 12.30000, 17.47104
1231, 12.31000, 22.51449
1232, 12.32000, 17.69622
1233, 12.33000, 24.24121
1234, 12.34000, 23.26448
1235, 12.35000, 20.25708
1236, 12.36000, 27.39037
1237, 12.37000, 22.83175
1238, 12.38000, 28.05074
1239, 12.39000, 27.67541
1240, 12.40000, 23.77899
1241, 12.41000, 17.14354
1242, 12.42000, 19.46655
1243, 12.43000, 29.21026
1244, 12.44000, 23.40171
1245, 12.45000, 19.98772
1246, 12.46000, 17.37371
1247, 12.47000, 15.48829
1248, 12.48000, 17.74402
1249, 12.49000, 20.27778
1250, 12.50000, 23.04004
1251, 12.51000, 21.18786
1252, 12.52000, 25.13609
1253, 12.53000, 22.08230
1254, 12.54000, 19.51319
1255, 12.55000, 21.83972
1256, 12.56000, 19.14125
1257, 12.57000, 16.22734
1258, 12.58000, 22.23631
1259, 12.59000, 32.19481
1260, 12.60000, 21.45517
1261, 12.61000, 23.01411
1262, 12.62000, 22.24005
1263, 12.63000, 20.52414
1264, 12.64000, 25.41000
1265, 12.65000, 21.79957
1266, 12.66000, 20.28892
1267, 12.67000, 18.06244
1268, 12.68000, 21.43831
1269, 12.69000, 21.28122
1270, 12.70000, 25.77552
1271, 12.71000, 18.59429
1272, 12.72000, 26.39285
1273, 12.73000, 26.72019
1274, 12.74000, 24.63987
1275, 12.75000, 27.80540
1276, 12.76000, 29.08821
1277, 12.77000, 29.08604
1278, 12.78000, 29.71348
1279, 12.79000, 27.72886
1280, 12.80000, 30.32039
1281, 12.81000, 27.86347
1282, 12.82000, 25.56393
1283, 12.83000, 22.21220
1284, 12.84000, 24.92461
1285, 12.85000, 27.34113
1286, 12.86000, 18.60317
1287, 12.87000, 16.95946
1288, 12.88000, 15.38618
1289, 12.89000, 16.40386
1290, 12.90000, 20.51582
1291, 12.91000, 25.30982
1292, 12.92000, 22.43296
1293, 12.93000, 28.37055
1294, 12.94000, 24.12038
1295, 12.95000, 30.17664
1296, 12.96000, 32.29313
1297, 12.97000, 28.62879
1298, 12.98000, 25.54874
1299, 12.99000, 24.46774
1300, 13.00000, 25.55812
1301, 13.01000, 26.96081
1302, 13.02000, 23.04771
1303, 13.03000, 17.38656
1304, 13.04000, 21.79684
1305, 13.05000, 20.89049
1306, 13.06000, 20.47530
1307, 13.07000, 19.77547
1308, 13.08000, 19.17097
1309, 13.09000, 22.32954
1310, 13.10000, 23.94806
1311, 13.11000, 17.28260
1312, 13.12000, 18.13403
1313, 13.13000, 17.80427
1314, 13.14000, 16.99279
1315, 13.15000, 16.83260
1316, 13.16000, 20.83856
1317, 13.17000, 22.05582
1318, 13.18000, 17.51081
1319, 13.19000, 23.61750
1320, 13.20000, 17.43007
1321, 13.21000, 16.03643
1322, 13.22000, 16.22605
1323, 13.23000, 14.19973
1324, 13.24000, 15.42653
1325, 13.25000, 16.21579
1326, 13.26000, 18.20871
1327, 13.27000, 22.77723
1328, 13.28000, 25.97845
1329, 13.29000, 20.74757
1330, 13.30000, 26.03307
1331, 13.31000, 25.58105
1332, 13.32000, 30.52797
1333, 13.33000, 23.52698
1334, 13.34000, 25.65419
1335, 13.35000, 23.77943
1336, 13.36000, 21.14534
1337, 13.37000, 29.45419
1338, 13.38000, 27.52664
1339, 13.39000, 23.37264
1340, 13.40000, 21.10892
1341, 13.41000, 25.65845
1342, 13.42000, 21.73637
1343, 13.43000, 21.68508
1344, 13.44000, 25.98030
1345, 13.45000, 26.84777
1346, 13.46000, 26.50686
1347, 13.47000, 26.41445
1348, 13.48000, 34.24000
1349, 13.49000, 27.70378
1350, 13.50000, 27.01659
1351, 13.51000, 19.64827
1352, 13.52000, 19.61426
1353, 13.53000, 18.64646
1354, 13.54000, 21.99002
1355, 13.55000, 22.06629
1356, 13.56000, 21.09955
1357, 13.57000, 21.67548
1358, 13.58000, 22.69527
1359, 13.59000, 21.05787
1360, 13.60000, 29.60513
1361, 13.61000, 26.94231
1362, 13.62000, 24.45804
1363, 13.63000, 27.02886
1364, 13.64000, 26.90150
1365, 13.65000, 19.76665
1366, 13.66000, 25.44371
1367, 13.67000, 27.58407
1368, 13.68000, 28.23381
1369, 13.69000, 23.26268
1370, 13.70000, 25.06165
1371, 13.71000, 24.55456
1372, 13.72000, 22.62013
1373, 13.73000, 27.47850
1374, 13.74000, 20.82985
1375, 13.75000, 22.91044
1376, 13.76000, 25.56393
1377, 13.77000, 23.03678
1378, 13.78000, 23.68695
1379, 13.79000, 24.20652
1380, 13.80000, 24.13198
1381, 13.81000, 30.23044
1382, 13.82000, 23.17202
1383, 13.83000, 21.41781
1384, 13.84000, 21.00554
1385, 13.85000, 17.17739
1386, 13.86000, 16.20617
1387, 13.87000, 16.02678
1388, 13.88000, 20.20582
1389, 13.89000, 16.66933
1390, 13.90000, 23.89196
1391, 13.91000, 25.27146
1392, 13.92000, 19.53722
1393, 13.93000, 22.79668
1394, 13.94000, 19.84381
1395, 13.95000, 30.91323
1396, 13.96000, 27.91935
1397, 13.97000, 27.91861
1398, 13.98000, 23.68922
1399, 13.99000, 26.07544
1400, 14.00000, 17.82302
1401, 14.01000, 17.87420
1402, 14.02000, 24.02011
1403, 14.03000, 19.63407
1404, 14.04000, 17.66540
1405, 14.05000, 19.16095
1406, 14.06000, 22.13792
1407, 14.07000, 18.04035
1408, 14.08000, 19.57970
1409, 14.09000, 21.52102
1410, 14.10000, 19.40806
1411, 14.11000, 26.29004
1412, 14.12000, 26.72113
1413, 14.13000, 22.32613
1414, 14.14000, 23.35060
1415, 14.15000, 21.11158
1416, 14.16000, 23.25231
1417, 14.17000, 21.30953
1418, 14.18000, 21.31284
1419, 14.19000, 20.74882
1420, 14.20000, 20.21386
1421, 14.21000, 18.70393
1422, 14.22000, 21.67475
1423, 14.23000, 20.68892
1424, 14.24000, 21.35183
1425, 14.25000, 20.66687
1426, 14.26000, 20.68279
1427, 14.27000, 23.21548
1428, 14.28000, 20.63190
1429, 14.29000, 25.51692
1430, 14.30000, 26.03621
1431, 14.31000, 21.06574
1432, 14.32000, 18.50040
1433, 14.33000, 19.58209
1434, 14.34000, 18.84860
1435, 14.35000, 18.49095
1436, 14.36000, 15.06883
1437, 14.37000, 16.65456
1438, 14.38000, 19.60813
1439, 14.39000, 23.02959
1440, 14.40000, 24.26928
1441, 14.41000, 27.27746
1442, 14.42000, 24.53016
1443, 14.43000, 25.02677
1444, 14.44000, 25.20966
1445, 14.45000, 23.96558
1446, 14.46000, 28.38353
1447, 14.47000, 25.94919
1448, 14.48000, 25.23303
1449, 14.49000, 23.77915
1450, 14.50000, 17.76296
1451, 14.51000, 21.84313
1452, 14.52000, 15.87651
1453, 14.53000, 18.89322
1454, 14.54000, 19.25343
1455, 14.55000, 19.45352
1456, 14.56000, 27.46602
1457, 14.57000, 28.77096
1458, 14.58000, 24.28224
1459, 14.59000, 24.60853
1460, 14.60000, 23.44858
1461, 14.61000, 30.19892
1462, 14.62000, 27.24497
1463, 14.63000, 23.13248
1464, 14.64000, 20.70892
1465, 14.65000, 23.05545
1466, 14.66000, 22.67096
1467, 14.67000, 26.57347
1468, 14.68000, 24.43060
1469, 14.69000, 14.96133
1470, 14.70000, 15.05972
1471, 14.71000, 16.63418
1472, 14.72000, 21.01346
1473, 14.73000, 24.84197
1474, 14.74000, 24.34952
1475, 14.75000, 22.92380
1476, 14.76000, 24.48853
1477, 14.77000, 21.39893
1478, 14.78000, 30.05566
1479, 14.79000, 18.55973
1480, 14.80000, 20.20563
1481, 14.81000, 23.07722
1482, 14.82000, 20.62205
1483, 14.83000, 18.46967
1484, 14.84000, 18.98758
1485, 14.85000, 22.26008
1486, 14.86000, 17.64481
1487, 14.87000, 18.40239
1488, 14.88000, 20.51389
1489, 14.89000, 22.68877
1490, 14.90000, 20.06581
1491, 14.91000, 22.50967
1492, 14.92000, 21.84314
1493, 14.93000, 21.46545
1494, 14.94000, 28.10026
1495, 14.95000, 24.29214
1496, 14.96000, 28.57281
1497, 14.97000, 24.85140
1498, 14.98000, 24.66040
1499, 14.99000, 21.62499
1500, 15.00000, 26.32814
1501, 15.01000, 23.52155
1502, 15.02000, 26.72361
1503, 15.03000, 30.74307
1504, 15.04000, 29.52538
1505, 15.05000, 27.59536
1506, 15.06000, 24.30639
1507, 15.07000, 27.63156
1508, 15.08000, 20.77229
1509, 15.09000, 27.57197
1510, 15.10000, 31.70886
1511, 15.11000, 26.39236
1512, 15.12000, 28.45821
1513, 15.13000, 27.62054
1514, 15.14000, 23.62327
1515, 15.15000, 21.95374
1516, 15.16000, 25.98755
1517, 15.17000, 29.17444
1518, 15.18000, 25.72354
1519, 15.19000, 25.48561
1520, 15.20000, 21.71733
1521, 15.21000, 28.04788
1522, 15.22000, 29.42774
1523, 15.23000, 26.63937
1524, 15.24000, 26.64631
1525, 15.25000, 19.51565
1526, 15.26000, 28.38718
1527, 15.27000, 19.98887
1528, 15.28000, 19.88208
1529, 15.29000, 20.43866
1530, 15.30000, 21.02847
1531, 15.31000, 25.70866
1532, 15.32000, 26.75418
1533, 15.33000, 20.24690
1534, 15.34000, 18.20333
1535, 15.35000, 27.90665
1536, 15.36000, 29.83298
1537, 15.37000, 26.89555
1538, 15.38000, 24.76144
1539, 15.39000, 28.12306
1540, 15.40000, 24.94250
1541, 15.41000, 31.85382
1542, 15.42000, 29.15358
1543, 15.43000, 22.49619
1544, 15.44000, 24.21965
1545, 15.45000, 22.10754
1546, 15.46000, 23.96618
1547, 15.47000, 17.79848
1548, 15.48000, 21.15599
1549, 15.49000, 25.44267
1550, 15.50000, 26.03463
1551, 15.51000, 24.80569
1552, 15.52000, 24.52591
1553, 15.53000, 23.62057
1554, 15.54000, 22.16615
1555, 15.55000, 24.55901
1556, 15.56000, 24.95528
1557, 15.57000, 22.74776
1558, 15.58000, 22.26318
1559, 15.59000, 22.12426
1560, 15.60000, 18.44477
1561, 15.61000, 15.16633
1562, 15.62000, 19.28205
1563, 15.63000, 21.37163
1564, 15.64000, 21.37141
1565, 15.65000, 23.22913
1566, 15.66000, 24.64845
1567, 15.67000, 16.58411
1568, 15.68000, 23.34679
1569, 15.69000, 28.11905
1570, 15.70000, 32.53012
1571, 15.71000, 29.24415
1572, 15.72000, 22.79895
1573, 15.73000, 22.43005
1574, 15.74000, 23.95873
1575, 15.75000, 25.95013
1576, 15.76000, 26.38668
1577, 15.77000, 18.32167
1578, 15.78000, 20.59768
1579, 15.79000, 23.72327
1580, 15.80000, 23.62822
1581, 15.81000, 19.27019
1582, 15.82000, 24.03095
1583, 15.83000, 23.85804
1584, 15.84000, 24.42914
1585, 15.85000, 26.77811
1586, 15.86000, 22.55162
1587, 15.87000, 20.28982
1588, 15.88000, 22.53598
1589, 15.89000, 17.16233
1590, 15.90000, 17.06869
1591, 15.91000, 23.97494
1592, 15.92000, 23.90786
1593, 15.93000, 27.65499
1594, 15.94000, 26.23357
1595, 15.95000, 21.28995
1596, 15.96000, 18.20572
1597, 15.97000, 19.19938
1598, 15.98000, 15.37479
1599, 15.99000, 19.15919
1600, 16.00000, 16.68352
1601, 16.01000, 17.66380
1602, 16.02000, 18.81062
1603, 16.03000, 22.77223
1604, 16.04000, 24.17218
1605, 16.05000, 23.40729
1606, 16.06000, 27.14785
1607, 16.07000, 25.35415
1608, 16.08000, 21.54879
1609, 16.09000, 25.74617
1610, 16.10000, 29.59594
1611, 16.11000, 26.28499
1612, 16.12000, 27.59688
1613, 16.13000, 29.53068
1614, 16.14000, 25.84878
1615, 16.15000, 24.59619
1616, 16.16000, 26.90863
1617, 16.17000, 23.44017
1618, 16.18000, 21.21260
1619, 16.19000, 20.83127
1620, 16.20000, 22.66238
1621, 16.21000, 27.21885
1622, 16.22000, 25.34910
1623, 16.23000, 24.03600
1624, 16.24000, 23.16488
1625, 16.25000, 21.23610
1626, 16.26000, 22.98016
1627, 16.27000, 22.69012
1628, 16.28000, 26.30291
1629, 16.29000, 24.11255
1630, 16.30000, 22.77343
1631, 16.31000, 25.36170
1632, 16.32000, 27.03418
1633, 16.33000, 29.62884
1634, 16.34000, 28.18739
1635, 16.35000, 29.37441
1636, 16.36000, 23.66546
1637, 16.37000, 22.53988
1638, 16.38000, 25.10807
1639, 16.39000, 19.78969
1640, 16.40000, 21.46141
1641, 16.41000, 19.67154
1642, 16.42000, 14.37729
1643, 16.43000, 15.01921
1644, 16.44000, 25.21159
1645, 16.45000, 25.67978
1646, 16.46000, 24.20436
1647, 16.47000, 23.95842
1648, 16.48000, 19.39071
1649, 16.49000, 15.83008
1650, 16.50000, 20.82320
1651, 16.51000, 18.28101
1652, 16.52000, 15.34858
1653, 16.53000, 23.35364
1654, 16.54000, 23.79121
1655, 16.55000, 30.09934
1656, 16.56000, 22.79642
1657, 16.57000, 25.33316
1658, 16.58000, 23.76970
1659, 16.59000, 20.06055
1660, 16.60000, 22.68734
1661, 16.61000, 22.32879
1662, 16.62000, 17.52168
1663, 16.63000, 17.03079
1664, 16.64000, 23.11419
1665, 16.65000, 22.14191
1666, 16.66000, 23.08756
1667, 16.67000, 24.94912
1668, 16.68000, 22.86523
1669, 16.69000, 23.77154
1670, 16.70000, 26.08883
1671, 16.71000, 27.20729
1672, 16.72000, 18.67526
1673, 16.73000, 21.12082
1674, 16.74000, 25.87148
1675, 16.75000, 27.41378
1676, 16.76000, 26.10602
1677, 16.77000, 18.97742
1678, 16.78000, 19.55111
1679, 16.79000, 20.03917
1680, 16.80000, 26.90289
1681, 16.81000, 26.68067
1682, 16.82000, 28.38387
1683, 16.83000, 22.38403
1684, 16.84000, 25.25500
1685, 16.85000, 22.72126
1686, 16.86000, 22.28876
1687, 16.87000, 18.86908
1688, 16.88000, 22.59742
1689, 16.89000, 19.30102
1690, 16.90000, 20.70950
1691, 16.91000, 27.76352
1692, 16.92000, 27.67767
1693, 16.93000, 27.40616
1694, 16.94000, 26.33853
1695, 16.95000, 22.67550
1696, 16.96000, 21.94241
1697, 16.97000, 18.80939
1698, 16.98000, 17.21772
1699, 16.99000, 20.63465
1700, 17.00000, 19.13652
1701, 17.01000, 22.52716
1702, 17.02000, 21.09438
1703, 17.03000, 23.23879
1704, 17.04000, 22.94241
1705, 17.05000, 18.78366
1706, 17.06000, 15.86034
1707, 17.07000, 21.98983
1708, 17.08000, 17.02401
1709, 17.09000, 17.66606
1710, 17.10000, 17.35785
1711, 17.11000, 18.03470
1712, 17.12000, 17.71774
1713, 17.13000, 18.82054
1714, 17.14000, 19.58702
1715, 17.15000, 27.12565
1716, 17.16000, 27.37362
1717, 17.17000, 20.81536
1718, 17.18000, 18.20883
1719, 17.19000, 17.38359
1720, 17.20000, 15.69814
1721, 17.21000, 17.16380
1722, 17.22000, 19.87820
1723, 17.23000, 15.65861
1724, 17.24000, 16.27456
1725, 17.25000, 18.66240
1726, 17.26000, 26.98093
1727, 17.27000, 25.25993
1728, 17.28000, 29.18632
1729, 17.29000, 20.64446
1730, 17.30000, 20.82426
1731, 17.31000, 18.32407
1732, 17.32000, 17.68237
1733, 17.33000, 21.79116
1734, 17.34000, 24.41917
1735, 17.35000, 18.23126
1736, 17.36000, 24.88881
1737, 17.37000, 22.14208
1738, 17.38000, 27.89795
1739, 17.39000, 26.68793
1740, 17.40000, 20.59418
1741, 17.41000, 18.83979
1742, 17.42000, 24.12914
1743, 17.43000, 18.74075
1744, 17.44000, 30.00587
1745, 17.45000, 20.76141
1746, 17.46000, 18.98853
1747, 17.47000, 19.49666
1748, 17.48000, 21.57418
1749, 17.49000, 29.04643
1750, 17.50000, 24.69180
1751, 17.51000, 22.12233
1752, 17.52000, 17.65521
1753, 17.53000, 20.40224
1754, 17.54000, 21.67290
1755, 17.55000, 22.35841
1756, 17.56000, 19.44651
1757, 17.57000, 19.61043
1758, 17.58000, 26.50204
1759, 17.59000, 29.69473
1760, 17.60000, 27.38515
1761, 17.61000, 20.66781
1762, 17.62000, 19.62094
1763, 17.63000, 17.66902
1764, 17.64000, 14.98056
1765, 17.65000, 22.58820
1766, 17.66000, 19.16780
1767, 17.67000, 20.78409
1768, 17.68000, 26.13179
1769, 17.69000, 19.52551
1770, 17.70000, 19.31171
1771, 17.71000, 20.39502
1772, 17.72000, 28.09853
1773, 17.73000, 21.93079
1774, 17.74000, 18.83519
1775, 17.75000, 15.95726
1776, 17.76000, 18.91567
1777, 17.77000, 16.59294
1778, 17.78000, 19.73725
1779, 17.79000, 26.45024
1780, 17.80000, 22.53075
1781, 17.81000, 21.95371
1782, 17.82000, 25.84908
1783, 17.83000, 22.62863
1784, 17.84000, 23.65242
1785, 17.85000, 18.08444
1786, 17.86000, 19.62665
1787, 17.87000, 18.61183
1788, 17.88000, 19.53515
1789, 17.89000, 21.69103
1790, 17.90000, 19.22372
1791, 17.91000, 19.04131
1792, 17.92000, 28.71451
1793, 17.93000, 25.05661
1794, 17.94000, 26.90924
1795, 17.95000, 17.59736
1796, 17.96000, 25.02557
1797, 17.97000, 24.22145
1798, 17.98000, 18.69624
1799, 17.99000, 16.24787
1800, 18.00000, 18.74276
1801, 18.01000, 20.83743
1802, 18.02000, 24.25108
1803, 18.03000, 28.18890
1804, 18.04000, 22.15684
1805, 18.05000, 21.20017
1806, 18.06000, 19.84649
1807, 18.07000, 23.14757
1808, 18.08000, 22.82971
1809, 18.09000, 24.86544
1810, 18.10000, 21.70979
1811, 18.11000, 29.38895
1812, 18.12000, 23.76465
1813, 18.13000, 25.61521
1814, 18.14000, 30.25058
1815, 18.15000, 28.11980
1816, 18.16000, 28.30104
1817, 18.17000, 24.26736
1818, 18.18000, 26.53178
1819, 18.19000, 25.91365
1820, 18.20000, 25.39188
1821, 18.21000, 25.91485
1822, 18.22000, 22.92135
1823, 18.23000, 22.44641
1824, 18.24000, 21.68282
1825, 18.25000, 21.74490
1826, 18.26000, 17.52683
1827, 18.27000, 15.40330
1828, 18.28000, 17.59033
1829, 18.29000, 22.58830
1830, 18.30000, 22.96500
1831, 18.31000, 28.27987
1832, 18.32000, 18.10491
1833, 18.33000, 23.83194
1834, 18.34000, 23.16524
1835, 18.35000, 20.33640
1836, 18.36000, 21.86958
1837, 18.37000, 22.29714
1838, 18.38000, 23.06863
1839, 18.39000, 21.39786
1840, 18.40000, 22.26471
1841, 18.41000, 22.29883
1842, 18.42000, 23.37999
1843, 18.43000, 22.14094
1844, 18.44000, 23.69421
1845, 18.45000, 27.64413
1846, 18.46000, 23.46336
1847, 18.47000, 25.15693
1848, 18.48000, 25.95129
1849, 18.49000, 25.69353
1850, 18.50000, 24.64784
1851, 18.51000, 23.72022
1852, 18.52000, 21.32559
1853, 18.53000, 21.45784
1854, 18.54000, 19.78917
1855, 18.55000, 20.06650
1856, 18.56000, 20.97246
1857, 18.57000, 19.11076
1858, 18.58000, 20.36228
1859, 18.59000, 23.66155
1860, 18.60000, 24.98401
1861, 18.61000, 20.45527
1862, 18.62000, 20.89454
1863, 18.63000, 17.98697
1864, 18.64000, 20.72402
1865, 18.65000, 23.87651
1866, 18.66000, 27.47990
1867, 18.67000, 23.63999
1868, 18.68000, 21.14118
1869, 18.69000, 23.76162
1870, 18.70000, 23.48584
1871, 18.71000, 23.95680
1872, 18.72000, 27.82204
1873, 18.73000, 22.43542
1874, 18.74000, 21.90696
1875, 18.75000, 32.25076
1876, 18.76000, 31.22817
1877, 18.77000, 25.72253
1878, 18.78000, 25.68310
1879, 18.79000, 28.57027
1880, 18.80000, 28.23557
1881, 18.81000, 22.86973
1882, 18.82000, 17.46353
1883, 18.83000, 19.29800
1884, 18.84000, 19.41169
1885, 18.85000, 21.00636
1886, 18.86000, 17.44475
1887, 18.87000, 16.57193
1888, 18.88000, 23.40925
1889, 18.89000, 25.65377
1890, 18.90000, 26.79466
1891, 18.91000, 19.59788
1892, 18.92000, 27.62729
1893, 18.93000, 26.89070
1894, 18.94000, 25.90800
1895, 18.95000, 21.59064
1896, 18.96000, 19.02117
1897, 18.97000, 19.01715
1898, 18.98000, 20.93952
1899, 18.99000, 18.73248
1900, 19.00000, 25.78345
1901, 19.01000, 24.72134
1902, 19.02000, 26.22829
1903, 19.03000, 22.62492
1904, 19.04000, 20.30441
1905, 19.05000, 23.05344
1906, 19.06000, 22.51992
1907, 19.07000, 21.65580
1908, 19.08000, 23.77067
1909, 19.09000, 25.39488
1910, 19.10000, 29.84747
1911, 19.11000, 25.74262
1912, 19.12000, 19.95558
1913, 19.13000, 18.01837
1914, 19.14000, 17.59882
1915, 19.15000, 19.17932
1916, 19.16000, 21.71086
1917, 19.17000, 22.20976
1918, 19.18000, 21.23044
1919, 19.19000, 23.60666
1920, 19.20000, 28.91732
1921, 19.21000, 28.53194
1922, 19.22000, 24.31052
1923, 19.23000, 24.82965
1924, 19.24000, 25.08034
1925, 19.25000, 27.00702
1926, 19.26000, 20.98879
1927, 19.27000, 24.12778
1928, 19.28000, 23.33502
1929, 19.29000, 17.49027
1930, 19.30000, 21.34028
1931, 19.31000, 15.65864
1932, 19.32000, 21.72968
1933, 19.33000, 20.68445
1934, 19.34000, 22.17548
1935, 19.35000, 23.96878
1936, 19.36000, 19.47902
1937, 19.37000, 15.61903
1938, 19.38000, 20.44239
1939, 19.39000, 19.00196
1940, 19.40000, 24.11248
1941, 19.41000, 20.35539
1942, 19.42000, 15.28155
1943, 19.43000, 16.80369
1944, 19.44000, 24.38594
1945, 19.45000, 21.14326
1946, 19.46000, 20.96508
1947, 19.47000, 17.90326
1948, 19.48000, 25.56504
1949, 19.49000, 22.98510
1950, 19.50000, 27.08964
1951, 19.51000, 17.13091
1952, 19.52000, 22.32016
1953, 19.53000, 23.22346
1954, 19.54000, 16.89863
1955, 19.55000, 19.71097
1956, 19.56000, 18.39908
1957, 19.57000, 17.62126
1958, 19.58000, 20.09893
1959, 19.59000, 26.09259
1960, 19.60000, 22.27326
1961, 19.61000, 22.30746
1962, 19.62000, 19.70281
1963, 19.63000, 27.01527
1964, 19.64000, 27.70983
1965, 19.65000, 21.76365
1966, 19.66000, 23.01427
1967, 19.67000, 20.04336
1968, 19.68000, 21.42456
1969, 19.69000, 24.65186
1970, 19.70000, 16.67134
1971, 19.71000, 18.40390
1972, 19.72000, 19.56541
1973, 19.73000, 18.83303
1974, 19.74000, 17.06797
1975, 19.75000, 20.79749
1976, 19.76000, 19.05369
1977, 19.77000, 24.04086
1978, 19.78000, 19.52075
1979, 19.79000, 20.60560
1980, 19.80000, 21.05515
1981, 19.81000, 28.14325
1982, 19.82000, 23.31207
1983, 19.83000, 19.94037
1984, 19.84000, 18.92113
1985, 19.85000, 20.48677
1986, 19.86000, 24.14343
1987, 19.87000, 22.63055
1988, 19.88000, 23.86179
1989, 19.89000, 19.28434
1990, 19.90000, 24.87805
1991, 19.91000, 26.23541
1992, 19.92000, 23.11228
1993, 19.93000, 18.32156
1994, 19.94000, 18.29642
1995, 19.95000, 20.78667
1996, 19.96000, 21.38832
1997, 19.97000, 29.60011
1998, 19.98000, 17.06484
1999, 19.99000, 16.28679
2000, 20.00000, 22.38477
2001, 20.01000, 22.62079
