nt, t, solve_time
1, 0.01000, 57.95925
2, 0.02000, 57.08455
3, 0.03000, 46.28720
4, 0.04000, 50.95245
5, 0.05000, 32.77339
6, 0.06000, 46.35588
7, 0.07000, 47.63586
8, 0.08000, 43.28232
9, 0.09000, 43.48583
10, 0.10000, 25.75176
11, 0.11000, 35.94468
12, 0.12000, 31.12849
13, 0.13000, 19.52784
14, 0.14000, 25.31029
15, 0.15000, 34.22241
16, 0.16000, 35.72843
17, 0.17000, 34.04951
18, 0.18000, 41.11208
19, 0.19000, 47.74317
20, 0.20000, 47.41794
21, 0.21000, 41.67945
22, 0.22000, 22.44385
23, 0.23000, 23.60549
24, 0.24000, 38.94142
25, 0.25000, 48.59593
26, 0.26000, 48.33540
27, 0.27000, 60.52848
28, 0.28000, 58.77378
29, 0.29000, 54.32018
30, 0.30000, 44.13250
31, 0.31000, 34.59347
32, 0.32000, 57.11562
33, 0.33000, 33.28589
34, 0.34000, 50.00634
35, 0.35000, 38.83584
36, 0.36000, 46.60349
37, 0.37000, 34.83605
38, 0.38000, 27.43068
39, 0.39000, 33.05547
40, 0.40000, 46.21267
41, 0.41000, 33.06748
42, 0.42000, 31.83958
43, 0.43000, 34.47280
44, 0.44000, 41.30047
45, 0.45000, 43.28056
46, 0.46000, 31.10468
47, 0.47000, 23.85349
48, 0.48000, 38.51389
49, 0.49000, 34.66332
50, 0.50000, 27.31970
51, 0.51000, 33.84624
52, 0.52000, 34.61270
53, 0.53000, 29.66980
54, 0.54000, 15.92488
55, 0.55000, 19.39100
56, 0.56000, 16.84349
57, 0.57000, 24.77809
58, 0.58000, 20.81440
59, 0.59000, 19.64439
60, 0.60000, 25.87133
61, 0.61000, 29.54163
62, 0.62000, 23.49979
63, 0.63000, 29.42070
64, 0.64000, 30.14829
65, 0.65000, 32.79493
66, 0.66000, 24.26698
67, 0.67000, 29.29685
68, 0.68000, 28.43457
69, 0.69000, 33.76321
70, 0.70000, 21.52847
71, 0.71000, 27.30402
72, 0.72000, 20.80662
73, 0.73000, 23.02814
74, 0.74000, 28.15963
75, 0.75000, 16.12661
76, 0.76000, 27.06745
77, 0.77000, 22.49367
78, 0.78000, 16.91548
79, 0.79000, 23.19117
80, 0.80000, 24.08524
81, 0.81000, 22.06614
82, 0.82000, 29.09421
83, 0.83000, 34.87585
84, 0.84000, 28.53683
85, 0.85000, 29.64091
86, 0.86000, 23.25478
87, 0.87000, 18.51196
88, 0.88000, 22.73439
89, 0.89000, 35.11770
90, 0.90000, 30.56652
91, 0.91000, 36.60151
92, 0.92000, 46.78669
93, 0.93000, 41.44879
94, 0.94000, 34.97627
95, 0.95000, 35.10333
96, 0.96000, 40.04723
97, 0.97000, 35.12222
98, 0.98000, 31.59906
99, 0.99000, 30.97910
100, 1.00000, 24.11527
101, 1.01000, 25.48877
102, 1.02000, 36.82224
103, 1.03000, 33.69479
104, 1.04000, 31.99294
105, 1.05000, 30.17392
106, 1.06000, 26.18728
107, 1.07000, 27.17121
108, 1.08000, 31.15625
109, 1.09000, 30.74165
110, 1.10000, 32.03104
111, 1.11000, 38.21953
112, 1.12000, 34.25531
113, 1.13000, 37.48215
114, 1.14000, 29.15819
115, 1.15000, 29.84408
116, 1.16000, 34.30767
117, 1.17000, 39.91770
118, 1.18000, 41.59678
119, 1.19000, 33.87040
120, 1.20000, 26.44035
121, 1.21000, 37.91930
122, 1.22000, 36.75686
123, 1.23000, 42.95111
124, 1.24000, 37.14268
125, 1.25000, 42.72428
126, 1.26000, 48.69861
127, 1.27000, 63.15818
128, 1.28000, 33.62579
129, 1.29000, 56.63794
130, 1.30000, 28.63654
131, 1.31000, 33.70026
132, 1.32000, 30.64083
133, 1.33000, 54.72154
134, 1.34000, 35.67650
135, 1.35000, 34.09132
136, 1.36000, 43.85097
137, 1.37000, 29.79750
138, 1.38000, 23.60730
139, 1.39000, 27.20107
140, 1.40000, 31.49725
141, 1.41000, 32.31065
142, 1.42000, 34.70377
143, 1.43000, 27.56775
144, 1.44000, 44.90495
145, 1.45000, 31.48265
146, 1.46000, 33.93397
147, 1.47000, 34.31101
148, 1.48000, 37.09318
149, 1.49000, 34.40457
150, 1.50000, 28.47009
151, 1.51000, 39.91074
152, 1.52000, 31.73008
153, 1.53000, 43.75613
154, 1.54000, 33.48116
155, 1.55000, 32.71622
156, 1.56000, 30.17664
157, 1.57000, 27.82058
158, 1.58000, 31.79279
159, 1.59000, 26.41032
160, 1.60000, 38.85627
161, 1.61000, 25.59799
162, 1.62000, 38.04073
163, 1.63000, 42.11461
164, 1.64000, 36.77938
165, 1.65000, 36.50592
166, 1.66000, 27.02381
167, 1.67000, 34.98534
168, 1.68000, 33.04140
169, 1.69000, 47.34778
170, 1.70000, 45.22942
171, 1.71000, 31.78169
172, 1.72000, 27.08396
173, 1.73000, 23.58585
174, 1.74000, 30.41441
175, 1.75000, 46.69565
176, 1.76000, 22.53651
177, 1.77000, 33.86288
178, 1.78000, 31.34655
179, 1.79000, 33.25914
180, 1.80000, 45.90630
181, 1.81000, 29.57395
182, 1.82000, 40.55161
183, 1.83000, 52.88245
184, 1.84000, 42.75101
185, 1.85000, 34.85972
186, 1.86000, 40.95568
187, 1.87000, 35.00431
188, 1.88000, 41.45104
189, 1.89000, 34.03151
190, 1.90000, 34.92672
191, 1.91000, 44.10231
192, 1.92000, 32.71959
193, 1.93000, 35.18401
194, 1.94000, 38.41204
195, 1.95000, 44.03394
196, 1.96000, 46.58399
197, 1.97000, 34.91314
198, 1.98000, 33.34359
199, 1.99000, 30.89839
200, 2.00000, 31.33627
201, 2.01000, 27.49399
202, 2.02000, 23.13222
203, 2.03000, 33.88526
204, 2.04000, 21.63953
205, 2.05000, 41.06830
206, 2.06000, 33.53637
207, 2.07000, 32.71335
208, 2.08000, 31.10907
209, 2.09000, 32.19505
210, 2.10000, 31.75403
211, 2.11000, 30.32148
212, 2.12000, 22.09330
213, 2.13000, 19.46685
214, 2.14000, 24.16181
215, 2.15000, 27.12123
216, 2.16000, 30.54176
217, 2.17000, 27.90234
218, 2.18000, 27.69958
219, 2.19000, 26.14272
220, 2.20000, 26.96474
221, 2.21000, 27.76940
222, 2.22000, 33.02061
223, 2.23000, 29.65829
224, 2.24000, 34.33125
225, 2.25000, 31.27379
226, 2.26000, 29.76285
227, 2.27000, 24.68146
228, 2.28000, 24.58046
229, 2.29000, 26.05166
230, 2.30000, 28.73373
231, 2.31000, 22.11831
232, 2.32000, 21.80368
233, 2.33000, 20.97020
234, 2.34000, 24.89432
235, 2.35000, 26.54622
236, 2.36000, 27.77438
237, 2.37000, 20.18651
238, 2.38000, 24.31492
239, 2.39000, 19.91011
240, 2.40000, 23.72736
241, 2.41000, 31.61087
242, 2.42000, 25.29932
243, 2.43000, 18.32383
244, 2.44000, 20.04904
245, 2.45000, 18.82473
246, 2.46000, 20.91453
247, 2.47000, 19.67915
248, 2.48000, 14.85969
249, 2.49000, 19.37640
250, 2.50000, 22.60400
251, 2.51000, 25.15043
252, 2.52000, 29.21772
253, 2.53000, 29.33436
254, 2.54000, 25.59989
255, 2.55000, 26.17410
256, 2.56000, 22.81126
257, 2.57000, 21.33772
258, 2.58000, 17.74265
259, 2.59000, 23.34083
260, 2.60000, 27.01309
261, 2.61000, 27.91854
262, 2.62000, 29.88745
263, 2.63000, 23.12811
264, 2.64000, 29.00841
265, 2.65000, 31.68463
266, 2.66000, 31.27089
267, 2.67000, 29.34588
268, 2.68000, 27.61619
269, 2.69000, 25.61497
270, 2.70000, 25.81235
271, 2.71000, 29.37961
272, 2.72000, 33.55058
273, 2.73000, 27.49250
274, 2.74000, 25.70390
275, 2.75000, 26.38414
276, 2.76000, 25.45445
277, 2.77000, 23.30861
278, 2.78000, 27.60015
279, 2.79000, 27.92907
280, 2.80000, 22.05734
281, 2.81000, 14.99402
282, 2.82000, 15.93823
283, 2.83000, 23.13225
284, 2.84000, 24.29187
285, 2.85000, 31.61962
286, 2.86000, 29.33296
287, 2.87000, 24.20282
288, 2.88000, 28.19122
289, 2.89000, 19.50679
290, 2.90000, 27.42099
291, 2.91000, 21.92216
292, 2.92000, 17.99307
293, 2.93000, 19.12666
294, 2.94000, 28.09519
295, 2.95000, 28.86246
296, 2.96000, 23.02720
297, 2.97000, 18.58965
298, 2.98000, 28.65974
299, 2.99000, 24.54332
300, 3.00000, 31.94308
301, 3.01000, 37.11678
302, 3.02000, 29.79025
303, 3.03000, 27.93772
304, 3.04000, 26.35901
305, 3.05000, 23.70680
306, 3.06000, 17.10829
307, 3.07000, 17.83232
308, 3.08000, 24.10347
309, 3.09000, 24.03084
310, 3.10000, 20.91282
311, 3.11000, 22.35871
312, 3.12000, 26.46533
313, 3.13000, 31.27019
314, 3.14000, 25.06315
315, 3.15000, 34.64576
316, 3.16000, 29.61202
317, 3.17000, 28.31220
318, 3.18000, 31.40453
319, 3.19000, 34.90670
320, 3.20000, 24.03342
321, 3.21000, 22.75928
322, 3.22000, 18.10956
323, 3.23000, 28.90306
324, 3.24000, 30.99587
325, 3.25000, 21.64168
326, 3.26000, 25.32582
327, 3.27000, 22.98821
328, 3.28000, 25.94061
329, 3.29000, 25.98904
330, 3.30000, 24.63473
331, 3.31000, 41.11700
332, 3.32000, 30.40234
333, 3.33000, 37.41217
334, 3.34000, 18.46557
335, 3.35000, 29.48082
336, 3.36000, 29.64304
337, 3.37000, 23.19807
338, 3.38000, 23.68413
339, 3.39000, 21.54335
340, 3.40000, 25.13657
341, 3.41000, 22.51967
342, 3.42000, 20.50900
343, 3.43000, 17.51302
344, 3.44000, 22.63139
345, 3.45000, 32.27904
346, 3.46000, 23.56852
347, 3.47000, 34.20367
348, 3.48000, 38.47909
349, 3.49000, 26.86270
350, 3.50000, 30.24917
351, 3.51000, 26.10668
352, 3.52000, 32.42998
353, 3.53000, 26.52175
354, 3.54000, 30.37415
355, 3.55000, 29.55726
356, 3.56000, 33.31963
357, 3.57000, 38.07840
358, 3.58000, 39.80841
359, 3.59000, 32.71970
360, 3.60000, 25.91912
361, 3.61000, 26.85768
362, 3.62000, 30.45724
363, 3.63000, 34.48550
364, 3.64000, 30.52998
365, 3.65000, 20.31596
366, 3.66000, 28.07733
367, 3.67000, 23.50646
368, 3.68000, 20.28019
369, 3.69000, 17.65867
370, 3.70000, 16.46523
371, 3.71000, 21.22789
372, 3.72000, 21.85977
373, 3.73000, 17.11290
374, 3.74000, 21.41742
375, 3.75000, 22.39336
376, 3.76000, 24.53583
377, 3.77000, 23.06133
378, 3.78000, 17.47822
379, 3.79000, 19.30016
380, 3.80000, 28.12979
381, 3.81000, 35.03894
382, 3.82000, 22.56872
383, 3.83000, 22.68737
384, 3.84000, 21.24117
385, 3.85000, 22.52656
386, 3.86000, 19.56757
387, 3.87000, 20.46543
388, 3.88000, 24.50137
389, 3.89000, 20.30472
390, 3.90000, 16.16949
391, 3.91000, 17.97358
392, 3.92000, 34.88106
393, 3.93000, 23.26818
394, 3.94000, 25.71441
395, 3.95000, 36.23335
396, 3.96000, 35.61239
397, 3.97000, 23.58536
398, 3.98000, 24.54244
399, 3.99000, 18.65283
400, 4.00000, 18.51630
401, 4.01000, 20.85152
402, 4.02000, 19.27035
403, 4.03000, 24.37799
404, 4.04000, 29.87081
405, 4.05000, 33.81324
406, 4.06000, 27.42743
407, 4.07000, 25.97870
408, 4.08000, 25.73080
409, 4.09000, 23.67204
410, 4.10000, 18.54494
411, 4.11000, 31.01927
412, 4.12000, 31.81304
413, 4.13000, 33.34620
414, 4.14000, 29.20440
415, 4.15000, 21.85064
416, 4.16000, 22.02812
417, 4.17000, 25.55440
418, 4.18000, 28.35351
419, 4.19000, 23.86038
420, 4.20000, 25.05751
421, 4.21000, 21.37358
422, 4.22000, 30.04793
423, 4.23000, 24.07730
424, 4.24000, 29.03162
425, 4.25000, 22.32934
426, 4.26000, 20.47214
427, 4.27000, 19.29773
428, 4.28000, 24.32976
429, 4.29000, 16.08252
430, 4.30000, 20.29918
431, 4.31000, 26.64739
432, 4.32000, 24.63775
433, 4.33000, 18.95868
434, 4.34000, 22.86275
435, 4.35000, 21.56475
436, 4.36000, 26.12139
437, 4.37000, 26.20345
438, 4.38000, 33.18611
439, 4.39000, 22.83129
440, 4.40000, 20.95855
441, 4.41000, 17.71175
442, 4.42000, 19.62487
443, 4.43000, 29.40420
444, 4.44000, 23.51714
445, 4.45000, 20.52885
446, 4.46000, 26.63580
447, 4.47000, 23.43881
448, 4.48000, 28.26072
449, 4.49000, 15.54865
450, 4.50000, 15.54277
451, 4.51000, 19.90013
452, 4.52000, 23.07072
453, 4.53000, 26.97870
454, 4.54000, 23.68582
455, 4.55000, 24.87094
456, 4.56000, 27.97334
457, 4.57000, 30.30218
458, 4.58000, 32.69410
459, 4.59000, 32.31048
460, 4.60000, 35.87096
461, 4.61000, 22.41319
462, 4.62000, 18.09264
463, 4.63000, 25.40006
464, 4.64000, 25.02427
465, 4.65000, 24.44493
466, 4.66000, 30.46376
467, 4.67000, 29.60164
468, 4.68000, 25.62946
469, 4.69000, 28.25490
470, 4.70000, 20.97980
471, 4.71000, 17.63539
472, 4.72000, 16.54667
473, 4.73000, 25.57283
474, 4.74000, 18.95082
475, 4.75000, 20.80027
476, 4.76000, 19.03404
477, 4.77000, 17.79168
478, 4.78000, 26.49907
479, 4.79000, 29.90592
480, 4.80000, 20.05143
481, 4.81000, 23.85072
482, 4.82000, 25.30772
483, 4.83000, 25.03891
484, 4.84000, 26.18469
485, 4.85000, 25.40837
486, 4.86000, 31.85135
487, 4.87000, 24.04704
488, 4.88000, 23.88166
489, 4.89000, 28.28278
490, 4.90000, 23.65413
491, 4.91000, 18.82885
492, 4.92000, 29.67317
493, 4.93000, 20.97676
494, 4.94000, 22.07694
495, 4.95000, 22.20585
496, 4.96000, 26.80287
497, 4.97000, 29.67568
498, 4.98000, 22.78892
499, 4.99000, 26.32880
500, 5.00000, 27.62978
501, 5.01000, 21.22485
502, 5.02000, 22.50978
503, 5.03000, 17.75051
504, 5.04000, 14.80921
505, 5.05000, 25.84942
506, 5.06000, 32.84095
507, 5.07000, 30.04730
508, 5.08000, 29.19721
509, 5.09000, 28.35227
510, 5.10000, 26.92162
511, 5.11000, 30.60147
512, 5.12000, 26.67748
513, 5.13000, 22.48813
514, 5.14000, 20.36497
515, 5.15000, 19.84428
516, 5.16000, 22.33736
517, 5.17000, 23.41874
518, 5.18000, 25.34763
519, 5.19000, 28.83658
520, 5.20000, 22.58741
521, 5.21000, 24.47872
522, 5.22000, 22.08424
523, 5.23000, 31.87257
524, 5.24000, 28.15208
525, 5.25000, 20.45136
526, 5.26000, 23.51461
527, 5.27000, 24.14943
528, 5.28000, 18.68397
529, 5.29000, 17.82720
530, 5.30000, 17.08121
531, 5.31000, 17.05380
532, 5.32000, 19.03237
533, 5.33000, 21.68274
534, 5.34000, 21.43397
535, 5.35000, 24.70461
536, 5.36000, 27.51654
537, 5.37000, 27.36650
538, 5.38000, 27.98854
539, 5.39000, 25.38995
540, 5.40000, 30.57110
541, 5.41000, 29.59713
542, 5.42000, 33.29716
543, 5.43000, 28.30438
544, 5.44000, 21.85906
545, 5.45000, 26.89565
546, 5.46000, 24.41764
547, 5.47000, 22.23796
548, 5.48000, 22.83714
549, 5.49000, 26.22844
550, 5.50000, 28.42987
551, 5.51000, 29.97051
552, 5.52000, 27.65423
553, 5.53000, 31.60969
554, 5.54000, 34.26859
555, 5.55000, 25.85036
556, 5.56000, 27.62287
557, 5.57000, 24.36104
558, 5.58000, 24.80939
559, 5.59000, 21.76858
560, 5.60000, 22.44337
561, 5.61000, 24.58681
562, 5.62000, 19.97218
563, 5.63000, 19.18938
564, 5.64000, 19.21654
565, 5.65000, 20.94522
566, 5.66000, 21.37880
567, 5.67000, 23.15011
568, 5.68000, 29.18819
569, 5.69000, 24.45333
570, 5.70000, 35.45622
571, 5.71000, 31.16458
572, 5.72000, 37.42528
573, 5.73000, 21.29802
574, 5.74000, 24.91956
575, 5.75000, 32.49338
576, 5.76000, 25.25165
577, 5.77000, 24.35197
578, 5.78000, 27.15250
579, 5.79000, 24.84841
580, 5.80000, 21.23669
581, 5.81000, 23.10374
582, 5.82000, 21.02501
583, 5.83000, 31.61711
584, 5.84000, 24.27707
585, 5.85000, 18.62136
586, 5.86000, 14.94057
587, 5.87000, 23.28996
588, 5.88000, 20.04633
589, 5.89000, 16.43843
590, 5.90000, 19.66621
591, 5.91000, 19.46476
592, 5.92000, 21.39097
593, 5.93000, 25.02437
594, 5.94000, 23.15019
595, 5.95000, 27.97649
596, 5.96000, 31.33317
597, 5.97000, 28.76300
598, 5.98000, 25.78368
599, 5.99000, 27.70010
600, 6.00000, 22.93266
601, 6.01000, 21.59535
602, 6.02000, 26.98351
603, 6.03000, 30.98345
604, 6.04000, 30.74706
605, 6.05000, 17.78867
606, 6.06000, 26.81626
607, 6.07000, 32.77097
608, 6.08000, 24.47478
609, 6.09000, 29.18128
610, 6.10000, 22.31165
611, 6.11000, 20.37109
612, 6.12000, 24.47550
613, 6.13000, 23.27573
614, 6.14000, 24.70447
615, 6.15000, 25.94497
616, 6.16000, 22.57882
617, 6.17000, 20.92096
618, 6.18000, 20.03157
619, 6.19000, 33.52347
620, 6.20000, 33.40218
621, 6.21000, 27.36173
622, 6.22000, 27.92833
623, 6.23000, 22.62876
624, 6.24000, 22.95417
625, 6.25000, 18.90519
626, 6.26000, 19.64485
627, 6.27000, 22.98442
628, 6.28000, 24.00549
629, 6.29000, 23.87698
630, 6.30000, 23.06780
631, 6.31000, 26.51368
632, 6.32000, 20.18240
633, 6.33000, 20.31646
634, 6.34000, 25.41422
635, 6.35000, 29.85011
636, 6.36000, 28.89898
637, 6.37000, 21.72416
638, 6.38000, 27.83704
639, 6.39000, 33.78668
640, 6.40000, 32.58227
641, 6.41000, 25.66711
642, 6.42000, 24.97597
643, 6.43000, 17.55693
644, 6.44000, 23.28535
645, 6.45000, 21.41214
646, 6.46000, 25.89022
647, 6.47000, 23.32003
648, 6.48000, 29.49075
649, 6.49000, 32.05649
650, 6.50000, 22.07779
651, 6.51000, 29.48847
652, 6.52000, 31.35170
653, 6.53000, 20.11983
654, 6.54000, 31.86477
655, 6.55000, 30.77298
656, 6.56000, 23.30301
657, 6.57000, 21.07194
658, 6.58000, 28.77612
659, 6.59000, 28.34822
660, 6.60000, 33.39737
661, 6.61000, 29.09004
662, 6.62000, 26.01930
663, 6.63000, 26.34926
664, 6.64000, 27.56017
665, 6.65000, 22.96201
666, 6.66000, 40.60141
667, 6.67000, 31.86926
668, 6.68000, 25.04960
669, 6.69000, 20.30277
670, 6.70000, 21.64275
671, 6.71000, 18.20936
672, 6.72000, 18.68260
673, 6.73000, 23.15018
674, 6.74000, 32.21264
675, 6.75000, 23.71462
676, 6.76000, 25.60982
677, 6.77000, 27.87074
678, 6.78000, 21.50018
679, 6.79000, 27.94835
680, 6.80000, 23.93408
681, 6.81000, 32.97414
682, 6.82000, 29.41859
683, 6.83000, 25.41614
684, 6.84000, 33.37676
685, 6.85000, 30.82322
686, 6.86000, 23.34937
687, 6.87000, 28.27457
688, 6.88000, 22.92448
689, 6.89000, 22.08738
690, 6.90000, 27.92766
691, 6.91000, 21.37840
692, 6.92000, 29.66121
693, 6.93000, 25.43167
694, 6.94000, 26.78210
695, 6.95000, 25.39819
696, 6.96000, 37.43702
697, 6.97000, 22.79788
698, 6.98000, 30.00824
699, 6.99000, 28.97983
700, 7.00000, 29.85200
701, 7.01000, 25.13674
702, 7.02000, 26.55935
703, 7.03000, 23.55812
704, 7.04000, 27.28097
705, 7.05000, 29.92237
706, 7.06000, 26.10710
707, 7.07000, 21.36630
708, 7.08000, 20.63842
709, 7.09000, 30.75387
710, 7.10000, 25.71063
711, 7.11000, 23.09280
712, 7.12000, 24.25228
713, 7.13000, 29.59975
714, 7.14000, 33.05831
715, 7.15000, 33.56157
716, 7.16000, 20.41715
717, 7.17000, 25.94556
718, 7.18000, 23.50104
719, 7.19000, 28.61639
720, 7.20000, 32.15649
721, 7.21000, 30.94533
722, 7.22000, 26.47321
723, 7.23000, 24.98892
724, 7.24000, 19.58250
725, 7.25000, 16.69133
726, 7.26000, 14.48122
727, 7.27000, 22.73113
728, 7.28000, 29.30952
729, 7.29000, 21.47728
730, 7.30000, 31.70412
731, 7.31000, 34.30309
732, 7.32000, 30.24642
733, 7.33000, 40.16746
734, 7.34000, 21.57189
735, 7.35000, 22.80084
736, 7.36000, 29.77809
737, 7.37000, 27.59308
738, 7.38000, 24.83135
739, 7.39000, 21.67364
740, 7.40000, 25.53730
741, 7.41000, 20.58118
742, 7.42000, 27.99367
743, 7.43000, 26.01572
744, 7.44000, 32.98244
745, 7.45000, 33.44420
746, 7.46000, 29.39271
747, 7.47000, 34.12713
748, 7.48000, 23.15914
749, 7.49000, 20.99503
750, 7.50000, 21.87506
751, 7.51000, 19.97105
752, 7.52000, 20.90282
753, 7.53000, 19.20088
754, 7.54000, 20.23530
755, 7.55000, 24.49279
756, 7.56000, 26.76915
757, 7.57000, 23.79467
758, 7.58000, 27.21378
759, 7.59000, 25.75512
760, 7.60000, 24.05798
761, 7.61000, 24.40712
762, 7.62000, 30.76721
763, 7.63000, 26.11509
764, 7.64000, 25.37401
765, 7.65000, 31.07166
766, 7.66000, 31.93364
767, 7.67000, 27.53442
768, 7.68000, 29.96703
769, 7.69000, 28.07930
770, 7.70000, 28.40895
771, 7.71000, 24.84003
772, 7.72000, 20.02519
773, 7.73000, 20.03436
774, 7.74000, 21.44369
775, 7.75000, 25.36340
776, 7.76000, 22.77444
777, 7.77000, 28.31543
778, 7.78000, 31.68820
779, 7.79000, 35.65972
780, 7.80000, 24.43279
781, 7.81000, 29.86552
782, 7.82000, 26.08088
783, 7.83000, 27.69190
784, 7.84000, 14.42820
785, 7.85000, 19.09903
786, 7.86000, 21.05369
787, 7.87000, 26.59272
788, 7.88000, 22.56093
789, 7.89000, 27.51484
790, 7.90000, 28.03371
791, 7.91000, 22.05476
792, 7.92000, 28.73549
793, 7.93000, 22.37345
794, 7.94000, 26.40240
795, 7.95000, 25.46261
796, 7.96000, 24.01638
797, 7.97000, 26.82700
798, 7.98000, 20.67798
799, 7.99000, 22.15144
800, 8.00000, 22.04686
801, 8.01000, 28.72919
802, 8.02000, 28.56753
803, 8.03000, 23.84032
804, 8.04000, 24.92738
805, 8.05000, 28.19870
806, 8.06000, 24.89547
807, 8.07000, 21.71654
808, 8.08000, 25.07675
809, 8.09000, 40.14877
810, 8.10000, 37.57361
811, 8.11000, 29.62007
812, 8.12000, 29.91687
813, 8.13000, 25.23772
814, 8.14000, 21.84185
815, 8.15000, 24.32254
816, 8.16000, 23.40628
817, 8.17000, 24.40320
818, 8.18000, 25.30519
819, 8.19000, 21.90814
820, 8.20000, 20.08704
821, 8.21000, 23.49484
822, 8.22000, 25.80991
823, 8.23000, 28.24816
824, 8.24000, 25.81574
825, 8.25000, 25.87889
826, 8.26000, 33.61350
827, 8.27000, 29.77827
828, 8.28000, 18.74492
829, 8.29000, 24.40816
830, 8.30000, 15.99878
831, 8.31000, 16.59592
832, 8.32000, 18.92898
833, 8.33000, 23.96442
834, 8.34000, 28.14597
835, 8.35000, 26.01360
836, 8.36000, 27.73891
837, 8.37000, 23.96577
838, 8.38000, 24.41511
839, 8.39000, 23.46884
840, 8.40000, 23.56604
841, 8.41000, 30.43243
842, 8.42000, 23.08666
843, 8.43000, 24.67946
844, 8.44000, 22.94075
845, 8.45000, 24.84682
846, 8.46000, 22.73623
847, 8.47000, 27.19304
848, 8.48000, 29.02203
849, 8.49000, 26.49548
850, 8.50000, 23.49017
851, 8.51000, 28.21014
852, 8.52000, 24.42936
853, 8.53000, 26.43339
854, 8.54000, 27.54753
855, 8.55000, 19.64677
856, 8.56000, 17.57370
857, 8.57000, 22.95185
858, 8.58000, 21.74874
859, 8.59000, 32.17085
860, 8.60000, 27.92090
861, 8.61000, 31.14625
862, 8.62000, 28.35014
863, 8.63000, 28.04891
864, 8.64000, 21.15406
865, 8.65000, 16.92145
866, 8.66000, 24.44671
867, 8.67000, 23.48438
868, 8.68000, 23.26648
869, 8.69000, 23.12190
870, 8.70000, 23.24248
871, 8.71000, 18.69691
872, 8.72000, 19.30255
873, 8.73000, 21.11235
874, 8.74000, 24.21533
875, 8.75000, 22.62971
876, 8.76000, 20.67809
877, 8.77000, 25.84814
878, 8.78000, 24.99397
879, 8.79000, 22.52821
880, 8.80000, 20.72728
881, 8.81000, 18.68469
882, 8.82000, 18.82671
883, 8.83000, 19.61399
884, 8.84000, 25.08277
885, 8.85000, 19.80453
886, 8.86000, 24.34989
887, 8.87000, 29.33849
888, 8.88000, 26.49127
889, 8.89000, 32.02345
890, 8.90000, 34.32529
891, 8.91000, 27.26598
892, 8.92000, 27.83686
893, 8.93000, 30.41744
894, 8.94000, 28.11004
895, 8.95000, 23.64033
896, 8.96000, 24.88026
897, 8.97000, 23.22885
898, 8.98000, 19.10296
899, 8.99000, 18.24161
900, 9.00000, 20.40488
901, 9.01000, 30.22186
902, 9.02000, 32.31559
903, 9.03000, 27.87524
904, 9.04000, 27.38710
905, 9.05000, 34.49665
906, 9.06000, 30.09635
907, 9.07000, 29.20310
908, 9.08000, 21.62821
909, 9.09000, 20.99258
910, 9.10000, 28.78242
911, 9.11000, 22.94340
912, 9.12000, 29.37961
913, 9.13000, 23.84355
914, 9.14000, 31.62274
915, 9.15000, 32.99060
916, 9.16000, 21.41357
917, 9.17000, 29.11257
918, 9.18000, 21.78463
919, 9.19000, 22.94472
920, 9.20000, 30.15681
921, 9.21000, 33.32441
922, 9.22000, 34.73268
923, 9.23000, 29.53882
924, 9.24000, 20.31608
925, 9.25000, 32.34888
926, 9.26000, 34.89875
927, 9.27000, 26.98526
928, 9.28000, 24.00228
929, 9.29000, 25.51928
930, 9.30000, 22.73507
931, 9.31000, 25.28289
932, 9.32000, 25.64830
933, 9.33000, 25.57377
934, 9.34000, 33.73164
935, 9.35000, 31.40078
936, 9.36000, 25.64009
937, 9.37000, 26.42132
938, 9.38000, 28.41402
939, 9.39000, 36.17405
940, 9.40000, 23.59291
941, 9.41000, 23.63526
942, 9.42000, 20.43589
943, 9.43000, 23.85961
944, 9.44000, 24.19634
945, 9.45000, 22.84260
946, 9.46000, 25.90978
947, 9.47000, 30.56302
948, 9.48000, 32.96417
949, 9.49000, 31.89831
950, 9.50000, 27.36958
951, 9.51000, 22.18520
952, 9.52000, 24.21133
953, 9.53000, 29.84987
954, 9.54000, 27.34850
955, 9.55000, 33.79781
956, 9.56000, 31.20408
957, 9.57000, 29.84861
958, 9.58000, 30.51432
959, 9.59000, 26.49691
960, 9.60000, 27.39651
961, 9.61000, 27.81943
962, 9.62000, 23.47884
963, 9.63000, 29.65805
964, 9.64000, 30.20364
965, 9.65000, 28.44167
966, 9.66000, 25.34880
967, 9.67000, 24.02286
968, 9.68000, 25.63131
969, 9.69000, 21.60566
970, 9.70000, 22.33653
971, 9.71000, 25.44349
972, 9.72000, 30.03479
973, 9.73000, 21.74925
974, 9.74000, 24.17293
975, 9.75000, 30.05185
976, 9.76000, 28.93421
977, 9.77000, 21.96833
978, 9.78000, 17.66771
979, 9.79000, 22.28980
980, 9.80000, 26.70267
981, 9.81000, 26.42298
982, 9.82000, 25.73179
983, 9.83000, 27.41414
984, 9.84000, 27.05863
985, 9.85000, 24.33655
986, 9.86000, 28.06745
987, 9.87000, 23.74723
988, 9.88000, 19.05189
989, 9.89000, 26.23817
990, 9.90000, 34.54569
991, 9.91000, 29.86296
992, 9.92000, 22.07139
993, 9.93000, 22.15127
994, 9.94000, 20.51258
995, 9.95000, 23.44197
996, 9.96000, 27.41466
997, 9.97000, 28.83639
998, 9.98000, 20.12962
999, 9.99000, 17.35748
1000, 10.00000, 26.06935
1001, 10.01000, 23.15154
1002, 10.02000, 30.93273
1003, 10.03000, 33.23229
1004, 10.04000, 22.27046
1005, 10.05000, 20.51104
1006, 10.06000, 25.06672
1007, 10.07000, 28.65708
1008, 10.08000, 30.04865
1009, 10.09000, 17.31050
1010, 10.10000, 19.32825
1011, 10.11000, 18.23622
1012, 10.12000, 20.05203
1013, 10.13000, 18.35528
1014, 10.14000, 18.59789
1015, 10.15000, 25.45486
1016, 10.16000, 24.21014
1017, 10.17000, 38.11720
1018, 10.18000, 25.01364
1019, 10.19000, 29.05727
1020, 10.20000, 25.56435
1021, 10.21000, 22.46614
1022, 10.22000, 21.52688
1023, 10.23000, 21.54153
1024, 10.24000, 19.47302
1025, 10.25000, 21.42786
1026, 10.26000, 25.76813
1027, 10.27000, 25.47518
1028, 10.28000, 20.58395
1029, 10.29000, 25.23319
1030, 10.30000, 21.66048
1031, 10.31000, 25.68114
1032, 10.32000, 34.67238
1033, 10.33000, 26.75230
1034, 10.34000, 24.32889
1035, 10.35000, 34.26249
1036, 10.36000, 23.45601
1037, 10.37000, 24.74288
1038, 10.38000, 33.47649
1039, 10.39000, 27.32787
1040, 10.40000, 28.30306
1041, 10.41000, 19.00319
1042, 10.42000, 22.96976
1043, 10.43000, 17.11273
1044, 10.44000, 20.92967
1045, 10.45000, 26.69928
1046, 10.46000, 24.74501
1047, 10.47000, 28.27726
1048, 10.48000, 26.77990
1049, 10.49000, 37.52119
1050, 10.50000, 30.95702
1051, 10.51000, 23.92333
1052, 10.52000, 18.07211
1053, 10.53000, 23.22324
1054, 10.54000, 29.77101
1055, 10.55000, 22.16678
1056, 10.56000, 27.28502
1057, 10.57000, 24.40255
1058, 10.58000, 17.16072
1059, 10.59000, 21.33631
1060, 10.60000, 22.11797
1061, 10.61000, 23.99529
1062, 10.62000, 25.34830
1063, 10.63000, 24.63497
1064, 10.64000, 29.06268
1065, 10.65000, 31.70798
1066, 10.66000, 22.89448
1067, 10.67000, 14.46154
1068, 10.68000, 14.79069
1069, 10.69000, 14.16717
1070, 10.70000, 18.65556
1071, 10.71000, 19.07819
1072, 10.72000, 28.97156
1073, 10.73000, 24.45625
1074, 10.74000, 24.16124
1075, 10.75000, 26.97315
1076, 10.76000, 33.59121
1077, 10.77000, 26.95491
1078, 10.78000, 20.31137
1079, 10.79000, 27.08371
1080, 10.80000, 28.90777
1081, 10.81000, 33.55451
1082, 10.82000, 29.89117
1083, 10.83000, 28.13369
1084, 10.84000, 28.79380
1085, 10.85000, 22.49998
1086, 10.86000, 27.03531
1087, 10.87000, 23.26445
1088, 10.88000, 22.20694
1089, 10.89000, 25.88025
1090, 10.90000, 20.61669
1091, 10.91000, 19.69225
1092, 10.92000, 18.77259
1093, 10.93000, 20.48538
1094, 10.94000, 23.12096
1095, 10.95000, 19.02486
1096, 10.96000, 22.16893
1097, 10.97000, 27.16717
1098, 10.98000, 32.12194
1099, 10.99000, 20.10906
1100, 11.00000, 25.07702
1101, 11.01000, 27.30705
1102, 11.02000, 30.06523
1103, 11.03000, 29.40633
1104, 11.04000, 32.56722
1105, 11.05000, 30.55462
1106, 11.06000, 28.96130
1107, 11.07000, 29.21747
1108, 11.08000, 28.76276
1109, 11.09000, 25.06708
1110, 11.10000, 23.69921
1111, 11.11000, 22.06440
1112, 11.12000, 24.97195
1113, 11.13000, 33.86451
1114, 11.14000, 25.49128
1115, 11.15000, 35.32457
1116, 11.16000, 31.88077
1117, 11.17000, 29.17181
1118, 11.18000, 27.16526
1119, 11.19000, 27.17177
1120, 11.20000, 22.69895
1121, 11.21000, 23.27682
1122, 11.22000, 23.03721
1123, 11.23000, 22.77132
1124, 11.24000, 31.80060
1125, 11.25000, 22.86175
1126, 11.26000, 31.01661
1127, 11.27000, 24.14579
1128, 11.28000, 27.95756
1129, 11.29000, 35.28938
1130, 11.30000, 33.57542
1131, 11.31000, 26.55256
1132, 11.32000, 20.08564
1133, 11.33000, 17.71994
1134, 11.34000, 21.76086
1135, 11.35000, 20.37344
1136, 11.36000, 19.47939
1137, 11.37000, 23.04503
1138, 11.38000, 22.37976
1139, 11.39000, 20.48057
1140, 11.40000, 24.04177
1141, 11.41000, 25.34080
1142, 11.42000, 26.08148
1143, 11.43000, 25.07860
1144, 11.44000, 18.90823
1145, 11.45000, 33.01878
1146, 11.46000, 33.38342
1147, 11.47000, 22.42550
1148, 11.48000, 21.44683
1149, 11.49000, 22.84502
1150, 11.50000, 20.35111
1151, 11.51000, 22.69035
1152, 11.52000, 27.48505
1153, 11.53000, 27.13571
1154, 11.54000, 21.67826
1155, 11.55000, 21.68022
1156, 11.56000, 26.63248
1157, 11.57000, 24.41393
1158, 11.58000, 33.41227
1159, 11.59000, 25.28587
1160, 11.60000, 37.81671
1161, 11.61000, 36.60881
1162, 11.62000, 32.34144
1163, 11.63000, 23.24257
1164, 11.64000, 18.30202
1165, 11.65000, 20.56607
1166, 11.66000, 19.09999
1167, 11.67000, 22.82029
1168, 11.68000, 20.24154
1169, 11.69000, 16.44034
1170, 11.70000, 21.41402
1171, 11.71000, 28.85762
1172, 11.72000, 17.45765
1173, 11.73000, 31.04244
1174, 11.74000, 27.23853
1175, 11.75000, 26.74890
1176, 11.76000, 23.90150
1177, 11.77000, 28.77034
1178, 11.78000, 24.53549
1179, 11.79000, 16.88253
1180, 11.80000, 25.16036
1181, 11.81000, 27.08962
1182, 11.82000, 20.04650
1183, 11.83000, 26.82223
1184, 11.84000, 25.94515
1185, 11.85000, 22.52596
1186, 11.86000, 20.98092
1187, 11.87000, 28.00060
1188, 11.88000, 26.85137
1189, 11.89000, 31.68490
1190, 11.90000, 23.78741
1191, 11.91000, 24.39449
1192, 11.92000, 29.72158
1193, 11.93000, 22.70184
1194, 11.94000, 24.09862
1195, 11.95000, 22.39787
1196, 11.96000, 23.26196
1197, 11.97000, 19.55801
1198, 11.98000, 22.23566
1199, 11.99000, 26.59032
1200, 12.00000, 27.02896
1201, 12.01000, 26.09156
1202, 12.02000, 28.30576
1203, 12.03000, 27.18698
1204, 12.04000, 19.41790
1205, 12.05000, 27.75598
1206, 12.06000, 28.00748
1207, 12.07000, 29.78794
1208, 12.08000, 20.62576
1209, 12.09000, 19.21329
1210, 12.10000, 23.10482
1211, 12.11000, 21.94733
1212, 12.12000, 27.81832
1213, 12.13000, 30.68785
1214, 12.14000, 21.14315
1215, 12.15000, 18.24853
1216, 12.16000, 20.37570
1217, 12.17000, 22.90212
1218, 12.18000, 21.74992
1219, 12.19000, 22.12240
1220, 12.20000, 19.00214
1221, 12.21000, 24.68398
1222, 12.22000, 21.81151
1223, 12.23000, 23.13472
1224, 12.24000, 27.04335
1225, 12.25000, 31.59734
1226, 12.26000, 36.89533
1227, 12.27000, 24.79953
1228, 12.28000, 19.29716
1229, 12.29000, 23.88399
1230, 12.30000, 30.01329
1231, 12.31000, 32.05791
1232, 12.32000, 27.80370
1233, 12.33000, 25.37937
1234, 12.34000, 16.03281
1235, 12.35000, 17.09095
1236, 12.36000, 21.17571
1237, 12.37000, 22.37107
1238, 12.38000, 20.60161
1239, 12.39000, 26.16682
1240, 12.40000, 37.39562
1241, 12.41000, 35.45335
1242, 12.42000, 25.22917
1243, 12.43000, 21.88805
1244, 12.44000, 29.33184
1245, 12.45000, 29.94551
1246, 12.46000, 25.30580
1247, 12.47000, 23.08569
1248, 12.48000, 24.18695
1249, 12.49000, 21.78708
1250, 12.50000, 22.64364
1251, 12.51000, 20.26578
1252, 12.52000, 26.31220
1253, 12.53000, 21.31271
1254, 12.54000, 30.02042
1255, 12.55000, 25.70194
1256, 12.56000, 25.40464
1257, 12.57000, 34.44606
1258, 12.58000, 23.90503
1259, 12.59000, 28.21137
1260, 12.60000, 21.41399
1261, 12.61000, 24.83029
1262, 12.62000, 22.11291
1263, 12.63000, 22.24401
1264, 12.64000, 27.73111
1265, 12.65000, 21.91511
1266, 12.66000, 23.65751
1267, 12.67000, 19.95448
1268, 12.68000, 28.46991
1269, 12.69000, 26.30423
1270, 12.70000, 21.20753
1271, 12.71000, 27.00496
1272, 12.72000, 32.57640
1273, 12.73000, 27.17621
1274, 12.74000, 27.46512
1275, 12.75000, 20.95416
1276, 12.76000, 28.41804
1277, 12.77000, 28.79086
1278, 12.78000, 21.50689
1279, 12.79000, 22.06483
1280, 12.80000, 23.30744
1281, 12.81000, 27.89411
1282, 12.82000, 23.83272
1283, 12.83000, 24.74601
1284, 12.84000, 21.76037
1285, 12.85000, 28.47090
1286, 12.86000, 24.96725
1287, 12.87000, 27.79201
1288, 12.88000, 36.92308
1289, 12.89000, 30.75562
1290, 12.90000, 28.37411
1291, 12.91000, 27.47516
1292, 12.92000, 22.52332
1293, 12.93000, 20.83618
1294, 12.94000, 22.56395
1295, 12.95000, 22.08131
1296, 12.96000, 19.60283
1297, 12.97000, 21.88621
1298, 12.98000, 16.39003
1299, 12.99000, 18.40012
1300, 13.00000, 24.61618
1301, 13.01000, 28.03347
1302, 13.02000, 24.39410
1303, 13.03000, 22.85086
1304, 13.04000, 31.73262
1305, 13.05000, 27.72036
1306, 13.06000, 30.95262
1307, 13.07000, 24.77050
1308, 13.08000, 30.37920
1309, 13.09000, 31.15531
1310, 13.10000, 19.23624
1311, 13.11000, 22.54425
1312, 13.12000, 25.82096
1313, 13.13000, 24.77100
1314, 13.14000, 22.98949
1315, 13.15000, 24.28230
1316, 13.16000, 27.59953
1317, 13.17000, 25.20532
1318, 13.18000, 29.50467
1319, 13.19000, 24.79248
1320, 13.20000, 16.49680
1321, 13.21000, 25.09282
1322, 13.22000, 27.97205
1323, 13.23000, 30.30771
1324, 13.24000, 25.57876
1325, 13.25000, 29.81976
1326, 13.26000, 30.18720
1327, 13.27000, 27.52749
1328, 13.28000, 26.44901
1329, 13.29000, 26.33513
1330, 13.30000, 21.27246
1331, 13.31000, 20.36755
1332, 13.32000, 25.45524
1333, 13.33000, 21.66359
1334, 13.34000, 18.85505
1335, 13.35000, 18.72398
1336, 13.36000, 29.23076
1337, 13.37000, 27.08288
1338, 13.38000, 33.42112
1339, 13.39000, 28.49792
1340, 13.40000, 33.40881
1341, 13.41000, 34.70727
1342, 13.42000, 28.08186
1343, 13.43000, 22.01590
1344, 13.44000, 23.22990
1345, 13.45000, 29.21595
1346, 13.46000, 23.16711
1347, 13.47000, 21.47833
1348, 13.48000, 19.88825
1349, 13.49000, 16.94682
1350, 13.50000, 22.09152
1351, 13.51000, 32.91327
1352, 13.52000, 29.90948
1353, 13.53000, 29.68599
1354, 13.54000, 33.26671
1355, 13.55000, 26.77273
1356, 13.56000, 26.44317
1357, 13.57000, 27.86873
1358, 13.58000, 19.66662
1359, 13.59000, 24.45958
1360, 13.60000, 28.51999
1361, 13.61000, 23.82493
1362, 13.62000, 29.14002
1363, 13.63000, 26.98278
1364, 13.64000, 25.70208
1365, 13.65000, 23.80976
1366, 13.66000, 25.97570
1367, 13.67000, 26.77165
1368, 13.68000, 33.46523
1369, 13.69000, 28.79178
1370, 13.70000, 28.08637
1371, 13.71000, 27.66241
1372, 13.72000, 26.08574
1373, 13.73000, 25.19262
1374, 13.74000, 26.55336
1375, 13.75000, 26.47792
1376, 13.76000, 21.90102
1377, 13.77000, 20.20987
1378, 13.78000, 22.08064
1379, 13.79000, 25.36660
1380, 13.80000, 25.49725
1381, 13.81000, 23.38030
1382, 13.82000, 28.85423
1383, 13.83000, 35.54569
1384, 13.84000, 38.07362
1385, 13.85000, 26.66870
1386, 13.86000, 24.21711
1387, 13.87000, 21.85569
1388, 13.88000, 26.73015
1389, 13.89000, 27.04156
1390, 13.90000, 26.25537
1391, 13.91000, 26.34199
1392, 13.92000, 23.61371
1393, 13.93000, 17.63145
1394, 13.94000, 17.49409
1395, 13.95000, 22.76138
1396, 13.96000, 19.31639
1397, 13.97000, 19.31488
1398, 13.98000, 24.07139
1399, 13.99000, 16.65320
1400, 14.00000, 21.56324
1401, 14.01000, 24.14914
1402, 14.02000, 28.95016
1403, 14.03000, 19.62497
1404, 14.04000, 25.40822
1405, 14.05000, 22.18182
1406, 14.06000, 26.60222
1407, 14.07000, 20.87056
1408, 14.08000, 24.55312
1409, 14.09000, 26.58857
1410, 14.10000, 27.90070
1411, 14.11000, 19.83752
1412, 14.12000, 23.69227
1413, 14.13000, 25.51777
1414, 14.14000, 18.47625
1415, 14.15000, 26.31021
1416, 14.16000, 31.21370
1417, 14.17000, 32.12305
1418, 14.18000, 21.10568
1419, 14.19000, 20.44944
1420, 14.20000, 20.36454
1421, 14.21000, 23.62324
1422, 14.22000, 26.25323
1423, 14.23000, 19.90771
1424, 14.24000, 22.40115
1425, 14.25000, 22.03475
1426, 14.26000, 24.33320
1427, 14.27000, 26.54672
1428, 14.28000, 25.24734
1429, 14.29000, 21.90151
1430, 14.30000, 29.62079
1431, 14.31000, 28.91218
1432, 14.32000, 32.73561
1433, 14.33000, 24.22625
1434, 14.34000, 26.55361
1435, 14.35000, 30.64914
1436, 14.36000, 22.67309
1437, 14.37000, 23.55456
1438, 14.38000, 23.19305
1439, 14.39000, 29.69149
1440, 14.40000, 23.66603
1441, 14.41000, 20.31880
1442, 14.42000, 28.69513
1443, 14.43000, 18.82539
1444, 14.44000, 21.67768
1445, 14.45000, 19.25895
1446, 14.46000, 20.77058
1447, 14.47000, 29.67311
1448, 14.48000, 38.41773
1449, 14.49000, 40.72574
1450, 14.50000, 27.60197
1451, 14.51000, 26.37993
1452, 14.52000, 27.33675
1453, 14.53000, 26.33502
1454, 14.54000, 19.92952
1455, 14.55000, 19.80697
1456, 14.56000, 25.84314
1457, 14.57000, 26.39858
1458, 14.58000, 22.41237
1459, 14.59000, 24.81961
1460, 14.60000, 23.57115
1461, 14.61000, 22.92453
1462, 14.62000, 21.38217
1463, 14.63000, 16.53550
1464, 14.64000, 26.58969
1465, 14.65000, 31.30546
1466, 14.66000, 26.95180
1467, 14.67000, 24.72526
1468, 14.68000, 20.46823
1469, 14.69000, 15.91556
1470, 14.70000, 16.24362
1471, 14.71000, 17.51750
1472, 14.72000, 22.95863
1473, 14.73000, 27.55510
1474, 14.74000, 24.86459
1475, 14.75000, 26.72400
1476, 14.76000, 22.55090
1477, 14.77000, 28.91025
1478, 14.78000, 26.70066
1479, 14.79000, 29.06815
1480, 14.80000, 30.63091
1481, 14.81000, 28.61000
1482, 14.82000, 20.80216
1483, 14.83000, 22.19443
1484, 14.84000, 21.77911
1485, 14.85000, 21.40089
1486, 14.86000, 23.12987
1487, 14.87000, 26.61899
1488, 14.88000, 22.70986
1489, 14.89000, 22.00503
1490, 14.90000, 21.59961
1491, 14.91000, 23.82485
1492, 14.92000, 25.23493
1493, 14.93000, 27.10643
1494, 14.94000, 19.39275
1495, 14.95000, 19.84464
1496, 14.96000, 22.62285
1497, 14.97000, 23.16879
1498, 14.98000, 31.37017
1499, 14.99000, 30.04734
1500, 15.00000, 23.38938
1501, 15.01000, 28.60504
1502, 15.02000, 21.47472
1503, 15.03000, 20.02132
1504, 15.04000, 19.27781
1505, 15.05000, 18.85336
1506, 15.06000, 28.86255
1507, 15.07000, 26.67991
1508, 15.08000, 21.20736
1509, 15.09000, 22.42049
1510, 15.10000, 17.66324
1511, 15.11000, 26.61190
1512, 15.12000, 27.44456
1513, 15.13000, 32.40940
1514, 15.14000, 26.60360
1515, 15.15000, 25.56313
1516, 15.16000, 28.12050
1517, 15.17000, 27.28447
1518, 15.18000, 25.61026
1519, 15.19000, 21.43796
1520, 15.20000, 19.17671
1521, 15.21000, 16.50656
1522, 15.22000, 19.66826
1523, 15.23000, 26.69282
1524, 15.24000, 25.66297
1525, 15.25000, 26.59691
1526, 15.26000, 22.29343
1527, 15.27000, 21.97031
1528, 15.28000, 24.70294
1529, 15.29000, 23.06727
1530, 15.30000, 15.96907
1531, 15.31000, 25.94499
1532, 15.32000, 23.14563
1533, 15.33000, 19.65270
1534, 15.34000, 19.84033
1535, 15.35000, 20.13827
1536, 15.36000, 22.02784
1537, 15.37000, 20.01680
1538, 15.38000, 16.77585
1539, 15.39000, 16.21451
1540, 15.40000, 18.88479
1541, 15.41000, 19.50299
1542, 15.42000, 24.91382
1543, 15.43000, 25.84755
1544, 15.44000, 23.22403
1545, 15.45000, 26.65107
1546, 15.46000, 19.76856
1547, 15.47000, 20.86926
1548, 15.48000, 27.30951
1549, 15.49000, 27.01151
1550, 15.50000, 25.28275
1551, 15.51000, 22.97189
1552, 15.52000, 21.27198
1553, 15.53000, 19.74056
1554, 15.54000, 27.02081
1555, 15.55000, 22.38535
1556, 15.56000, 20.03181
1557, 15.57000, 24.25018
1558, 15.58000, 29.87117
1559, 15.59000, 31.20669
1560, 15.60000, 26.54015
1561, 15.61000, 21.92008
1562, 15.62000, 23.58592
1563, 15.63000, 29.30468
1564, 15.64000, 26.31254
1565, 15.65000, 20.56012
1566, 15.66000, 19.49404
1567, 15.67000, 18.49607
1568, 15.68000, 24.53443
1569, 15.69000, 22.35610
1570, 15.70000, 23.46871
1571, 15.71000, 25.18656
1572, 15.72000, 22.77113
1573, 15.73000, 21.47325
1574, 15.74000, 24.70259
1575, 15.75000, 22.87895
1576, 15.76000, 25.31646
1577, 15.77000, 29.12125
1578, 15.78000, 24.88574
1579, 15.79000, 23.90231
1580, 15.80000, 18.25843
1581, 15.81000, 18.14509
1582, 15.82000, 17.11333
1583, 15.83000, 18.51383
1584, 15.84000, 24.07659
1585, 15.85000, 19.90216
1586, 15.86000, 20.11753
1587, 15.87000, 22.51006
1588, 15.88000, 26.38232
1589, 15.89000, 26.19209
1590, 15.90000, 22.93796
1591, 15.91000, 25.36930
1592, 15.92000, 26.59227
1593, 15.93000, 27.17726
1594, 15.94000, 23.26838
1595, 15.95000, 26.16901
1596, 15.96000, 27.02012
1597, 15.97000, 28.53694
1598, 15.98000, 25.67605
1599, 15.99000, 19.74539
1600, 16.00000, 19.29470
1601, 16.01000, 24.69520
1602, 16.02000, 22.67558
1603, 16.03000, 21.03338
1604, 16.04000, 19.39451
1605, 16.05000, 20.07728
1606, 16.06000, 22.64802
1607, 16.07000, 36.09155
1608, 16.08000, 26.09150
1609, 16.09000, 31.19528
1610, 16.10000, 25.13098
1611, 16.11000, 18.53563
1612, 16.12000, 19.82812
1613, 16.13000, 22.21973
1614, 16.14000, 25.44994
1615, 16.15000, 22.28400
1616, 16.16000, 26.55101
1617, 16.17000, 23.64315
1618, 16.18000, 23.61313
1619, 16.19000, 27.05211
1620, 16.20000, 26.84972
1621, 16.21000, 22.92645
1622, 16.22000, 26.94191
1623, 16.23000, 30.84657
1624, 16.24000, 29.86131
1625, 16.25000, 36.43642
1626, 16.26000, 27.90233
1627, 16.27000, 35.39601
1628, 16.28000, 34.83226
1629, 16.29000, 27.85336
1630, 16.30000, 27.54235
1631, 16.31000, 26.59510
1632, 16.32000, 21.62070
1633, 16.33000, 26.60303
1634, 16.34000, 27.66781
1635, 16.35000, 28.47580
1636, 16.36000, 24.39242
1637, 16.37000, 27.74476
1638, 16.38000, 23.54826
1639, 16.39000, 29.25337
1640, 16.40000, 36.50110
1641, 16.41000, 29.17292
1642, 16.42000, 24.42880
1643, 16.43000, 22.73419
1644, 16.44000, 23.55390
1645, 16.45000, 23.93354
1646, 16.46000, 24.97328
1647, 16.47000, 20.88735
1648, 16.48000, 25.84305
1649, 16.49000, 25.55375
1650, 16.50000, 26.36742
1651, 16.51000, 22.85422
1652, 16.52000, 28.23244
1653, 16.53000, 23.58645
1654, 16.54000, 24.00509
1655, 16.55000, 32.69421
1656, 16.56000, 24.21946
1657, 16.57000, 19.47020
1658, 16.58000, 24.58631
1659, 16.59000, 28.88458
1660, 16.60000, 24.29955
1661, 16.61000, 19.66027
1662, 16.62000, 24.57823
1663, 16.63000, 24.26846
1664, 16.64000, 20.74009
1665, 16.65000, 23.02915
1666, 16.66000, 25.13820
1667, 16.67000, 20.17821
1668, 16.68000, 25.42639
1669, 16.69000, 21.76707
1670, 16.70000, 28.03949
1671, 16.71000, 23.06373
1672, 16.72000, 25.97081
1673, 16.73000, 25.47272
1674, 16.74000, 26.16941
1675, 16.75000, 21.50406
1676, 16.76000, 23.94891
1677, 16.77000, 22.27399
1678, 16.78000, 31.54986
1679, 16.79000, 23.53625
1680, 16.80000, 19.24972
1681, 16.81000, 21.77787
1682, 16.82000, 16.49096
1683, 16.83000, 18.41901
1684, 16.84000, 21.05796
1685, 16.85000, 26.39895
1686, 16.86000, 22.69192
1687, 16.87000, 31.51900
1688, 16.88000, 30.08978
1689, 16.89000, 34.80705
1690, 16.90000, 22.28336
1691, 16.91000, 22.37708
1692, 16.92000, 24.55426
1693, 16.93000, 26.63387
1694, 16.94000, 24.41863
1695, 16.95000, 23.44090
1696, 16.96000, 22.73544
1697, 16.97000, 24.47787
1698, 16.98000, 22.60174
1699, 16.99000, 26.69015
1700, 17.00000, 18.58609
1701, 17.01000, 23.62171
1702, 17.02000, 25.33928
1703, 17.03000, 26.71167
1704, 17.04000, 34.56249
1705, 17.05000, 25.46205
1706, 17.06000, 16.14735
1707, 17.07000, 17.74775
1708, 17.08000, 21.21493
1709, 17.09000, 26.44123
1710, 17.10000, 20.50935
1711, 17.11000, 18.12940
1712, 17.12000, 17.89342
1713, 17.13000, 18.49424
1714, 17.14000, 20.95936
1715, 17.15000, 23.11695
1716, 17.16000, 27.53466
1717, 17.17000, 33.23506
1718, 17.18000, 26.58933
1719, 17.19000, 36.31249
1720, 17.20000, 33.22457
1721, 17.21000, 29.76502
1722, 17.22000, 27.04203
1723, 17.23000, 17.57346
1724, 17.24000, 21.03704
1725, 17.25000, 28.32218
1726, 17.26000, 28.49098
1727, 17.27000, 27.17540
1728, 17.28000, 26.51076
1729, 17.29000, 28.28289
1730, 17.30000, 24.66742
1731, 17.31000, 27.19375
1732, 17.32000, 25.97418
1733, 17.33000, 25.74393
1734, 17.34000, 31.09640
1735, 17.35000, 27.61564
1736, 17.36000, 23.57726
1737, 17.37000, 28.82359
1738, 17.38000, 24.93937
1739, 17.39000, 28.43263
1740, 17.40000, 23.84984
1741, 17.41000, 24.98913
1742, 17.42000, 26.83172
1743, 17.43000, 22.40121
1744, 17.44000, 21.68583
1745, 17.45000, 21.18009
1746, 17.46000, 23.23076
1747, 17.47000, 19.14804
1748, 17.48000, 26.47589
1749, 17.49000, 32.53585
1750, 17.50000, 24.73314
1751, 17.51000, 27.65723
1752, 17.52000, 32.39203
1753, 17.53000, 36.16520
1754, 17.54000, 29.80295
1755, 17.55000, 22.26813
1756, 17.56000, 24.93556
1757, 17.57000, 19.58728
1758, 17.58000, 26.30236
1759, 17.59000, 25.15499
1760, 17.60000, 20.12150
1761, 17.61000, 18.51744
1762, 17.62000, 22.91615
1763, 17.63000, 26.05410
1764, 17.64000, 21.96456
1765, 17.65000, 25.19755
1766, 17.66000, 33.66538
1767, 17.67000, 29.01529
1768, 17.68000, 24.99654
1769, 17.69000, 19.56730
1770, 17.70000, 26.42177
1771, 17.71000, 22.80844
1772, 17.72000, 22.94537
1773, 17.73000, 15.89942
1774, 17.74000, 23.40031
1775, 17.75000, 22.70237
1776, 17.76000, 20.47128
1777, 17.77000, 24.31975
1778, 17.78000, 23.46940
1779, 17.79000, 22.53393
1780, 17.80000, 22.30814
1781, 17.81000, 29.76297
1782, 17.82000, 19.08201
1783, 17.83000, 26.13210
1784, 17.84000, 26.07849
1785, 17.85000, 29.81092
1786, 17.86000, 26.98937
1787, 17.87000, 21.10072
1788, 17.88000, 23.04859
1789, 17.89000, 27.43825
1790, 17.90000, 23.41840
1791, 17.91000, 26.40606
1792, 17.92000, 26.00880
1793, 17.93000, 24.27052
1794, 17.94000, 27.87415
1795, 17.95000, 27.01467
1796, 17.96000, 24.73025
1797, 17.97000, 21.74040
1798, 17.98000, 21.86531
1799, 17.99000, 24.33337
1800, 18.00000, 28.07260
1801, 18.01000, 19.64399
1802, 18.02000, 22.45937
1803, 18.03000, 20.75835
1804, 18.04000, 25.87674
1805, 18.05000, 28.10128
1806, 18.06000, 25.59973
1807, 18.07000, 20.61691
1808, 18.08000, 18.23449
1809, 18.09000, 21.85359
1810, 18.10000, 23.05487
1811, 18.11000, 20.06446
1812, 18.12000, 17.72763
1813, 18.13000, 20.20294
1814, 18.14000, 17.59930
1815, 18.15000, 29.55295
1816, 18.16000, 27.82193
1817, 18.17000, 22.32183
1818, 18.18000, 30.40345
1819, 18.19000, 21.55470
1820, 18.20000, 23.66041
1821, 18.21000, 22.69303
1822, 18.22000, 22.30926
1823, 18.23000, 18.99778
1824, 18.24000, 16.06893
1825, 18.25000, 18.86116
1826, 18.26000, 22.66341
1827, 18.27000, 19.74723
1828, 18.28000, 23.69644
1829, 18.29000, 25.06376
1830, 18.30000, 26.12594
1831, 18.31000, 30.13395
1832, 18.32000, 25.61685
1833, 18.33000, 20.91394
1834, 18.34000, 26.16791
1835, 18.35000, 20.60528
1836, 18.36000, 18.09044
1837, 18.37000, 21.70442
1838, 18.38000, 21.32909
1839, 18.39000, 22.70955
1840, 18.40000, 24.20183
1841, 18.41000, 19.75307
1842, 18.42000, 16.09273
1843, 18.43000, 24.43962
1844, 18.44000, 24.60923
1845, 18.45000, 25.73131
1846, 18.46000, 26.42931
1847, 18.47000, 35.18394
1848, 18.48000, 32.20906
1849, 18.49000, 21.19584
1850, 18.50000, 20.84194
1851, 18.51000, 31.21793
1852, 18.52000, 22.08814
1853, 18.53000, 22.05499
1854, 18.54000, 19.82394
1855, 18.55000, 18.67456
1856, 18.56000, 21.17124
1857, 18.57000, 23.29401
1858, 18.58000, 22.41107
1859, 18.59000, 21.97713
1860, 18.60000, 26.15559
1861, 18.61000, 20.18481
1862, 18.62000, 21.61951
1863, 18.63000, 21.74622
1864, 18.64000, 24.29053
1865, 18.65000, 19.01380
1866, 18.66000, 21.21912
1867, 18.67000, 20.71271
1868, 18.68000, 22.13044
1869, 18.69000, 24.35516
1870, 18.70000, 17.37732
1871, 18.71000, 19.85304
1872, 18.72000, 17.69030
1873, 18.73000, 23.45292
1874, 18.74000, 17.07304
1875, 18.75000, 22.42678
1876, 18.76000, 18.72630
1877, 18.77000, 16.22480
1878, 18.78000, 21.39407
1879, 18.79000, 21.70032
1880, 18.80000, 20.15488
1881, 18.81000, 17.74937
1882, 18.82000, 22.22917
1883, 18.83000, 21.27222
1884, 18.84000, 19.37588
1885, 18.85000, 20.07800
1886, 18.86000, 21.70511
1887, 18.87000, 18.49461
1888, 18.88000, 17.50859
1889, 18.89000, 18.56433
1890, 18.90000, 19.54120
1891, 18.91000, 20.37873
1892, 18.92000, 19.17445
1893, 18.93000, 18.77651
1894, 18.94000, 25.74729
1895, 18.95000, 23.59775
1896, 18.96000, 19.68073
1897, 18.97000, 18.76420
1898, 18.98000, 18.52377
1899, 18.99000, 21.38429
1900, 19.00000, 17.53778
1901, 19.01000, 17.06683
1902, 19.02000, 19.13665
1903, 19.03000, 16.35289
1904, 19.04000, 17.94336
1905, 19.05000, 17.31851
1906, 19.06000, 17.67965
1907, 19.07000, 21.02383
1908, 19.08000, 18.76844
1909, 19.09000, 20.02564
1910, 19.10000, 22.93129
1911, 19.11000, 19.90165
1912, 19.12000, 23.63316
1913, 19.13000, 17.79296
1914, 19.14000, 19.39746
1915, 19.15000, 16.69677
1916, 19.16000, 19.89881
1917, 19.17000, 20.54809
1918, 19.18000, 18.48501
1919, 19.19000, 17.97731
1920, 19.20000, 21.46464
1921, 19.21000, 20.05037
1922, 19.22000, 18.01395
1923, 19.23000, 19.18562
1924, 19.24000, 15.48056
1925, 19.25000, 17.58798
1926, 19.26000, 23.70840
1927, 19.27000, 20.18890
1928, 19.28000, 19.53177
1929, 19.29000, 16.80567
1930, 19.30000, 17.36461
1931, 19.31000, 15.50394
1932, 19.32000, 16.43450
1933, 19.33000, 19.54381
1934, 19.34000, 16.10709
1935, 19.35000, 16.69211
1936, 19.36000, 13.60695
1937, 19.37000, 14.14288
1938, 19.38000, 20.39420
1939, 19.39000, 18.92729
1940, 19.40000, 17.40275
1941, 19.41000, 17.46925
1942, 19.42000, 17.92027
1943, 19.43000, 18.81033
1944, 19.44000, 20.01144
1945, 19.45000, 13.61857
1946, 19.46000, 20.02728
1947, 19.47000, 21.25179
1948, 19.48000, 16.30509
1949, 19.49000, 15.75096
1950, 19.50000, 17.85113
1951, 19.51000, 18.66373
1952, 19.52000, 17.22867
1953, 19.53000, 18.91135
1954, 19.54000, 17.84043
1955, 19.55000, 16.26676
1956, 19.56000, 15.79820
1957, 19.57000, 18.23968
1958, 19.58000, 23.71954
1959, 19.59000, 21.67750
1960, 19.60000, 20.92553
1961, 19.61000, 16.48139
1962, 19.62000, 17.38364
1963, 19.63000, 18.18699
1964, 19.64000, 15.30730
1965, 19.65000, 14.84833
1966, 19.66000, 14.81434
1967, 19.67000, 16.55678
1968, 19.68000, 18.80481
1969, 19.69000, 15.44599
1970, 19.70000, 14.43708
1971, 19.71000, 13.94232
1972, 19.72000, 15.71065
1973, 19.73000, 16.62844
1974, 19.74000, 20.23242
1975, 19.75000, 21.05539
1976, 19.76000, 19.64829
1977, 19.77000, 15.93855
1978, 19.78000, 19.62933
1979, 19.79000, 18.54898
1980, 19.80000, 16.39240
1981, 19.81000, 15.68638
1982, 19.82000, 14.66453
1983, 19.83000, 16.71880
1984, 19.84000, 16.99278
1985, 19.85000, 15.00119
1986, 19.86000, 14.00228
1987, 19.87000, 13.97730
1988, 19.88000, 14.87663
1989, 19.89000, 16.70136
1990, 19.90000, 19.80771
1991, 19.91000, 22.55587
1992, 19.92000, 15.46954
1993, 19.93000, 16.67044
1994, 19.94000, 16.85795
1995, 19.95000, 14.83996
1996, 19.96000, 19.46138
1997, 19.97000, 23.22042
1998, 19.98000, 20.21003
1999, 19.99000, 13.96777
2000, 20.00000, 17.41769
2001, 20.01000, 19.53583
