nt, t, solve_time
1, 0.01000, 75.05945
2, 0.02000, 59.33160
3, 0.03000, 41.51937
4, 0.04000, 63.52944
5, 0.05000, 46.79181
6, 0.06000, 40.24502
7, 0.07000, 45.79309
8, 0.08000, 32.74210
9, 0.09000, 28.83227
10, 0.10000, 34.73023
11, 0.11000, 23.40207
12, 0.12000, 25.32807
13, 0.13000, 43.80045
14, 0.14000, 33.20027
15, 0.15000, 56.83816
16, 0.16000, 46.03066
17, 0.17000, 29.79501
18, 0.18000, 28.91646
19, 0.19000, 38.56330
20, 0.20000, 37.28848
21, 0.21000, 34.12242
22, 0.22000, 29.57432
23, 0.23000, 34.72500
24, 0.24000, 25.74008
25, 0.25000, 31.50766
26, 0.26000, 39.88297
27, 0.27000, 48.95778
28, 0.28000, 42.04233
29, 0.29000, 32.05629
30, 0.30000, 24.42461
31, 0.31000, 27.16546
32, 0.32000, 38.18763
33, 0.33000, 45.36860
34, 0.34000, 17.66502
35, 0.35000, 23.18335
36, 0.36000, 32.36057
37, 0.37000, 30.06016
38, 0.38000, 34.72899
39, 0.39000, 25.59262
40, 0.40000, 29.12321
41, 0.41000, 46.76159
42, 0.42000, 40.64822
43, 0.43000, 30.91713
44, 0.44000, 27.01668
45, 0.45000, 22.86323
46, 0.46000, 18.94865
47, 0.47000, 18.38103
48, 0.48000, 14.42005
49, 0.49000, 20.72851
50, 0.50000, 26.71486
51, 0.51000, 31.30213
52, 0.52000, 32.00495
53, 0.53000, 30.27374
54, 0.54000, 14.96154
55, 0.55000, 21.00456
56, 0.56000, 20.06590
57, 0.57000, 12.74078
58, 0.58000, 17.32298
59, 0.59000, 23.89144
60, 0.60000, 21.13892
61, 0.61000, 18.69346
62, 0.62000, 21.43204
63, 0.63000, 20.90910
64, 0.64000, 23.98525
65, 0.65000, 11.33631
66, 0.66000, 12.45638
67, 0.67000, 19.55967
68, 0.68000, 19.06766
69, 0.69000, 27.81610
70, 0.70000, 24.03930
71, 0.71000, 29.61312
72, 0.72000, 41.74717
73, 0.73000, 29.51793
74, 0.74000, 23.89645
75, 0.75000, 32.35118
76, 0.76000, 30.78424
77, 0.77000, 34.76517
78, 0.78000, 34.65862
79, 0.79000, 30.72069
80, 0.80000, 23.10739
81, 0.81000, 32.03988
82, 0.82000, 23.99485
83, 0.83000, 31.72644
84, 0.84000, 26.80029
85, 0.85000, 21.36050
86, 0.86000, 28.28867
87, 0.87000, 34.49278
88, 0.88000, 23.48147
89, 0.89000, 22.77674
90, 0.90000, 18.12846
91, 0.91000, 23.45451
92, 0.92000, 33.15869
93, 0.93000, 25.92325
94, 0.94000, 25.23413
95, 0.95000, 36.08983
96, 0.96000, 27.60439
97, 0.97000, 30.16365
98, 0.98000, 23.95899
99, 0.99000, 28.49781
100, 1.00000, 32.13124
101, 1.01000, 30.40494
102, 1.02000, 34.79640
103, 1.03000, 28.30473
104, 1.04000, 30.12955
105, 1.05000, 19.71971
106, 1.06000, 21.34700
107, 1.07000, 15.81302
108, 1.08000, 18.46565
109, 1.09000, 37.62314
110, 1.10000, 37.43270
111, 1.11000, 35.51373
112, 1.12000, 43.52983
113, 1.13000, 44.47155
114, 1.14000, 32.54961
115, 1.15000, 39.75378
116, 1.16000, 30.07471
117, 1.17000, 46.50233
118, 1.18000, 34.37002
119, 1.19000, 25.06889
120, 1.20000, 30.75913
121, 1.21000, 24.46749
122, 1.22000, 38.60707
123, 1.23000, 40.07840
124, 1.24000, 43.76959
125, 1.25000, 41.40050
126, 1.26000, 39.43133
127, 1.27000, 31.55349
128, 1.28000, 38.19685
129, 1.29000, 37.70195
130, 1.30000, 47.79437
131, 1.31000, 52.74167
132, 1.32000, 34.20263
133, 1.33000, 43.32780
134, 1.34000, 41.53038
135, 1.35000, 38.42602
136, 1.36000, 39.71586
137, 1.37000, 31.59999
138, 1.38000, 40.23067
139, 1.39000, 45.13802
140, 1.40000, 41.79985
141, 1.41000, 36.00846
142, 1.42000, 29.93348
143, 1.43000, 38.38263
144, 1.44000, 39.15319
145, 1.45000, 36.94285
146, 1.46000, 46.40577
147, 1.47000, 44.53921
148, 1.48000, 32.83506
149, 1.49000, 30.71225
150, 1.50000, 40.80296
151, 1.51000, 30.32437
152, 1.52000, 30.83685
153, 1.53000, 31.16084
154, 1.54000, 28.57054
155, 1.55000, 30.04777
156, 1.56000, 30.59075
157, 1.57000, 31.84072
158, 1.58000, 27.12575
159, 1.59000, 41.84679
160, 1.60000, 38.34347
161, 1.61000, 42.61751
162, 1.62000, 36.20014
163, 1.63000, 47.49710
164, 1.64000, 36.74317
165, 1.65000, 38.94426
166, 1.66000, 34.67055
167, 1.67000, 38.46450
168, 1.68000, 30.65611
169, 1.69000, 49.11391
170, 1.70000, 35.17870
171, 1.71000, 34.20663
172, 1.72000, 26.50957
173, 1.73000, 36.31391
174, 1.74000, 29.43347
175, 1.75000, 43.25398
176, 1.76000, 41.13855
177, 1.77000, 51.26856
178, 1.78000, 35.35846
179, 1.79000, 23.02670
180, 1.80000, 23.30903
181, 1.81000, 30.53633
182, 1.82000, 40.43058
183, 1.83000, 32.21310
184, 1.84000, 44.15267
185, 1.85000, 38.51765
186, 1.86000, 40.51033
187, 1.87000, 28.19667
188, 1.88000, 37.67575
189, 1.89000, 24.98301
190, 1.90000, 47.05118
191, 1.91000, 36.21478
192, 1.92000, 24.79183
193, 1.93000, 29.39716
194, 1.94000, 30.62382
195, 1.95000, 29.98591
196, 1.96000, 36.06030
197, 1.97000, 42.97501
198, 1.98000, 45.57562
199, 1.99000, 40.40093
200, 2.00000, 36.67173
201, 2.01000, 30.71480
202, 2.02000, 23.90889
203, 2.03000, 26.14501
204, 2.04000, 33.19637
205, 2.05000, 40.47408
206, 2.06000, 36.84771
207, 2.07000, 28.89039
208, 2.08000, 31.11224
209, 2.09000, 27.42615
210, 2.10000, 30.81277
211, 2.11000, 41.18879
212, 2.12000, 36.21250
213, 2.13000, 41.20311
214, 2.14000, 28.41630
215, 2.15000, 15.46930
216, 2.16000, 19.09216
217, 2.17000, 32.32429
218, 2.18000, 25.36714
219, 2.19000, 30.65081
220, 2.20000, 33.95533
221, 2.21000, 32.92748
222, 2.22000, 32.00590
223, 2.23000, 35.89570
224, 2.24000, 35.27816
225, 2.25000, 37.33253
226, 2.26000, 36.06403
227, 2.27000, 27.50642
228, 2.28000, 29.97233
229, 2.29000, 30.38865
230, 2.30000, 19.62432
231, 2.31000, 22.52969
232, 2.32000, 17.48173
233, 2.33000, 21.80442
234, 2.34000, 29.11669
235, 2.35000, 27.77977
236, 2.36000, 29.05296
237, 2.37000, 27.63295
238, 2.38000, 35.03457
239, 2.39000, 36.36443
240, 2.40000, 30.24600
241, 2.41000, 36.48866
242, 2.42000, 35.01342
243, 2.43000, 29.54742
244, 2.44000, 22.62530
245, 2.45000, 20.07979
246, 2.46000, 26.09353
247, 2.47000, 24.42016
248, 2.48000, 31.56777
249, 2.49000, 30.83010
250, 2.50000, 28.36102
251, 2.51000, 33.45421
252, 2.52000, 23.75832
253, 2.53000, 30.93411
254, 2.54000, 29.99623
255, 2.55000, 26.75496
256, 2.56000, 25.55931
257, 2.57000, 29.63807
258, 2.58000, 29.49529
259, 2.59000, 25.70458
260, 2.60000, 27.15331
261, 2.61000, 30.00206
262, 2.62000, 23.03849
263, 2.63000, 21.88739
264, 2.64000, 21.84669
265, 2.65000, 31.25020
266, 2.66000, 30.75157
267, 2.67000, 27.46799
268, 2.68000, 27.01314
269, 2.69000, 38.29224
270, 2.70000, 30.63068
271, 2.71000, 33.27191
272, 2.72000, 40.74364
273, 2.73000, 35.18765
274, 2.74000, 35.41612
275, 2.75000, 28.53124
276, 2.76000, 24.00490
277, 2.77000, 33.41354
278, 2.78000, 31.32330
279, 2.79000, 25.11675
280, 2.80000, 28.45539
281, 2.81000, 39.21803
282, 2.82000, 26.69304
283, 2.83000, 19.79732
284, 2.84000, 23.51308
285, 2.85000, 22.67267
286, 2.86000, 24.53556
287, 2.87000, 28.20723
288, 2.88000, 24.42513
289, 2.89000, 30.18289
290, 2.90000, 37.40166
291, 2.91000, 32.28049
292, 2.92000, 26.00183
293, 2.93000, 25.28028
294, 2.94000, 20.34812
295, 2.95000, 31.01319
296, 2.96000, 31.36299
297, 2.97000, 34.69243
298, 2.98000, 28.84509
299, 2.99000, 21.49951
300, 3.00000, 26.85599
301, 3.01000, 26.72415
302, 3.02000, 28.50082
303, 3.03000, 25.85042
304, 3.04000, 31.14649
305, 3.05000, 29.63059
306, 3.06000, 28.48139
307, 3.07000, 30.21621
308, 3.08000, 31.50315
309, 3.09000, 27.05026
310, 3.10000, 24.82396
311, 3.11000, 18.58370
312, 3.12000, 19.27880
313, 3.13000, 22.42363
314, 3.14000, 34.14304
315, 3.15000, 25.91794
316, 3.16000, 24.67489
317, 3.17000, 24.31255
318, 3.18000, 28.89943
319, 3.19000, 27.94211
320, 3.20000, 28.86560
321, 3.21000, 30.43247
322, 3.22000, 37.61956
323, 3.23000, 31.10034
324, 3.24000, 33.00837
325, 3.25000, 32.02638
326, 3.26000, 35.60243
327, 3.27000, 33.74796
328, 3.28000, 27.81417
329, 3.29000, 38.33339
330, 3.30000, 35.91729
331, 3.31000, 19.02398
332, 3.32000, 44.91454
333, 3.33000, 36.27389
334, 3.34000, 29.57782
335, 3.35000, 31.16650
336, 3.36000, 28.04262
337, 3.37000, 32.71272
338, 3.38000, 35.83454
339, 3.39000, 33.92944
340, 3.40000, 33.04320
341, 3.41000, 27.35168
342, 3.42000, 25.23702
343, 3.43000, 23.22524
344, 3.44000, 28.83529
345, 3.45000, 32.65258
346, 3.46000, 28.75343
347, 3.47000, 34.80420
348, 3.48000, 33.58884
349, 3.49000, 43.83066
350, 3.50000, 35.72953
351, 3.51000, 35.39866
352, 3.52000, 33.39424
353, 3.53000, 38.79436
354, 3.54000, 33.77664
355, 3.55000, 41.55607
356, 3.56000, 41.31263
357, 3.57000, 33.02869
358, 3.58000, 24.59401
359, 3.59000, 27.93746
360, 3.60000, 21.56784
361, 3.61000, 21.63647
362, 3.62000, 19.05632
363, 3.63000, 24.20005
364, 3.64000, 23.98136
365, 3.65000, 27.87946
366, 3.66000, 28.85059
367, 3.67000, 33.62947
368, 3.68000, 31.87109
369, 3.69000, 36.28484
370, 3.70000, 39.96305
371, 3.71000, 38.62201
372, 3.72000, 39.34740
373, 3.73000, 27.16905
374, 3.74000, 21.86305
375, 3.75000, 21.93563
376, 3.76000, 27.66189
377, 3.77000, 29.12305
378, 3.78000, 20.55001
379, 3.79000, 28.62440
380, 3.80000, 26.03938
381, 3.81000, 29.92473
382, 3.82000, 37.66306
383, 3.83000, 38.90982
384, 3.84000, 28.45205
385, 3.85000, 27.90149
386, 3.86000, 27.23896
387, 3.87000, 24.54239
388, 3.88000, 25.79867
389, 3.89000, 23.60033
390, 3.90000, 29.70707
391, 3.91000, 26.87658
392, 3.92000, 21.68125
393, 3.93000, 21.95706
394, 3.94000, 25.09888
395, 3.95000, 25.24973
396, 3.96000, 27.57447
397, 3.97000, 20.66045
398, 3.98000, 23.59777
399, 3.99000, 20.79737
400, 4.00000, 25.30920
401, 4.01000, 26.47151
402, 4.02000, 27.85254
403, 4.03000, 29.34390
404, 4.04000, 26.52428
405, 4.05000, 21.54824
406, 4.06000, 22.19092
407, 4.07000, 27.40834
408, 4.08000, 26.69571
409, 4.09000, 28.92753
410, 4.10000, 23.78737
411, 4.11000, 31.54277
412, 4.12000, 34.44051
413, 4.13000, 31.06246
414, 4.14000, 36.15395
415, 4.15000, 34.38767
416, 4.16000, 36.05510
417, 4.17000, 32.17218
418, 4.18000, 30.69210
419, 4.19000, 34.94970
420, 4.20000, 29.26909
421, 4.21000, 20.69059
422, 4.22000, 18.01321
423, 4.23000, 22.92140
424, 4.24000, 27.55176
425, 4.25000, 26.18544
426, 4.26000, 20.05189
427, 4.27000, 22.60909
428, 4.28000, 23.57982
429, 4.29000, 25.70469
430, 4.30000, 27.80106
431, 4.31000, 29.49148
432, 4.32000, 30.60723
433, 4.33000, 29.42947
434, 4.34000, 34.32362
435, 4.35000, 27.83086
436, 4.36000, 38.74225
437, 4.37000, 33.13010
438, 4.38000, 19.15553
439, 4.39000, 16.74794
440, 4.40000, 21.05490
441, 4.41000, 22.64346
442, 4.42000, 16.85585
443, 4.43000, 23.43368
444, 4.44000, 33.88041
445, 4.45000, 31.74130
446, 4.46000, 36.75321
447, 4.47000, 28.11417
448, 4.48000, 24.77726
449, 4.49000, 35.30477
450, 4.50000, 33.90745
451, 4.51000, 30.39018
452, 4.52000, 29.53700
453, 4.53000, 34.42512
454, 4.54000, 35.47564
455, 4.55000, 21.07169
456, 4.56000, 30.71762
457, 4.57000, 31.34543
458, 4.58000, 24.19226
459, 4.59000, 27.21899
460, 4.60000, 32.86266
461, 4.61000, 20.67952
462, 4.62000, 22.88789
463, 4.63000, 28.11189
464, 4.64000, 24.89423
465, 4.65000, 26.92397
466, 4.66000, 24.60953
467, 4.67000, 23.85168
468, 4.68000, 25.40601
469, 4.69000, 25.51537
470, 4.70000, 27.22698
471, 4.71000, 19.56175
472, 4.72000, 22.68750
473, 4.73000, 25.01963
474, 4.74000, 31.50820
475, 4.75000, 30.66588
476, 4.76000, 24.29688
477, 4.77000, 31.21626
478, 4.78000, 27.92391
479, 4.79000, 29.76699
480, 4.80000, 29.21383
481, 4.81000, 21.79088
482, 4.82000, 34.88777
483, 4.83000, 23.38848
484, 4.84000, 27.23839
485, 4.85000, 31.62876
486, 4.86000, 27.27571
487, 4.87000, 17.88299
488, 4.88000, 17.48838
489, 4.89000, 22.97667
490, 4.90000, 24.16631
491, 4.91000, 26.98442
492, 4.92000, 26.81574
493, 4.93000, 21.39920
494, 4.94000, 24.28737
495, 4.95000, 29.00495
496, 4.96000, 34.73884
497, 4.97000, 32.45148
498, 4.98000, 34.18409
499, 4.99000, 30.23906
500, 5.00000, 26.11061
501, 5.01000, 27.07669
502, 5.02000, 31.84161
503, 5.03000, 29.85854
504, 5.04000, 30.37117
505, 5.05000, 29.32956
506, 5.06000, 29.72919
507, 5.07000, 28.28110
508, 5.08000, 25.65687
509, 5.09000, 28.32370
510, 5.10000, 29.16675
511, 5.11000, 32.60420
512, 5.12000, 25.08964
513, 5.13000, 21.01963
514, 5.14000, 19.39291
515, 5.15000, 27.44507
516, 5.16000, 32.66633
517, 5.17000, 32.69190
518, 5.18000, 28.17029
519, 5.19000, 27.35738
520, 5.20000, 19.41348
521, 5.21000, 17.85056
522, 5.22000, 25.83561
523, 5.23000, 22.69587
524, 5.24000, 19.21444
525, 5.25000, 21.96617
526, 5.26000, 31.13501
527, 5.27000, 33.15498
528, 5.28000, 35.05512
529, 5.29000, 30.69986
530, 5.30000, 31.05902
531, 5.31000, 32.98269
532, 5.32000, 24.89267
533, 5.33000, 25.60766
534, 5.34000, 28.05318
535, 5.35000, 22.40945
536, 5.36000, 17.38296
537, 5.37000, 22.96916
538, 5.38000, 25.30510
539, 5.39000, 19.59609
540, 5.40000, 17.50599
541, 5.41000, 20.41234
542, 5.42000, 29.66490
543, 5.43000, 33.52729
544, 5.44000, 40.42668
545, 5.45000, 34.57864
546, 5.46000, 28.14168
547, 5.47000, 23.71218
548, 5.48000, 21.64846
549, 5.49000, 21.88257
550, 5.50000, 24.33088
551, 5.51000, 27.61855
552, 5.52000, 24.85492
553, 5.53000, 30.16304
554, 5.54000, 29.89761
555, 5.55000, 27.70382
556, 5.56000, 28.98381
557, 5.57000, 25.40388
558, 5.58000, 31.41895
559, 5.59000, 33.73755
560, 5.60000, 36.20280
561, 5.61000, 26.97291
562, 5.62000, 32.67302
563, 5.63000, 30.29364
564, 5.64000, 28.15049
565, 5.65000, 28.50978
566, 5.66000, 30.78046
567, 5.67000, 27.93535
568, 5.68000, 25.19057
569, 5.69000, 18.58542
570, 5.70000, 18.03737
571, 5.71000, 25.82787
572, 5.72000, 27.84772
573, 5.73000, 31.90450
574, 5.74000, 33.11092
575, 5.75000, 32.47076
576, 5.76000, 31.72201
577, 5.77000, 35.03517
578, 5.78000, 31.44339
579, 5.79000, 26.19654
580, 5.80000, 33.56746
581, 5.81000, 36.40687
582, 5.82000, 36.37906
583, 5.83000, 27.71970
584, 5.84000, 24.93673
585, 5.85000, 27.88717
586, 5.86000, 26.22103
587, 5.87000, 24.53330
588, 5.88000, 30.37422
589, 5.89000, 28.50272
590, 5.90000, 29.62513
591, 5.91000, 30.64823
592, 5.92000, 30.63661
593, 5.93000, 36.01343
594, 5.94000, 28.80632
595, 5.95000, 31.96880
596, 5.96000, 26.01607
597, 5.97000, 29.98004
598, 5.98000, 30.74342
599, 5.99000, 33.09832
600, 6.00000, 33.45076
601, 6.01000, 26.66148
602, 6.02000, 32.25286
603, 6.03000, 27.05615
604, 6.04000, 27.24728
605, 6.05000, 27.50798
606, 6.06000, 26.14669
607, 6.07000, 35.59202
608, 6.08000, 34.01365
609, 6.09000, 31.20614
610, 6.10000, 26.15910
611, 6.11000, 28.68794
612, 6.12000, 24.54235
613, 6.13000, 20.41712
614, 6.14000, 21.26023
615, 6.15000, 26.51697
616, 6.16000, 27.80688
617, 6.17000, 36.10399
618, 6.18000, 30.55110
619, 6.19000, 25.36352
620, 6.20000, 22.60231
621, 6.21000, 26.40766
622, 6.22000, 26.45053
623, 6.23000, 34.87336
624, 6.24000, 40.64063
625, 6.25000, 18.89193
626, 6.26000, 22.06121
627, 6.27000, 24.89530
628, 6.28000, 32.59056
629, 6.29000, 32.22436
630, 6.30000, 34.34465
631, 6.31000, 26.69915
632, 6.32000, 21.27702
633, 6.33000, 21.22755
634, 6.34000, 24.03456
635, 6.35000, 26.94788
636, 6.36000, 27.21070
637, 6.37000, 24.98899
638, 6.38000, 25.34125
639, 6.39000, 26.37796
640, 6.40000, 24.94434
641, 6.41000, 38.52657
642, 6.42000, 28.11072
643, 6.43000, 33.03887
644, 6.44000, 27.38814
645, 6.45000, 25.26594
646, 6.46000, 26.27091
647, 6.47000, 25.95162
648, 6.48000, 22.75206
649, 6.49000, 29.26745
650, 6.50000, 25.11131
651, 6.51000, 24.04290
652, 6.52000, 24.86874
653, 6.53000, 27.07387
654, 6.54000, 29.12737
655, 6.55000, 29.01982
656, 6.56000, 25.21163
657, 6.57000, 26.51222
658, 6.58000, 31.87660
659, 6.59000, 34.89117
660, 6.60000, 37.25378
661, 6.61000, 33.21935
662, 6.62000, 34.52966
663, 6.63000, 29.57813
664, 6.64000, 41.19232
665, 6.65000, 37.24352
666, 6.66000, 25.41509
667, 6.67000, 21.83344
668, 6.68000, 25.66471
669, 6.69000, 25.86059
670, 6.70000, 18.02454
671, 6.71000, 22.82407
672, 6.72000, 29.15698
673, 6.73000, 23.89906
674, 6.74000, 21.74143
675, 6.75000, 28.62110
676, 6.76000, 22.39757
677, 6.77000, 28.32802
678, 6.78000, 33.58296
679, 6.79000, 26.37618
680, 6.80000, 29.55456
681, 6.81000, 32.52934
682, 6.82000, 30.15946
683, 6.83000, 21.93487
684, 6.84000, 23.19987
685, 6.85000, 18.60724
686, 6.86000, 19.66747
687, 6.87000, 20.58098
688, 6.88000, 15.40120
689, 6.89000, 25.22187
690, 6.90000, 23.51764
691, 6.91000, 26.77309
692, 6.92000, 26.13466
693, 6.93000, 24.33109
694, 6.94000, 27.86737
695, 6.95000, 29.84338
696, 6.96000, 28.26355
697, 6.97000, 30.37801
698, 6.98000, 32.30281
699, 6.99000, 23.28848
700, 7.00000, 30.20643
701, 7.01000, 32.41706
702, 7.02000, 23.78006
703, 7.03000, 23.64635
704, 7.04000, 26.69167
705, 7.05000, 32.20486
706, 7.06000, 32.19352
707, 7.07000, 34.79311
708, 7.08000, 34.05215
709, 7.09000, 31.30973
710, 7.10000, 29.75108
711, 7.11000, 26.26111
712, 7.12000, 27.46615
713, 7.13000, 26.02262
714, 7.14000, 19.74742
715, 7.15000, 22.15081
716, 7.16000, 22.23494
717, 7.17000, 26.40918
718, 7.18000, 28.81622
719, 7.19000, 27.43177
720, 7.20000, 30.74449
721, 7.21000, 34.12100
722, 7.22000, 36.14762
723, 7.23000, 39.46011
724, 7.24000, 26.77903
725, 7.25000, 22.19008
726, 7.26000, 24.14440
727, 7.27000, 29.12704
728, 7.28000, 24.42166
729, 7.29000, 33.17578
730, 7.30000, 34.16091
731, 7.31000, 29.58739
732, 7.32000, 26.71290
733, 7.33000, 26.14186
734, 7.34000, 26.11895
735, 7.35000, 26.74100
736, 7.36000, 28.61245
737, 7.37000, 35.37447
738, 7.38000, 35.10210
739, 7.39000, 30.80077
740, 7.40000, 34.06363
741, 7.41000, 26.79692
742, 7.42000, 30.10394
743, 7.43000, 29.91423
744, 7.44000, 22.93251
745, 7.45000, 26.30390
746, 7.46000, 32.01266
747, 7.47000, 38.42703
748, 7.48000, 23.92419
749, 7.49000, 25.97485
750, 7.50000, 28.53412
751, 7.51000, 29.18437
752, 7.52000, 27.69045
753, 7.53000, 38.76840
754, 7.54000, 32.11196
755, 7.55000, 32.01371
756, 7.56000, 23.67986
757, 7.57000, 27.27446
758, 7.58000, 38.94014
759, 7.59000, 39.68765
760, 7.60000, 32.68812
761, 7.61000, 36.12802
762, 7.62000, 36.33015
763, 7.63000, 27.38996
764, 7.64000, 21.96549
765, 7.65000, 27.86144
766, 7.66000, 26.66329
767, 7.67000, 26.27155
768, 7.68000, 21.41481
769, 7.69000, 30.00167
770, 7.70000, 38.51029
771, 7.71000, 31.51565
772, 7.72000, 23.91978
773, 7.73000, 30.92413
774, 7.74000, 28.68319
775, 7.75000, 33.19989
776, 7.76000, 27.39117
777, 7.77000, 34.17743
778, 7.78000, 31.78482
779, 7.79000, 26.93432
780, 7.80000, 29.52734
781, 7.81000, 24.21888
782, 7.82000, 23.96917
783, 7.83000, 24.83088
784, 7.84000, 25.19567
785, 7.85000, 32.17496
786, 7.86000, 29.25303
787, 7.87000, 29.36647
788, 7.88000, 31.27165
789, 7.89000, 30.84099
790, 7.90000, 28.69929
791, 7.91000, 31.16575
792, 7.92000, 38.39676
793, 7.93000, 32.18600
794, 7.94000, 33.89494
795, 7.95000, 32.53385
796, 7.96000, 36.46417
797, 7.97000, 28.37900
798, 7.98000, 21.13529
799, 7.99000, 23.11886
800, 8.00000, 21.96052
801, 8.01000, 26.94631
802, 8.02000, 27.06770
803, 8.03000, 34.10016
804, 8.04000, 31.59150
805, 8.05000, 29.87962
806, 8.06000, 22.61999
807, 8.07000, 24.98447
808, 8.08000, 30.68494
809, 8.09000, 25.29855
810, 8.10000, 22.95661
811, 8.11000, 20.95372
812, 8.12000, 27.21302
813, 8.13000, 21.47088
814, 8.14000, 18.00973
815, 8.15000, 22.06455
816, 8.16000, 20.85605
817, 8.17000, 23.57397
818, 8.18000, 26.45650
819, 8.19000, 34.75087
820, 8.20000, 30.44900
821, 8.21000, 35.47065
822, 8.22000, 32.95568
823, 8.23000, 28.70501
824, 8.24000, 29.72852
825, 8.25000, 39.03510
826, 8.26000, 30.39020
827, 8.27000, 23.73253
828, 8.28000, 31.38727
829, 8.29000, 24.45290
830, 8.30000, 31.80404
831, 8.31000, 30.25329
832, 8.32000, 23.92161
833, 8.33000, 22.82894
834, 8.34000, 26.81213
835, 8.35000, 37.07583
836, 8.36000, 32.60985
837, 8.37000, 26.10329
838, 8.38000, 31.31515
839, 8.39000, 25.10135
840, 8.40000, 29.12366
841, 8.41000, 37.71245
842, 8.42000, 26.54019
843, 8.43000, 27.50999
844, 8.44000, 31.50846
845, 8.45000, 31.29228
846, 8.46000, 27.90820
847, 8.47000, 32.85207
848, 8.48000, 19.05997
849, 8.49000, 20.54295
850, 8.50000, 21.43396
851, 8.51000, 19.96501
852, 8.52000, 27.30207
853, 8.53000, 28.92640
854, 8.54000, 25.13501
855, 8.55000, 37.35564
856, 8.56000, 26.81283
857, 8.57000, 33.21636
858, 8.58000, 34.69073
859, 8.59000, 28.63605
860, 8.60000, 28.77346
861, 8.61000, 32.40853
862, 8.62000, 23.64690
863, 8.63000, 26.30580
864, 8.64000, 25.00329
865, 8.65000, 23.44200
866, 8.66000, 27.30157
867, 8.67000, 26.65456
868, 8.68000, 25.18229
869, 8.69000, 23.95439
870, 8.70000, 26.23300
871, 8.71000, 29.36268
872, 8.72000, 33.24668
873, 8.73000, 31.18927
874, 8.74000, 30.22585
875, 8.75000, 29.62999
876, 8.76000, 30.07385
877, 8.77000, 32.13501
878, 8.78000, 23.56716
879, 8.79000, 27.77361
880, 8.80000, 24.82980
881, 8.81000, 21.03637
882, 8.82000, 27.93491
883, 8.83000, 31.72270
884, 8.84000, 27.47577
885, 8.85000, 27.59070
886, 8.86000, 32.20164
887, 8.87000, 29.62265
888, 8.88000, 33.18258
889, 8.89000, 30.38517
890, 8.90000, 19.44558
891, 8.91000, 18.61952
892, 8.92000, 19.98224
893, 8.93000, 29.03361
894, 8.94000, 25.26827
895, 8.95000, 22.38290
896, 8.96000, 21.67788
897, 8.97000, 28.71976
898, 8.98000, 26.39717
899, 8.99000, 24.54774
900, 9.00000, 21.76339
901, 9.01000, 20.88683
902, 9.02000, 21.98856
903, 9.03000, 21.93267
904, 9.04000, 25.37706
905, 9.05000, 26.35800
906, 9.06000, 32.90953
907, 9.07000, 34.08838
908, 9.08000, 32.56636
909, 9.09000, 24.71895
910, 9.10000, 21.66077
911, 9.11000, 25.81858
912, 9.12000, 22.69234
913, 9.13000, 19.69022
914, 9.14000, 16.63054
915, 9.15000, 18.31262
916, 9.16000, 27.43609
917, 9.17000, 27.69056
918, 9.18000, 24.20928
919, 9.19000, 22.97196
920, 9.20000, 29.33482
921, 9.21000, 30.04718
922, 9.22000, 37.75820
923, 9.23000, 35.26564
924, 9.24000, 32.99665
925, 9.25000, 36.87834
926, 9.26000, 21.68119
927, 9.27000, 18.01112
928, 9.28000, 21.46533
929, 9.29000, 26.17635
930, 9.30000, 26.36379
931, 9.31000, 22.89842
932, 9.32000, 17.14722
933, 9.33000, 34.06848
934, 9.34000, 37.14372
935, 9.35000, 32.88674
936, 9.36000, 29.45284
937, 9.37000, 28.92970
938, 9.38000, 28.29880
939, 9.39000, 32.07230
940, 9.40000, 32.65659
941, 9.41000, 35.85208
942, 9.42000, 32.85198
943, 9.43000, 27.83772
944, 9.44000, 17.39574
945, 9.45000, 18.59455
946, 9.46000, 18.10018
947, 9.47000, 23.28397
948, 9.48000, 22.42298
949, 9.49000, 36.93043
950, 9.50000, 37.89862
951, 9.51000, 25.09076
952, 9.52000, 25.56117
953, 9.53000, 31.86793
954, 9.54000, 30.05722
955, 9.55000, 32.50797
956, 9.56000, 29.11930
957, 9.57000, 27.13680
958, 9.58000, 26.72187
959, 9.59000, 28.65652
960, 9.60000, 24.62974
961, 9.61000, 21.33917
962, 9.62000, 20.41839
963, 9.63000, 30.69339
964, 9.64000, 25.72251
965, 9.65000, 26.36610
966, 9.66000, 28.32786
967, 9.67000, 36.78526
968, 9.68000, 29.36376
969, 9.69000, 37.72815
970, 9.70000, 38.22482
971, 9.71000, 32.28843
972, 9.72000, 31.66919
973, 9.73000, 35.48662
974, 9.74000, 37.75342
975, 9.75000, 36.80960
976, 9.76000, 23.09501
977, 9.77000, 21.90600
978, 9.78000, 21.00147
979, 9.79000, 16.86148
980, 9.80000, 18.10791
981, 9.81000, 21.04006
982, 9.82000, 30.83882
983, 9.83000, 30.95059
984, 9.84000, 21.17330
985, 9.85000, 24.49339
986, 9.86000, 28.05311
987, 9.87000, 32.13142
988, 9.88000, 28.57481
989, 9.89000, 34.22782
990, 9.90000, 31.44000
991, 9.91000, 23.56118
992, 9.92000, 19.39454
993, 9.93000, 22.38079
994, 9.94000, 20.27228
995, 9.95000, 21.89137
996, 9.96000, 24.59861
997, 9.97000, 22.70043
998, 9.98000, 32.90548
999, 9.99000, 30.93793
1000, 10.00000, 36.25430
1001, 10.01000, 29.70755
1002, 10.02000, 36.02525
1003, 10.03000, 27.54550
1004, 10.04000, 22.70276
1005, 10.05000, 26.34890
1006, 10.06000, 25.89792
1007, 10.07000, 33.71636
1008, 10.08000, 31.99225
1009, 10.09000, 25.64452
1010, 10.10000, 30.42119
1011, 10.11000, 24.24057
1012, 10.12000, 27.24096
1013, 10.13000, 28.28151
1014, 10.14000, 26.15395
1015, 10.15000, 30.32022
1016, 10.16000, 30.32776
1017, 10.17000, 33.15677
1018, 10.18000, 33.96359
1019, 10.19000, 27.56926
1020, 10.20000, 19.09118
1021, 10.21000, 19.09032
1022, 10.22000, 30.87324
1023, 10.23000, 32.82871
1024, 10.24000, 22.42933
1025, 10.25000, 22.84413
1026, 10.26000, 23.79178
1027, 10.27000, 21.06091
1028, 10.28000, 29.03340
1029, 10.29000, 24.98824
1030, 10.30000, 18.91417
1031, 10.31000, 28.95284
1032, 10.32000, 32.29911
1033, 10.33000, 31.30792
1034, 10.34000, 31.59679
1035, 10.35000, 32.29054
1036, 10.36000, 25.30790
1037, 10.37000, 27.99878
1038, 10.38000, 28.21087
1039, 10.39000, 29.67025
1040, 10.40000, 35.49496
1041, 10.41000, 25.58354
1042, 10.42000, 25.66632
1043, 10.43000, 22.13700
1044, 10.44000, 24.84813
1045, 10.45000, 20.81436
1046, 10.46000, 17.68741
1047, 10.47000, 34.68206
1048, 10.48000, 26.27953
1049, 10.49000, 28.86080
1050, 10.50000, 31.65493
1051, 10.51000, 28.73227
1052, 10.52000, 26.99479
1053, 10.53000, 26.35821
1054, 10.54000, 28.87149
1055, 10.55000, 26.23385
1056, 10.56000, 26.17516
1057, 10.57000, 24.28239
1058, 10.58000, 20.66231
1059, 10.59000, 25.75225
1060, 10.60000, 24.20843
1061, 10.61000, 28.48010
1062, 10.62000, 29.98615
1063, 10.63000, 31.09570
1064, 10.64000, 28.84365
1065, 10.65000, 27.50539
1066, 10.66000, 26.65759
1067, 10.67000, 27.42003
1068, 10.68000, 21.50477
1069, 10.69000, 26.18695
1070, 10.70000, 36.96496
1071, 10.71000, 36.51612
1072, 10.72000, 29.29981
1073, 10.73000, 30.33559
1074, 10.74000, 20.14552
1075, 10.75000, 23.03999
1076, 10.76000, 24.75701
1077, 10.77000, 24.14902
1078, 10.78000, 27.65602
1079, 10.79000, 29.18251
1080, 10.80000, 33.75341
1081, 10.81000, 33.76550
1082, 10.82000, 26.20168
1083, 10.83000, 27.90679
1084, 10.84000, 28.65534
1085, 10.85000, 33.80497
1086, 10.86000, 29.26887
1087, 10.87000, 28.72476
1088, 10.88000, 28.47708
1089, 10.89000, 26.09291
1090, 10.90000, 24.78606
1091, 10.91000, 26.62443
1092, 10.92000, 23.94314
1093, 10.93000, 19.02190
1094, 10.94000, 22.74084
1095, 10.95000, 28.54491
1096, 10.96000, 22.92575
1097, 10.97000, 25.78819
1098, 10.98000, 26.42170
1099, 10.99000, 29.17232
1100, 11.00000, 30.20595
1101, 11.01000, 26.62175
1102, 11.02000, 30.17523
1103, 11.03000, 31.27805
1104, 11.04000, 29.57805
1105, 11.05000, 28.54783
1106, 11.06000, 25.43052
1107, 11.07000, 17.91693
1108, 11.08000, 19.34812
1109, 11.09000, 20.31161
1110, 11.10000, 21.22195
1111, 11.11000, 24.00113
1112, 11.12000, 22.65433
1113, 11.13000, 20.02950
1114, 11.14000, 20.67262
1115, 11.15000, 20.62455
1116, 11.16000, 26.77616
1117, 11.17000, 27.45905
1118, 11.18000, 34.22749
1119, 11.19000, 26.63936
1120, 11.20000, 28.77978
1121, 11.21000, 29.15149
1122, 11.22000, 29.75268
1123, 11.23000, 28.57646
1124, 11.24000, 27.30141
1125, 11.25000, 25.11249
1126, 11.26000, 26.49098
1127, 11.27000, 24.63914
1128, 11.28000, 22.41827
1129, 11.29000, 29.83710
1130, 11.30000, 31.67548
1131, 11.31000, 23.86285
1132, 11.32000, 26.48556
1133, 11.33000, 26.54067
1134, 11.34000, 27.01895
1135, 11.35000, 28.81161
1136, 11.36000, 28.39517
1137, 11.37000, 34.54654
1138, 11.38000, 33.49338
1139, 11.39000, 32.25344
1140, 11.40000, 23.68893
1141, 11.41000, 26.54861
1142, 11.42000, 24.68049
1143, 11.43000, 26.69974
1144, 11.44000, 35.31417
1145, 11.45000, 29.78082
1146, 11.46000, 30.26600
1147, 11.47000, 29.29658
1148, 11.48000, 29.20657
1149, 11.49000, 30.79856
1150, 11.50000, 29.30359
1151, 11.51000, 27.94922
1152, 11.52000, 28.48480
1153, 11.53000, 30.68632
1154, 11.54000, 26.98480
1155, 11.55000, 22.73979
1156, 11.56000, 26.18260
1157, 11.57000, 29.03701
1158, 11.58000, 26.90083
1159, 11.59000, 20.08373
1160, 11.60000, 21.07413
1161, 11.61000, 32.93342
1162, 11.62000, 24.80619
1163, 11.63000, 22.30161
1164, 11.64000, 21.78413
1165, 11.65000, 23.51952
1166, 11.66000, 19.73541
1167, 11.67000, 19.87445
1168, 11.68000, 20.27100
1169, 11.69000, 24.34157
1170, 11.70000, 24.15244
1171, 11.71000, 32.89761
1172, 11.72000, 27.97470
1173, 11.73000, 23.88934
1174, 11.74000, 24.96279
1175, 11.75000, 22.04652
1176, 11.76000, 20.33479
1177, 11.77000, 21.90960
1178, 11.78000, 32.89701
1179, 11.79000, 26.72919
1180, 11.80000, 26.89554
1181, 11.81000, 25.71464
1182, 11.82000, 31.21849
1183, 11.83000, 30.19838
1184, 11.84000, 30.23995
1185, 11.85000, 20.89135
1186, 11.86000, 25.46667
1187, 11.87000, 24.25488
1188, 11.88000, 20.39389
1189, 11.89000, 21.89279
1190, 11.90000, 27.92263
1191, 11.91000, 24.98138
1192, 11.92000, 24.44470
1193, 11.93000, 27.97839
1194, 11.94000, 35.29599
1195, 11.95000, 35.72799
1196, 11.96000, 35.56643
1197, 11.97000, 33.15594
1198, 11.98000, 31.38010
1199, 11.99000, 29.70256
1200, 12.00000, 35.94854
1201, 12.01000, 34.90869
1202, 12.02000, 23.75723
1203, 12.03000, 31.43232
1204, 12.04000, 23.52617
1205, 12.05000, 25.36288
1206, 12.06000, 23.60547
1207, 12.07000, 24.08520
1208, 12.08000, 23.84259
1209, 12.09000, 19.75191
1210, 12.10000, 25.60690
1211, 12.11000, 33.22857
1212, 12.12000, 33.97417
1213, 12.13000, 24.85942
1214, 12.14000, 26.34250
1215, 12.15000, 22.08601
1216, 12.16000, 29.22034
1217, 12.17000, 27.77735
1218, 12.18000, 32.45742
1219, 12.19000, 26.04927
1220, 12.20000, 27.46657
1221, 12.21000, 25.64179
1222, 12.22000, 28.88950
1223, 12.23000, 20.86969
1224, 12.24000, 26.26211
1225, 12.25000, 22.38316
1226, 12.26000, 20.20878
1227, 12.27000, 33.06905
1228, 12.28000, 29.03471
1229, 12.29000, 37.18310
1230, 12.30000, 25.47402
1231, 12.31000, 28.14301
1232, 12.32000, 21.18438
1233, 12.33000, 22.39330
1234, 12.34000, 30.93120
1235, 12.35000, 28.11077
1236, 12.36000, 29.60088
1237, 12.37000, 24.80312
1238, 12.38000, 23.65513
1239, 12.39000, 23.04684
1240, 12.40000, 26.79845
1241, 12.41000, 21.06710
1242, 12.42000, 31.14144
1243, 12.43000, 30.11849
1244, 12.44000, 26.66259
1245, 12.45000, 24.95027
1246, 12.46000, 28.55580
1247, 12.47000, 28.67480
1248, 12.48000, 23.19671
1249, 12.49000, 31.21325
1250, 12.50000, 26.22536
1251, 12.51000, 26.67040
1252, 12.52000, 19.92496
1253, 12.53000, 18.52746
1254, 12.54000, 26.83492
1255, 12.55000, 29.76233
1256, 12.56000, 30.09650
1257, 12.57000, 22.44956
1258, 12.58000, 20.52509
1259, 12.59000, 27.31887
1260, 12.60000, 28.49206
1261, 12.61000, 30.99831
1262, 12.62000, 28.90802
1263, 12.63000, 36.83284
1264, 12.64000, 30.02575
1265, 12.65000, 24.48241
1266, 12.66000, 31.72426
1267, 12.67000, 29.28153
1268, 12.68000, 34.03544
1269, 12.69000, 29.58998
1270, 12.70000, 18.27677
1271, 12.71000, 23.27461
1272, 12.72000, 24.62154
1273, 12.73000, 22.14914
1274, 12.74000, 31.07247
1275, 12.75000, 33.60714
1276, 12.76000, 26.20107
1277, 12.77000, 32.24079
1278, 12.78000, 29.23919
1279, 12.79000, 29.75833
1280, 12.80000, 34.74817
1281, 12.81000, 27.38184
1282, 12.82000, 27.42149
1283, 12.83000, 27.48100
1284, 12.84000, 32.52513
1285, 12.85000, 31.97306
1286, 12.86000, 27.76544
1287, 12.87000, 20.52180
1288, 12.88000, 27.13331
1289, 12.89000, 19.03921
1290, 12.90000, 19.82399
1291, 12.91000, 22.88329
1292, 12.92000, 29.42806
1293, 12.93000, 30.61530
1294, 12.94000, 25.57589
1295, 12.95000, 26.49693
1296, 12.96000, 32.87115
1297, 12.97000, 36.85365
1298, 12.98000, 28.31057
1299, 12.99000, 28.61595
1300, 13.00000, 21.44058
1301, 13.01000, 30.60797
1302, 13.02000, 20.45631
1303, 13.03000, 26.25750
1304, 13.04000, 20.93768
1305, 13.05000, 20.92253
1306, 13.06000, 24.33110
1307, 13.07000, 39.20341
1308, 13.08000, 28.77739
1309, 13.09000, 24.08007
1310, 13.10000, 32.66593
1311, 13.11000, 28.67105
1312, 13.12000, 29.29963
1313, 13.13000, 35.22296
1314, 13.14000, 32.24092
1315, 13.15000, 27.38268
1316, 13.16000, 27.87691
1317, 13.17000, 23.96310
1318, 13.18000, 23.63611
1319, 13.19000, 24.99708
1320, 13.20000, 22.96565
1321, 13.21000, 20.49198
1322, 13.22000, 21.94435
1323, 13.23000, 20.41026
1324, 13.24000, 32.65034
1325, 13.25000, 30.20187
1326, 13.26000, 30.39081
1327, 13.27000, 30.02356
1328, 13.28000, 26.75379
1329, 13.29000, 21.73801
1330, 13.30000, 22.44059
1331, 13.31000, 20.67397
1332, 13.32000, 21.66025
1333, 13.33000, 29.88402
1334, 13.34000, 30.07381
1335, 13.35000, 24.49404
1336, 13.36000, 20.83394
1337, 13.37000, 21.49432
1338, 13.38000, 14.69668
1339, 13.39000, 20.31272
1340, 13.40000, 18.69308
1341, 13.41000, 31.78644
1342, 13.42000, 30.57789
1343, 13.43000, 26.09617
1344, 13.44000, 26.73146
1345, 13.45000, 32.00440
1346, 13.46000, 28.47316
1347, 13.47000, 26.14169
1348, 13.48000, 26.97813
1349, 13.49000, 27.51607
1350, 13.50000, 27.28359
1351, 13.51000, 21.59580
1352, 13.52000, 19.70546
1353, 13.53000, 21.75005
1354, 13.54000, 26.18075
1355, 13.55000, 18.45085
1356, 13.56000, 17.81668
1357, 13.57000, 25.34580
1358, 13.58000, 28.07811
1359, 13.59000, 31.75626
1360, 13.60000, 29.57999
1361, 13.61000, 30.48252
1362, 13.62000, 27.18986
1363, 13.63000, 31.78959
1364, 13.64000, 28.54531
1365, 13.65000, 23.47858
1366, 13.66000, 27.89235
1367, 13.67000, 22.38056
1368, 13.68000, 23.18662
1369, 13.69000, 22.04456
1370, 13.70000, 29.01169
1371, 13.71000, 23.25618
1372, 13.72000, 24.51919
1373, 13.73000, 26.30981
1374, 13.74000, 23.21048
1375, 13.75000, 29.41285
1376, 13.76000, 31.66572
1377, 13.77000, 28.57686
1378, 13.78000, 25.05659
1379, 13.79000, 23.48202
1380, 13.80000, 22.64008
1381, 13.81000, 32.52628
1382, 13.82000, 25.87024
1383, 13.83000, 26.95257
1384, 13.84000, 29.19294
1385, 13.85000, 24.13088
1386, 13.86000, 23.35075
1387, 13.87000, 26.33786
1388, 13.88000, 20.91129
1389, 13.89000, 24.76032
1390, 13.90000, 33.84957
1391, 13.91000, 26.32697
1392, 13.92000, 24.37618
1393, 13.93000, 19.53412
1394, 13.94000, 20.31920
1395, 13.95000, 29.03030
1396, 13.96000, 22.60820
1397, 13.97000, 24.59108
1398, 13.98000, 25.49373
1399, 13.99000, 22.30734
1400, 14.00000, 20.16274
1401, 14.01000, 21.57595
1402, 14.02000, 21.01765
1403, 14.03000, 25.82306
1404, 14.04000, 24.05917
1405, 14.05000, 32.38550
1406, 14.06000, 26.72542
1407, 14.07000, 32.67498
1408, 14.08000, 35.20633
1409, 14.09000, 25.45101
1410, 14.10000, 27.98463
1411, 14.11000, 33.71230
1412, 14.12000, 30.95643
1413, 14.13000, 23.59834
1414, 14.14000, 34.42348
1415, 14.15000, 22.14759
1416, 14.16000, 20.93152
1417, 14.17000, 23.50235
1418, 14.18000, 19.63045
1419, 14.19000, 16.77503
1420, 14.20000, 16.94463
1421, 14.21000, 21.31737
1422, 14.22000, 33.03182
1423, 14.23000, 26.28774
1424, 14.24000, 28.52794
1425, 14.25000, 35.04840
1426, 14.26000, 31.65096
1427, 14.27000, 39.51306
1428, 14.28000, 30.76436
1429, 14.29000, 28.09615
1430, 14.30000, 28.33735
1431, 14.31000, 32.98230
1432, 14.32000, 35.42445
1433, 14.33000, 22.04139
1434, 14.34000, 25.45336
1435, 14.35000, 18.87482
1436, 14.36000, 25.62619
1437, 14.37000, 22.77029
1438, 14.38000, 25.28010
1439, 14.39000, 28.48214
1440, 14.40000, 27.87122
1441, 14.41000, 27.01314
1442, 14.42000, 31.94375
1443, 14.43000, 31.80070
1444, 14.44000, 27.67840
1445, 14.45000, 21.38267
1446, 14.46000, 28.35055
1447, 14.47000, 29.37851
1448, 14.48000, 32.82213
1449, 14.49000, 18.10171
1450, 14.50000, 16.62854
1451, 14.51000, 14.74208
1452, 14.52000, 19.25909
1453, 14.53000, 16.32229
1454, 14.54000, 15.17369
1455, 14.55000, 23.30485
1456, 14.56000, 27.66601
1457, 14.57000, 29.26520
1458, 14.58000, 28.45458
1459, 14.59000, 29.19845
1460, 14.60000, 26.64816
1461, 14.61000, 30.27055
1462, 14.62000, 31.14257
1463, 14.63000, 33.23668
1464, 14.64000, 31.32292
1465, 14.65000, 16.53118
1466, 14.66000, 22.03530
1467, 14.67000, 20.90525
1468, 14.68000, 19.19220
1469, 14.69000, 18.36423
1470, 14.70000, 24.90993
1471, 14.71000, 25.72608
1472, 14.72000, 24.10869
1473, 14.73000, 27.15446
1474, 14.74000, 33.52686
1475, 14.75000, 25.77616
1476, 14.76000, 23.42475
1477, 14.77000, 27.23910
1478, 14.78000, 27.28900
1479, 14.79000, 31.21013
1480, 14.80000, 24.47140
1481, 14.81000, 18.73740
1482, 14.82000, 14.74534
1483, 14.83000, 21.74534
1484, 14.84000, 21.17597
1485, 14.85000, 21.05746
1486, 14.86000, 26.28261
1487, 14.87000, 28.88702
1488, 14.88000, 25.45625
1489, 14.89000, 33.41722
1490, 14.90000, 33.48929
1491, 14.91000, 36.46277
1492, 14.92000, 32.06803
1493, 14.93000, 24.68948
1494, 14.94000, 28.07275
1495, 14.95000, 24.53432
1496, 14.96000, 24.36995
1497, 14.97000, 25.52378
1498, 14.98000, 17.66234
1499, 14.99000, 17.22507
1500, 15.00000, 24.17334
1501, 15.01000, 21.29962
1502, 15.02000, 25.16209
1503, 15.03000, 27.70397
1504, 15.04000, 28.86541
1505, 15.05000, 23.22842
1506, 15.06000, 26.21263
1507, 15.07000, 30.70713
1508, 15.08000, 35.05498
1509, 15.09000, 30.78440
1510, 15.10000, 29.57393
1511, 15.11000, 32.49855
1512, 15.12000, 30.13636
1513, 15.13000, 35.68029
1514, 15.14000, 24.59092
1515, 15.15000, 24.41176
1516, 15.16000, 18.93820
1517, 15.17000, 21.55914
1518, 15.18000, 18.11642
1519, 15.19000, 16.85650
1520, 15.20000, 22.88677
1521, 15.21000, 20.32765
1522, 15.22000, 24.86047
1523, 15.23000, 26.73854
1524, 15.24000, 27.32696
1525, 15.25000, 35.58058
1526, 15.26000, 32.62328
1527, 15.27000, 27.13082
1528, 15.28000, 28.72245
1529, 15.29000, 27.29215
1530, 15.30000, 26.20594
1531, 15.31000, 25.33595
1532, 15.32000, 22.46520
1533, 15.33000, 21.75835
1534, 15.34000, 24.05241
1535, 15.35000, 23.73878
1536, 15.36000, 32.92674
1537, 15.37000, 31.81586
1538, 15.38000, 26.33891
1539, 15.39000, 30.35816
1540, 15.40000, 29.27640
1541, 15.41000, 31.00501
1542, 15.42000, 30.86080
1543, 15.43000, 29.00691
1544, 15.44000, 32.28014
1545, 15.45000, 28.54571
1546, 15.46000, 26.57746
1547, 15.47000, 25.36770
1548, 15.48000, 27.96018
1549, 15.49000, 23.85676
1550, 15.50000, 20.68443
1551, 15.51000, 23.95589
1552, 15.52000, 18.40840
1553, 15.53000, 30.43693
1554, 15.54000, 31.04195
1555, 15.55000, 36.92616
1556, 15.56000, 32.17818
1557, 15.57000, 23.80885
1558, 15.58000, 25.47045
1559, 15.59000, 23.49727
1560, 15.60000, 22.15460
1561, 15.61000, 19.35202
1562, 15.62000, 23.39385
1563, 15.63000, 21.58062
1564, 15.64000, 22.09518
1565, 15.65000, 20.83600
1566, 15.66000, 21.72102
1567, 15.67000, 22.18903
1568, 15.68000, 28.76798
1569, 15.69000, 28.01196
1570, 15.70000, 20.96324
1571, 15.71000, 28.51603
1572, 15.72000, 24.33276
1573, 15.73000, 26.95541
1574, 15.74000, 30.92787
1575, 15.75000, 28.57119
1576, 15.76000, 26.72921
1577, 15.77000, 22.74470
1578, 15.78000, 25.35335
1579, 15.79000, 24.46717
1580, 15.80000, 22.65285
1581, 15.81000, 22.37759
1582, 15.82000, 25.13389
1583, 15.83000, 24.51122
1584, 15.84000, 20.29400
1585, 15.85000, 28.64213
1586, 15.86000, 24.75590
1587, 15.87000, 32.09293
1588, 15.88000, 24.79640
1589, 15.89000, 26.97141
1590, 15.90000, 30.73776
1591, 15.91000, 29.22785
1592, 15.92000, 31.15143
1593, 15.93000, 32.36419
1594, 15.94000, 31.28759
1595, 15.95000, 27.90944
1596, 15.96000, 24.14901
1597, 15.97000, 22.33118
1598, 15.98000, 22.41738
1599, 15.99000, 21.76347
1600, 16.00000, 28.86871
1601, 16.01000, 24.66139
1602, 16.02000, 26.81945
1603, 16.03000, 24.51883
1604, 16.04000, 26.61832
1605, 16.05000, 24.38828
1606, 16.06000, 34.61421
1607, 16.07000, 32.23989
1608, 16.08000, 30.27781
1609, 16.09000, 29.03557
1610, 16.10000, 26.03709
1611, 16.11000, 32.13511
1612, 16.12000, 26.68255
1613, 16.13000, 25.32905
1614, 16.14000, 28.96842
1615, 16.15000, 26.16820
1616, 16.16000, 18.84928
1617, 16.17000, 19.34519
1618, 16.18000, 30.94420
1619, 16.19000, 24.24771
1620, 16.20000, 32.26690
1621, 16.21000, 37.96836
1622, 16.22000, 35.12979
1623, 16.23000, 33.31524
1624, 16.24000, 29.89183
1625, 16.25000, 24.15110
1626, 16.26000, 29.27564
1627, 16.27000, 29.57697
1628, 16.28000, 28.47216
1629, 16.29000, 26.73714
1630, 16.30000, 23.45350
1631, 16.31000, 22.21033
1632, 16.32000, 22.84514
1633, 16.33000, 27.94095
1634, 16.34000, 23.75210
1635, 16.35000, 26.82574
1636, 16.36000, 22.70111
1637, 16.37000, 27.65712
1638, 16.38000, 29.39913
1639, 16.39000, 27.98126
1640, 16.40000, 28.43420
1641, 16.41000, 23.63873
1642, 16.42000, 29.89562
1643, 16.43000, 21.71835
1644, 16.44000, 23.01850
1645, 16.45000, 25.84983
1646, 16.46000, 23.58166
1647, 16.47000, 20.65442
1648, 16.48000, 25.74587
1649, 16.49000, 28.54129
1650, 16.50000, 27.65168
1651, 16.51000, 23.95010
1652, 16.52000, 34.65550
1653, 16.53000, 34.27256
1654, 16.54000, 32.70786
1655, 16.55000, 23.92748
1656, 16.56000, 18.10861
1657, 16.57000, 21.10888
1658, 16.58000, 24.80849
1659, 16.59000, 29.19024
1660, 16.60000, 34.39424
1661, 16.61000, 21.45477
1662, 16.62000, 23.77202
1663, 16.63000, 23.42375
1664, 16.64000, 20.21285
1665, 16.65000, 18.13063
1666, 16.66000, 19.11843
1667, 16.67000, 23.38371
1668, 16.68000, 25.13910
1669, 16.69000, 29.21387
1670, 16.70000, 28.78577
1671, 16.71000, 31.10438
1672, 16.72000, 32.68673
1673, 16.73000, 33.29205
1674, 16.74000, 29.74760
1675, 16.75000, 28.12405
1676, 16.76000, 23.68911
1677, 16.77000, 16.24646
1678, 16.78000, 21.08085
1679, 16.79000, 21.45887
1680, 16.80000, 18.00422
1681, 16.81000, 18.43976
1682, 16.82000, 20.98356
1683, 16.83000, 30.26767
1684, 16.84000, 30.94866
1685, 16.85000, 26.02126
1686, 16.86000, 29.15316
1687, 16.87000, 30.04924
1688, 16.88000, 27.03566
1689, 16.89000, 31.38618
1690, 16.90000, 27.54975
1691, 16.91000, 26.99801
1692, 16.92000, 22.86637
1693, 16.93000, 23.91748
1694, 16.94000, 26.46964
1695, 16.95000, 21.32640
1696, 16.96000, 23.98070
1697, 16.97000, 24.03361
1698, 16.98000, 19.93719
1699, 16.99000, 29.73160
1700, 17.00000, 30.46933
1701, 17.01000, 26.32592
1702, 17.02000, 27.34092
1703, 17.03000, 32.10473
1704, 17.04000, 34.42388
1705, 17.05000, 36.12767
1706, 17.06000, 28.86237
1707, 17.07000, 24.34733
1708, 17.08000, 30.99329
1709, 17.09000, 24.57189
1710, 17.10000, 27.26186
1711, 17.11000, 27.05410
1712, 17.12000, 28.64150
1713, 17.13000, 18.25172
1714, 17.14000, 25.15741
1715, 17.15000, 24.01681
1716, 17.16000, 24.89759
1717, 17.17000, 22.57902
1718, 17.18000, 25.29470
1719, 17.19000, 25.76137
1720, 17.20000, 25.20345
1721, 17.21000, 29.43725
1722, 17.22000, 27.77841
1723, 17.23000, 22.49274
1724, 17.24000, 26.65213
1725, 17.25000, 23.41217
1726, 17.26000, 15.68561
1727, 17.27000, 21.12975
1728, 17.28000, 23.44614
1729, 17.29000, 25.48485
1730, 17.30000, 24.53469
1731, 17.31000, 30.00520
1732, 17.32000, 34.80669
1733, 17.33000, 24.19014
1734, 17.34000, 21.12300
1735, 17.35000, 21.90583
1736, 17.36000, 19.74956
1737, 17.37000, 17.24960
1738, 17.38000, 20.12880
1739, 17.39000, 21.61415
1740, 17.40000, 27.16027
1741, 17.41000, 21.33711
1742, 17.42000, 17.52615
1743, 17.43000, 19.99484
1744, 17.44000, 18.61286
1745, 17.45000, 14.35204
1746, 17.46000, 13.53060
1747, 17.47000, 14.74022
1748, 17.48000, 23.44646
1749, 17.49000, 23.22923
1750, 17.50000, 18.71426
1751, 17.51000, 27.64466
1752, 17.52000, 25.58741
1753, 17.53000, 24.14312
1754, 17.54000, 20.16533
1755, 17.55000, 22.61821
1756, 17.56000, 23.62704
1757, 17.57000, 21.09809
1758, 17.58000, 20.17032
1759, 17.59000, 18.03828
1760, 17.60000, 16.70167
1761, 17.61000, 18.13892
1762, 17.62000, 18.75673
1763, 17.63000, 17.09036
1764, 17.64000, 19.17440
1765, 17.65000, 19.57989
1766, 17.66000, 17.64988
1767, 17.67000, 23.59058
1768, 17.68000, 20.63418
1769, 17.69000, 23.03335
1770, 17.70000, 26.81584
1771, 17.71000, 24.31698
1772, 17.72000, 20.79934
1773, 17.73000, 24.55577
1774, 17.74000, 22.64048
1775, 17.75000, 16.47378
1776, 17.76000, 18.60232
1777, 17.77000, 16.76668
1778, 17.78000, 18.15986
1779, 17.79000, 17.30939
1780, 17.80000, 16.18281
1781, 17.81000, 20.98632
1782, 17.82000, 22.60419
1783, 17.83000, 25.38670
1784, 17.84000, 20.54288
1785, 17.85000, 17.55505
1786, 17.86000, 15.52143
1787, 17.87000, 19.18100
1788, 17.88000, 19.08553
1789, 17.89000, 17.77466
1790, 17.90000, 21.30527
1791, 17.91000, 17.90460
1792, 17.92000, 14.28190
1793, 17.93000, 16.24231
1794, 17.94000, 16.79338
1795, 17.95000, 16.99774
1796, 17.96000, 19.64865
1797, 17.97000, 19.44178
1798, 17.98000, 20.03560
1799, 17.99000, 22.68775
1800, 18.00000, 19.52437
1801, 18.01000, 18.76207
1802, 18.02000, 15.71336
1803, 18.03000, 17.25909
1804, 18.04000, 22.40333
1805, 18.05000, 21.43690
1806, 18.06000, 24.44306
1807, 18.07000, 18.61537
1808, 18.08000, 19.52544
1809, 18.09000, 18.56558
1810, 18.10000, 13.18332
1811, 18.11000, 16.12317
1812, 18.12000, 19.30543
1813, 18.13000, 25.04553
1814, 18.14000, 21.55389
1815, 18.15000, 18.61226
1816, 18.16000, 19.83604
1817, 18.17000, 20.00029
1818, 18.18000, 19.50994
1819, 18.19000, 20.38980
1820, 18.20000, 17.88789
1821, 18.21000, 19.26497
1822, 18.22000, 19.69379
1823, 18.23000, 17.73948
1824, 18.24000, 13.96930
1825, 18.25000, 13.01406
1826, 18.26000, 14.42171
1827, 18.27000, 14.37137
1828, 18.28000, 14.97034
1829, 18.29000, 17.75557
1830, 18.30000, 23.35335
1831, 18.31000, 24.08589
1832, 18.32000, 20.84965
1833, 18.33000, 20.53204
1834, 18.34000, 18.94625
1835, 18.35000, 17.05681
1836, 18.36000, 17.99198
1837, 18.37000, 17.44826
1838, 18.38000, 19.60004
1839, 18.39000, 20.52579
1840, 18.40000, 21.32348
1841, 18.41000, 17.05251
1842, 18.42000, 22.10675
1843, 18.43000, 18.71935
1844, 18.44000, 21.20913
1845, 18.45000, 16.43683
1846, 18.46000, 24.63352
1847, 18.47000, 22.02359
1848, 18.48000, 23.04168
1849, 18.49000, 23.80470
1850, 18.50000, 22.69522
1851, 18.51000, 21.80786
1852, 18.52000, 21.05524
1853, 18.53000, 19.31022
1854, 18.54000, 21.51219
1855, 18.55000, 18.83236
1856, 18.56000, 15.04376
1857, 18.57000, 15.14385
1858, 18.58000, 17.09696
1859, 18.59000, 17.18313
1860, 18.60000, 17.18658
1861, 18.61000, 13.76249
1862, 18.62000, 16.56043
1863, 18.63000, 15.20147
1864, 18.64000, 21.08906
1865, 18.65000, 21.48301
1866, 18.66000, 19.21122
1867, 18.67000, 19.72583
1868, 18.68000, 21.04227
1869, 18.69000, 16.54712
1870, 18.70000, 22.08646
1871, 18.71000, 19.13762
1872, 18.72000, 19.48557
1873, 18.73000, 16.24897
1874, 18.74000, 14.16388
1875, 18.75000, 12.40357
1876, 18.76000, 11.41723
1877, 18.77000, 15.98883
1878, 18.78000, 11.95211
1879, 18.79000, 18.22978
1880, 18.80000, 19.46705
1881, 18.81000, 18.76873
1882, 18.82000, 14.75782
1883, 18.83000, 14.21891
1884, 18.84000, 17.68059
1885, 18.85000, 18.62003
1886, 18.86000, 17.14026
1887, 18.87000, 18.98566
1888, 18.88000, 19.12075
1889, 18.89000, 14.62586
1890, 18.90000, 12.39257
1891, 18.91000, 14.13115
1892, 18.92000, 12.94644
1893, 18.93000, 15.83242
1894, 18.94000, 18.42133
1895, 18.95000, 15.26116
1896, 18.96000, 13.57558
1897, 18.97000, 14.43058
1898, 18.98000, 13.72139
1899, 18.99000, 13.77288
1900, 19.00000, 13.08095
1901, 19.01000, 13.35081
1902, 19.02000, 14.49899
1903, 19.03000, 13.26227
1904, 19.04000, 16.66254
1905, 19.05000, 10.38458
1906, 19.06000, 12.99275
1907, 19.07000, 14.23847
1908, 19.08000, 11.73476
1909, 19.09000, 11.98787
1910, 19.10000, 11.46070
1911, 19.11000, 14.72355
1912, 19.12000, 12.89356
1913, 19.13000, 14.62163
1914, 19.14000, 13.03408
1915, 19.15000, 15.32764
1916, 19.16000, 12.77656
1917, 19.17000, 14.67138
1918, 19.18000, 13.88260
1919, 19.19000, 14.75198
1920, 19.20000, 14.44551
1921, 19.21000, 14.79967
1922, 19.22000, 12.98700
1923, 19.23000, 12.35786
1924, 19.24000, 11.90000
1925, 19.25000, 10.12069
1926, 19.26000, 11.08517
1927, 19.27000, 11.23159
1928, 19.28000, 14.28245
1929, 19.29000, 14.34186
1930, 19.30000, 11.31686
1931, 19.31000, 13.53471
1932, 19.32000, 12.09345
1933, 19.33000, 11.01798
1934, 19.34000, 10.60270
1935, 19.35000, 13.10828
1936, 19.36000, 13.79922
1937, 19.37000, 12.71352
1938, 19.38000, 10.78170
1939, 19.39000, 12.67675
1940, 19.40000, 11.95284
1941, 19.41000, 9.62526
1942, 19.42000, 10.84856
1943, 19.43000, 11.32659
1944, 19.44000, 14.60067
1945, 19.45000, 12.41276
1946, 19.46000, 14.45234
1947, 19.47000, 11.85025
1948, 19.48000, 14.24058
1949, 19.49000, 14.46083
1950, 19.50000, 12.17327
1951, 19.51000, 13.93482
1952, 19.52000, 14.84910
1953, 19.53000, 13.37958
1954, 19.54000, 11.03585
1955, 19.55000, 10.02267
1956, 19.56000, 10.36017
1957, 19.57000, 10.48980
1958, 19.58000, 10.94460
1959, 19.59000, 13.47522
1960, 19.60000, 12.67807
1961, 19.61000, 11.48097
1962, 19.62000, 11.47690
1963, 19.63000, 10.37813
1964, 19.64000, 9.37273
1965, 19.65000, 10.18857
1966, 19.66000, 10.44237
1967, 19.67000, 10.35552
1968, 19.68000, 8.79730
1969, 19.69000, 10.67654
1970, 19.70000, 8.38397
1971, 19.71000, 8.77397
1972, 19.72000, 8.34462
1973, 19.73000, 8.69959
1974, 19.74000, 10.32057
1975, 19.75000, 8.36426
1976, 19.76000, 10.03328
1977, 19.77000, 9.67703
1978, 19.78000, 10.93135
1979, 19.79000, 11.52689
1980, 19.80000, 9.25951
1981, 19.81000, 9.02861
1982, 19.82000, 10.66559
1983, 19.83000, 11.43046
1984, 19.84000, 10.05250
1985, 19.85000, 8.99679
1986, 19.86000, 12.14798
1987, 19.87000, 8.98446
1988, 19.88000, 6.47696
1989, 19.89000, 6.70518
1990, 19.90000, 8.17868
1991, 19.91000, 6.84752
1992, 19.92000, 7.10896
1993, 19.93000, 10.12257
1994, 19.94000, 8.76259
1995, 19.95000, 7.77500
1996, 19.96000, 8.13648
1997, 19.97000, 9.38012
1998, 19.98000, 7.43356
1999, 19.99000, 7.56671
2000, 20.00000, 7.84294
2001, 20.01000, 7.27768
