nt, t, solve_time
1, 0.01000, 63.45844
2, 0.02000, 37.31798
3, 0.03000, 39.50890
4, 0.04000, 63.85169
5, 0.05000, 47.43137
6, 0.06000, 73.16340
7, 0.07000, 43.30525
8, 0.08000, 61.74520
9, 0.09000, 31.24757
10, 0.10000, 36.96878
11, 0.11000, 50.26034
12, 0.12000, 57.41703
13, 0.13000, 49.64466
14, 0.14000, 32.57291
15, 0.15000, 48.28772
16, 0.16000, 51.42435
17, 0.17000, 42.81029
18, 0.18000, 42.47859
19, 0.19000, 34.56457
20, 0.20000, 32.99425
21, 0.21000, 28.83386
22, 0.22000, 59.31028
23, 0.23000, 49.50622
24, 0.24000, 34.01183
25, 0.25000, 41.97056
26, 0.26000, 51.18398
27, 0.27000, 48.14301
28, 0.28000, 40.69621
29, 0.29000, 39.93593
30, 0.30000, 56.49530
31, 0.31000, 41.10488
32, 0.32000, 32.80832
33, 0.33000, 33.46954
34, 0.34000, 29.51369
35, 0.35000, 42.01278
36, 0.36000, 48.07853
37, 0.37000, 39.93766
38, 0.38000, 45.63839
39, 0.39000, 34.12076
40, 0.40000, 30.57682
41, 0.41000, 38.65287
42, 0.42000, 40.49021
43, 0.43000, 24.63041
44, 0.44000, 32.88230
45, 0.45000, 21.76153
46, 0.46000, 20.60465
47, 0.47000, 26.78990
48, 0.48000, 27.57178
49, 0.49000, 20.90608
50, 0.50000, 19.25698
51, 0.51000, 13.18096
52, 0.52000, 13.56176
53, 0.53000, 16.86416
54, 0.54000, 29.06124
55, 0.55000, 28.67356
56, 0.56000, 28.53983
57, 0.57000, 32.49854
58, 0.58000, 27.34159
59, 0.59000, 37.08236
60, 0.60000, 33.09350
61, 0.61000, 22.26299
62, 0.62000, 26.07829
63, 0.63000, 23.25208
64, 0.64000, 28.68036
65, 0.65000, 22.65838
66, 0.66000, 24.37894
67, 0.67000, 13.44946
68, 0.68000, 14.10395
69, 0.69000, 28.34465
70, 0.70000, 33.69454
71, 0.71000, 31.31673
72, 0.72000, 28.71520
73, 0.73000, 35.17660
74, 0.74000, 31.64875
75, 0.75000, 28.80520
76, 0.76000, 27.08845
77, 0.77000, 33.55717
78, 0.78000, 27.23814
79, 0.79000, 23.45168
80, 0.80000, 26.23855
81, 0.81000, 27.12638
82, 0.82000, 25.25065
83, 0.83000, 36.24633
84, 0.84000, 49.56454
85, 0.85000, 28.93712
86, 0.86000, 27.75436
87, 0.87000, 35.38391
88, 0.88000, 41.62546
89, 0.89000, 38.85491
90, 0.90000, 43.48831
91, 0.91000, 31.11732
92, 0.92000, 40.31337
93, 0.93000, 41.25281
94, 0.94000, 47.52776
95, 0.95000, 37.54631
96, 0.96000, 40.95117
97, 0.97000, 35.21766
98, 0.98000, 25.65525
99, 0.99000, 25.24527
100, 1.00000, 38.47023
101, 1.01000, 29.33933
102, 1.02000, 46.60733
103, 1.03000, 33.34577
104, 1.04000, 36.50358
105, 1.05000, 41.10957
106, 1.06000, 36.65885
107, 1.07000, 32.59247
108, 1.08000, 31.15750
109, 1.09000, 35.23035
110, 1.10000, 32.78033
111, 1.11000, 37.46796
112, 1.12000, 47.19435
113, 1.13000, 34.40984
114, 1.14000, 37.57401
115, 1.15000, 25.58831
116, 1.16000, 27.69632
117, 1.17000, 34.73951
118, 1.18000, 36.96037
119, 1.19000, 42.21838
120, 1.20000, 32.48099
121, 1.21000, 48.74987
122, 1.22000, 27.75578
123, 1.23000, 31.97167
124, 1.24000, 47.67888
125, 1.25000, 58.11951
126, 1.26000, 37.90206
127, 1.27000, 47.26029
128, 1.28000, 47.44488
129, 1.29000, 41.77039
130, 1.30000, 47.14053
131, 1.31000, 38.86264
132, 1.32000, 37.80055
133, 1.33000, 32.59032
134, 1.34000, 29.92383
135, 1.35000, 29.94834
136, 1.36000, 29.61476
137, 1.37000, 33.85163
138, 1.38000, 39.58069
139, 1.39000, 44.94739
140, 1.40000, 34.74527
141, 1.41000, 25.60053
142, 1.42000, 26.49774
143, 1.43000, 26.17464
144, 1.44000, 27.94943
145, 1.45000, 35.69103
146, 1.46000, 22.25660
147, 1.47000, 32.72185
148, 1.48000, 38.29947
149, 1.49000, 37.19436
150, 1.50000, 39.24879
151, 1.51000, 42.22716
152, 1.52000, 35.34405
153, 1.53000, 37.17457
154, 1.54000, 45.96833
155, 1.55000, 29.46025
156, 1.56000, 35.49478
157, 1.57000, 25.88646
158, 1.58000, 31.86012
159, 1.59000, 29.11034
160, 1.60000, 35.27783
161, 1.61000, 41.99737
162, 1.62000, 41.87339
163, 1.63000, 37.90953
164, 1.64000, 49.52756
165, 1.65000, 40.71386
166, 1.66000, 30.36391
167, 1.67000, 47.42000
168, 1.68000, 42.41000
169, 1.69000, 38.80507
170, 1.70000, 19.35293
171, 1.71000, 27.59063
172, 1.72000, 36.39818
173, 1.73000, 30.17255
174, 1.74000, 29.84608
175, 1.75000, 29.50619
176, 1.76000, 41.62171
177, 1.77000, 41.13220
178, 1.78000, 29.80218
179, 1.79000, 26.08534
180, 1.80000, 33.75613
181, 1.81000, 46.42521
182, 1.82000, 33.30513
183, 1.83000, 21.85589
184, 1.84000, 19.45407
185, 1.85000, 32.07460
186, 1.86000, 22.43592
187, 1.87000, 24.49561
188, 1.88000, 27.45807
189, 1.89000, 29.84860
190, 1.90000, 21.58058
191, 1.91000, 34.74425
192, 1.92000, 40.63475
193, 1.93000, 31.51564
194, 1.94000, 40.92520
195, 1.95000, 34.82997
196, 1.96000, 25.29889
197, 1.97000, 22.91715
198, 1.98000, 28.24416
199, 1.99000, 26.80710
200, 2.00000, 45.57798
201, 2.01000, 37.02262
202, 2.02000, 21.53113
203, 2.03000, 27.74316
204, 2.04000, 21.70716
205, 2.05000, 26.61185
206, 2.06000, 25.27488
207, 2.07000, 19.02225
208, 2.08000, 24.39806
209, 2.09000, 26.14118
210, 2.10000, 16.61823
211, 2.11000, 19.54954
212, 2.12000, 20.09650
213, 2.13000, 29.68256
214, 2.14000, 28.52288
215, 2.15000, 29.69641
216, 2.16000, 26.01576
217, 2.17000, 22.83946
218, 2.18000, 17.38585
219, 2.19000, 18.19028
220, 2.20000, 18.61632
221, 2.21000, 18.94167
222, 2.22000, 22.34980
223, 2.23000, 19.98413
224, 2.24000, 25.39042
225, 2.25000, 30.54347
226, 2.26000, 26.92951
227, 2.27000, 28.56351
228, 2.28000, 29.29393
229, 2.29000, 25.14172
230, 2.30000, 28.20251
231, 2.31000, 25.44460
232, 2.32000, 20.98046
233, 2.33000, 20.57755
234, 2.34000, 22.25741
235, 2.35000, 19.95536
236, 2.36000, 21.22222
237, 2.37000, 30.64867
238, 2.38000, 35.75420
239, 2.39000, 22.24961
240, 2.40000, 23.58728
241, 2.41000, 17.91009
242, 2.42000, 22.95141
243, 2.43000, 25.80506
244, 2.44000, 28.43682
245, 2.45000, 26.32543
246, 2.46000, 25.28630
247, 2.47000, 31.84473
248, 2.48000, 23.68921
249, 2.49000, 22.53048
250, 2.50000, 22.08844
251, 2.51000, 20.94701
252, 2.52000, 36.12991
253, 2.53000, 32.85700
254, 2.54000, 23.11965
255, 2.55000, 22.29215
256, 2.56000, 25.71981
257, 2.57000, 21.42937
258, 2.58000, 22.78139
259, 2.59000, 28.53005
260, 2.60000, 24.54625
261, 2.61000, 30.37220
262, 2.62000, 19.71862
263, 2.63000, 20.69414
264, 2.64000, 22.77424
265, 2.65000, 23.68705
266, 2.66000, 22.83862
267, 2.67000, 23.02417
268, 2.68000, 30.58373
269, 2.69000, 18.78757
270, 2.70000, 20.22129
271, 2.71000, 23.48008
272, 2.72000, 23.70324
273, 2.73000, 22.29507
274, 2.74000, 22.39468
275, 2.75000, 24.81520
276, 2.76000, 28.14288
277, 2.77000, 31.87047
278, 2.78000, 31.72766
279, 2.79000, 25.36338
280, 2.80000, 21.92625
281, 2.81000, 24.14695
282, 2.82000, 22.56196
283, 2.83000, 20.86425
284, 2.84000, 33.33720
285, 2.85000, 27.57409
286, 2.86000, 26.00016
287, 2.87000, 24.82117
288, 2.88000, 19.94510
289, 2.89000, 14.54725
290, 2.90000, 22.60879
291, 2.91000, 30.57188
292, 2.92000, 23.84215
293, 2.93000, 31.04392
294, 2.94000, 21.74614
295, 2.95000, 26.07498
296, 2.96000, 31.67702
297, 2.97000, 24.45340
298, 2.98000, 30.97727
299, 2.99000, 32.29188
300, 3.00000, 29.71212
301, 3.01000, 25.30170
302, 3.02000, 18.42083
303, 3.03000, 17.71742
304, 3.04000, 18.11535
305, 3.05000, 15.98605
306, 3.06000, 21.90511
307, 3.07000, 23.32297
308, 3.08000, 24.49947
309, 3.09000, 23.46778
310, 3.10000, 21.49318
311, 3.11000, 21.53444
312, 3.12000, 21.21890
313, 3.13000, 29.74894
314, 3.14000, 26.55066
315, 3.15000, 26.60111
316, 3.16000, 29.27840
317, 3.17000, 21.47401
318, 3.18000, 29.60415
319, 3.19000, 28.45046
320, 3.20000, 33.97217
321, 3.21000, 25.46586
322, 3.22000, 22.75764
323, 3.23000, 26.73491
324, 3.24000, 32.06593
325, 3.25000, 24.24780
326, 3.26000, 21.54935
327, 3.27000, 18.43341
328, 3.28000, 27.04445
329, 3.29000, 24.81194
330, 3.30000, 35.35504
331, 3.31000, 29.76669
332, 3.32000, 34.13589
333, 3.33000, 41.85285
334, 3.34000, 40.42352
335, 3.35000, 35.98834
336, 3.36000, 28.53088
337, 3.37000, 31.99371
338, 3.38000, 33.13218
339, 3.39000, 25.92806
340, 3.40000, 20.12214
341, 3.41000, 18.13892
342, 3.42000, 14.40920
343, 3.43000, 17.13347
344, 3.44000, 26.25774
345, 3.45000, 27.94727
346, 3.46000, 28.62951
347, 3.47000, 28.53745
348, 3.48000, 26.13307
349, 3.49000, 27.90937
350, 3.50000, 24.34428
351, 3.51000, 27.80280
352, 3.52000, 26.39698
353, 3.53000, 29.06203
354, 3.54000, 38.35537
355, 3.55000, 30.29440
356, 3.56000, 29.92164
357, 3.57000, 31.02370
358, 3.58000, 32.74823
359, 3.59000, 38.61612
360, 3.60000, 33.87444
361, 3.61000, 30.01585
362, 3.62000, 29.36087
363, 3.63000, 19.16677
364, 3.64000, 35.44258
365, 3.65000, 21.90334
366, 3.66000, 22.45639
367, 3.67000, 21.85187
368, 3.68000, 12.98137
369, 3.69000, 15.32551
370, 3.70000, 14.62314
371, 3.71000, 21.08887
372, 3.72000, 21.56063
373, 3.73000, 22.33676
374, 3.74000, 27.34868
375, 3.75000, 21.06707
376, 3.76000, 24.01791
377, 3.77000, 19.88516
378, 3.78000, 19.31825
379, 3.79000, 21.05994
380, 3.80000, 28.72243
381, 3.81000, 26.23766
382, 3.82000, 20.68646
383, 3.83000, 17.40538
384, 3.84000, 13.69771
385, 3.85000, 18.92820
386, 3.86000, 18.88991
387, 3.87000, 26.89144
388, 3.88000, 24.91612
389, 3.89000, 23.48656
390, 3.90000, 27.19943
391, 3.91000, 25.82606
392, 3.92000, 22.99256
393, 3.93000, 25.88397
394, 3.94000, 27.68110
395, 3.95000, 26.15619
396, 3.96000, 24.34045
397, 3.97000, 23.33386
398, 3.98000, 26.86045
399, 3.99000, 22.65793
400, 4.00000, 18.31137
401, 4.01000, 16.97660
402, 4.02000, 24.66989
403, 4.03000, 17.53481
404, 4.04000, 18.57339
405, 4.05000, 18.90186
406, 4.06000, 18.32227
407, 4.07000, 29.84671
408, 4.08000, 29.05236
409, 4.09000, 29.22837
410, 4.10000, 25.00547
411, 4.11000, 26.63855
412, 4.12000, 28.41752
413, 4.13000, 26.99928
414, 4.14000, 24.06310
415, 4.15000, 24.65306
416, 4.16000, 27.00176
417, 4.17000, 32.11594
418, 4.18000, 25.36572
419, 4.19000, 26.25996
420, 4.20000, 21.42785
421, 4.21000, 23.96450
422, 4.22000, 24.23702
423, 4.23000, 23.62521
424, 4.24000, 18.78451
425, 4.25000, 22.77929
426, 4.26000, 26.99777
427, 4.27000, 28.42979
428, 4.28000, 23.93426
429, 4.29000, 23.80890
430, 4.30000, 23.47851
431, 4.31000, 28.43368
432, 4.32000, 24.95719
433, 4.33000, 25.37239
434, 4.34000, 26.96855
435, 4.35000, 18.88473
436, 4.36000, 23.66262
437, 4.37000, 21.86621
438, 4.38000, 26.57991
439, 4.39000, 26.97780
440, 4.40000, 22.21987
441, 4.41000, 24.98037
442, 4.42000, 22.16453
443, 4.43000, 24.01285
444, 4.44000, 25.80313
445, 4.45000, 25.77260
446, 4.46000, 22.12368
447, 4.47000, 25.56669
448, 4.48000, 22.83077
449, 4.49000, 24.95286
450, 4.50000, 31.68169
451, 4.51000, 23.32199
452, 4.52000, 22.19737
453, 4.53000, 30.15139
454, 4.54000, 19.27219
455, 4.55000, 18.48955
456, 4.56000, 22.59403
457, 4.57000, 19.77516
458, 4.58000, 26.73153
459, 4.59000, 28.30718
460, 4.60000, 28.67084
461, 4.61000, 25.91318
462, 4.62000, 31.42938
463, 4.63000, 28.50085
464, 4.64000, 23.40056
465, 4.65000, 26.05625
466, 4.66000, 16.41619
467, 4.67000, 20.95721
468, 4.68000, 18.22998
469, 4.69000, 23.02762
470, 4.70000, 25.04799
471, 4.71000, 25.26550
472, 4.72000, 21.67048
473, 4.73000, 21.21878
474, 4.74000, 21.32810
475, 4.75000, 23.53933
476, 4.76000, 25.29673
477, 4.77000, 27.76756
478, 4.78000, 21.50799
479, 4.79000, 18.09504
480, 4.80000, 17.78256
481, 4.81000, 20.12560
482, 4.82000, 18.01992
483, 4.83000, 18.99035
484, 4.84000, 16.35694
485, 4.85000, 21.93619
486, 4.86000, 22.62769
487, 4.87000, 18.76256
488, 4.88000, 21.54631
489, 4.89000, 21.53444
490, 4.90000, 18.48821
491, 4.91000, 19.47194
492, 4.92000, 21.91668
493, 4.93000, 23.13254
494, 4.94000, 28.77261
495, 4.95000, 26.56238
496, 4.96000, 27.21908
497, 4.97000, 26.15061
498, 4.98000, 16.63260
499, 4.99000, 19.22679
500, 5.00000, 19.96626
501, 5.01000, 22.56669
502, 5.02000, 24.71946
503, 5.03000, 25.44247
504, 5.04000, 19.94868
505, 5.05000, 30.10070
506, 5.06000, 22.30564
507, 5.07000, 30.43452
508, 5.08000, 22.55348
509, 5.09000, 28.19690
510, 5.10000, 30.57515
511, 5.11000, 28.18966
512, 5.12000, 23.13459
513, 5.13000, 23.20046
514, 5.14000, 17.42706
515, 5.15000, 24.84953
516, 5.16000, 24.40288
517, 5.17000, 32.09639
518, 5.18000, 36.90881
519, 5.19000, 31.20702
520, 5.20000, 27.33558
521, 5.21000, 28.50125
522, 5.22000, 32.01336
523, 5.23000, 35.80234
524, 5.24000, 24.56059
525, 5.25000, 31.55144
526, 5.26000, 30.28188
527, 5.27000, 28.35205
528, 5.28000, 38.61179
529, 5.29000, 18.18142
530, 5.30000, 25.47211
531, 5.31000, 22.49438
532, 5.32000, 20.26914
533, 5.33000, 25.28200
534, 5.34000, 23.49434
535, 5.35000, 21.73928
536, 5.36000, 23.01471
537, 5.37000, 24.82446
538, 5.38000, 21.95223
539, 5.39000, 20.32076
540, 5.40000, 24.05284
541, 5.41000, 27.02108
542, 5.42000, 25.62647
543, 5.43000, 28.60160
544, 5.44000, 22.76324
545, 5.45000, 13.23193
546, 5.46000, 16.26368
547, 5.47000, 17.99751
548, 5.48000, 22.35529
549, 5.49000, 18.26329
550, 5.50000, 27.07388
551, 5.51000, 24.73031
552, 5.52000, 24.60757
553, 5.53000, 31.32381
554, 5.54000, 24.00203
555, 5.55000, 27.38245
556, 5.56000, 23.15819
557, 5.57000, 23.49284
558, 5.58000, 19.31567
559, 5.59000, 24.45930
560, 5.60000, 23.57369
561, 5.61000, 18.25591
562, 5.62000, 18.47210
563, 5.63000, 15.75693
564, 5.64000, 18.17540
565, 5.65000, 20.25693
566, 5.66000, 23.85346
567, 5.67000, 24.50190
568, 5.68000, 24.31632
569, 5.69000, 25.13569
570, 5.70000, 31.48737
571, 5.71000, 20.44498
572, 5.72000, 24.88001
573, 5.73000, 22.74997
574, 5.74000, 23.45926
575, 5.75000, 21.30408
576, 5.76000, 19.41163
577, 5.77000, 17.18552
578, 5.78000, 12.64835
579, 5.79000, 20.22437
580, 5.80000, 26.45495
581, 5.81000, 28.83800
582, 5.82000, 23.57581
583, 5.83000, 21.31251
584, 5.84000, 23.93257
585, 5.85000, 26.44160
586, 5.86000, 27.05379
587, 5.87000, 25.75919
588, 5.88000, 27.25360
589, 5.89000, 26.40852
590, 5.90000, 22.11102
591, 5.91000, 21.35034
592, 5.92000, 21.80664
593, 5.93000, 18.90838
594, 5.94000, 24.20032
595, 5.95000, 19.44726
596, 5.96000, 21.48099
597, 5.97000, 21.13787
598, 5.98000, 25.59309
599, 5.99000, 20.35019
600, 6.00000, 21.28066
601, 6.01000, 20.34075
602, 6.02000, 22.08328
603, 6.03000, 20.09203
604, 6.04000, 23.63117
605, 6.05000, 29.14410
606, 6.06000, 23.13135
607, 6.07000, 22.23994
608, 6.08000, 15.51232
609, 6.09000, 20.33702
610, 6.10000, 25.09750
611, 6.11000, 27.26161
612, 6.12000, 23.02088
613, 6.13000, 21.14848
614, 6.14000, 25.49967
615, 6.15000, 26.13087
616, 6.16000, 23.98443
617, 6.17000, 29.04097
618, 6.18000, 23.98075
619, 6.19000, 29.63559
620, 6.20000, 23.61853
621, 6.21000, 25.27005
622, 6.22000, 25.85270
623, 6.23000, 15.13539
624, 6.24000, 16.08726
625, 6.25000, 19.81112
626, 6.26000, 22.40374
627, 6.27000, 29.02665
628, 6.28000, 23.91631
629, 6.29000, 21.73841
630, 6.30000, 19.52441
631, 6.31000, 16.89272
632, 6.32000, 19.54820
633, 6.33000, 26.56729
634, 6.34000, 19.75281
635, 6.35000, 18.75631
636, 6.36000, 19.69245
637, 6.37000, 20.33018
638, 6.38000, 24.38159
639, 6.39000, 25.11313
640, 6.40000, 20.14415
641, 6.41000, 22.77800
642, 6.42000, 25.22002
643, 6.43000, 21.96840
644, 6.44000, 19.62346
645, 6.45000, 23.71474
646, 6.46000, 23.82087
647, 6.47000, 22.30459
648, 6.48000, 23.10716
649, 6.49000, 16.00285
650, 6.50000, 18.68385
651, 6.51000, 25.56958
652, 6.52000, 26.15598
653, 6.53000, 25.53075
654, 6.54000, 16.80072
655, 6.55000, 19.90967
656, 6.56000, 12.97770
657, 6.57000, 14.05101
658, 6.58000, 15.15493
659, 6.59000, 26.08547
660, 6.60000, 24.26785
661, 6.61000, 26.55670
662, 6.62000, 20.93569
663, 6.63000, 20.60037
664, 6.64000, 20.40828
665, 6.65000, 24.29793
666, 6.66000, 16.67631
667, 6.67000, 15.35434
668, 6.68000, 15.63845
669, 6.69000, 20.63340
670, 6.70000, 16.77609
671, 6.71000, 13.95741
672, 6.72000, 12.72385
673, 6.73000, 19.40486
674, 6.74000, 24.43680
675, 6.75000, 19.22077
676, 6.76000, 19.45305
677, 6.77000, 19.38258
678, 6.78000, 28.02988
679, 6.79000, 22.90925
680, 6.80000, 20.31689
681, 6.81000, 25.61292
682, 6.82000, 23.18641
683, 6.83000, 22.15481
684, 6.84000, 25.95869
685, 6.85000, 23.74658
686, 6.86000, 16.05418
687, 6.87000, 16.29057
688, 6.88000, 11.57272
689, 6.89000, 17.12681
690, 6.90000, 25.60878
691, 6.91000, 30.41364
692, 6.92000, 21.39118
693, 6.93000, 25.85330
694, 6.94000, 20.80230
695, 6.95000, 23.54632
696, 6.96000, 29.87305
697, 6.97000, 29.44578
698, 6.98000, 28.98787
699, 6.99000, 27.71037
700, 7.00000, 17.89866
701, 7.01000, 26.30672
702, 7.02000, 23.87381
703, 7.03000, 18.68014
704, 7.04000, 21.94572
705, 7.05000, 23.74262
706, 7.06000, 23.29084
707, 7.07000, 24.56382
708, 7.08000, 26.59476
709, 7.09000, 31.23753
710, 7.10000, 25.90938
711, 7.11000, 30.71253
712, 7.12000, 31.74422
713, 7.13000, 26.94454
714, 7.14000, 25.66953
715, 7.15000, 25.16110
716, 7.16000, 22.24551
717, 7.17000, 22.28719
718, 7.18000, 17.71679
719, 7.19000, 23.24603
720, 7.20000, 22.96539
721, 7.21000, 19.26927
722, 7.22000, 17.56924
723, 7.23000, 17.40886
724, 7.24000, 13.24474
725, 7.25000, 17.37593
726, 7.26000, 20.69832
727, 7.27000, 27.92726
728, 7.28000, 28.13674
729, 7.29000, 23.93347
730, 7.30000, 26.79060
731, 7.31000, 25.66468
732, 7.32000, 24.39693
733, 7.33000, 24.08835
734, 7.34000, 28.79012
735, 7.35000, 18.78275
736, 7.36000, 26.28813
737, 7.37000, 22.56758
738, 7.38000, 22.76593
739, 7.39000, 21.88383
740, 7.40000, 26.27653
741, 7.41000, 24.89874
742, 7.42000, 27.68968
743, 7.43000, 23.23062
744, 7.44000, 23.94389
745, 7.45000, 24.98637
746, 7.46000, 27.42743
747, 7.47000, 19.88377
748, 7.48000, 22.61722
749, 7.49000, 21.28361
750, 7.50000, 26.97176
751, 7.51000, 27.04072
752, 7.52000, 26.55386
753, 7.53000, 28.24318
754, 7.54000, 23.89651
755, 7.55000, 28.25410
756, 7.56000, 23.90929
757, 7.57000, 23.82545
758, 7.58000, 24.07187
759, 7.59000, 24.60853
760, 7.60000, 19.96679
761, 7.61000, 17.02001
762, 7.62000, 22.47131
763, 7.63000, 21.41478
764, 7.64000, 24.75855
765, 7.65000, 18.67927
766, 7.66000, 21.66845
767, 7.67000, 20.47036
768, 7.68000, 27.94096
769, 7.69000, 22.66149
770, 7.70000, 26.01464
771, 7.71000, 27.15339
772, 7.72000, 24.41698
773, 7.73000, 24.99095
774, 7.74000, 24.56604
775, 7.75000, 23.88058
776, 7.76000, 23.16536
777, 7.77000, 26.20713
778, 7.78000, 30.09048
779, 7.79000, 20.41919
780, 7.80000, 12.90758
781, 7.81000, 16.63677
782, 7.82000, 18.70081
783, 7.83000, 18.27626
784, 7.84000, 24.15628
785, 7.85000, 30.17638
786, 7.86000, 24.57039
787, 7.87000, 30.54951
788, 7.88000, 21.79464
789, 7.89000, 20.44554
790, 7.90000, 23.33951
791, 7.91000, 23.39789
792, 7.92000, 20.63310
793, 7.93000, 20.09313
794, 7.94000, 30.73995
795, 7.95000, 25.90170
796, 7.96000, 26.93424
797, 7.97000, 18.13255
798, 7.98000, 24.24819
799, 7.99000, 24.73761
800, 8.00000, 31.12441
801, 8.01000, 27.14584
802, 8.02000, 26.07076
803, 8.03000, 25.02473
804, 8.04000, 28.35040
805, 8.05000, 25.18121
806, 8.06000, 25.31405
807, 8.07000, 30.25146
808, 8.08000, 25.89854
809, 8.09000, 26.17309
810, 8.10000, 25.91003
811, 8.11000, 21.67726
812, 8.12000, 17.20912
813, 8.13000, 15.02268
814, 8.14000, 18.38761
815, 8.15000, 16.45424
816, 8.16000, 22.13883
817, 8.17000, 28.07389
818, 8.18000, 19.96802
819, 8.19000, 20.56161
820, 8.20000, 23.77846
821, 8.21000, 21.67325
822, 8.22000, 24.78845
823, 8.23000, 26.84630
824, 8.24000, 22.10572
825, 8.25000, 23.50076
826, 8.26000, 27.34780
827, 8.27000, 25.39352
828, 8.28000, 15.58509
829, 8.29000, 20.29342
830, 8.30000, 29.74556
831, 8.31000, 27.91797
832, 8.32000, 25.41220
833, 8.33000, 19.44405
834, 8.34000, 30.32434
835, 8.35000, 25.09601
836, 8.36000, 27.72822
837, 8.37000, 17.72132
838, 8.38000, 17.37709
839, 8.39000, 19.57957
840, 8.40000, 26.92918
841, 8.41000, 27.79802
842, 8.42000, 28.81098
843, 8.43000, 19.49961
844, 8.44000, 14.23691
845, 8.45000, 15.83172
846, 8.46000, 22.23203
847, 8.47000, 22.35515
848, 8.48000, 27.53329
849, 8.49000, 29.14455
850, 8.50000, 17.53997
851, 8.51000, 21.61736
852, 8.52000, 19.72873
853, 8.53000, 24.64704
854, 8.54000, 23.48976
855, 8.55000, 24.79388
856, 8.56000, 19.79591
857, 8.57000, 24.00427
858, 8.58000, 22.67252
859, 8.59000, 20.57403
860, 8.60000, 19.47912
861, 8.61000, 19.49898
862, 8.62000, 23.50227
863, 8.63000, 17.41519
864, 8.64000, 20.88915
865, 8.65000, 24.47403
866, 8.66000, 24.08990
867, 8.67000, 21.81634
868, 8.68000, 25.26006
869, 8.69000, 29.32756
870, 8.70000, 27.28797
871, 8.71000, 28.56090
872, 8.72000, 21.43339
873, 8.73000, 19.41596
874, 8.74000, 18.94720
875, 8.75000, 12.31786
876, 8.76000, 15.08288
877, 8.77000, 15.07117
878, 8.78000, 14.55426
879, 8.79000, 24.26938
880, 8.80000, 20.47423
881, 8.81000, 17.46060
882, 8.82000, 25.04643
883, 8.83000, 24.66749
884, 8.84000, 25.02217
885, 8.85000, 20.78038
886, 8.86000, 25.75706
887, 8.87000, 22.63889
888, 8.88000, 19.79669
889, 8.89000, 21.09404
890, 8.90000, 23.20442
891, 8.91000, 20.07888
892, 8.92000, 22.56945
893, 8.93000, 26.01937
894, 8.94000, 26.79106
895, 8.95000, 22.14520
896, 8.96000, 26.40678
897, 8.97000, 24.96523
898, 8.98000, 22.10171
899, 8.99000, 18.71613
900, 9.00000, 19.70850
901, 9.01000, 23.92536
902, 9.02000, 23.61600
903, 9.03000, 21.54832
904, 9.04000, 20.07687
905, 9.05000, 18.40676
906, 9.06000, 12.66019
907, 9.07000, 24.16543
908, 9.08000, 18.70396
909, 9.09000, 19.45211
910, 9.10000, 22.69415
911, 9.11000, 21.76549
912, 9.12000, 22.20930
913, 9.13000, 31.05774
914, 9.14000, 21.21562
915, 9.15000, 21.79442
916, 9.16000, 21.56304
917, 9.17000, 25.34603
918, 9.18000, 25.64209
919, 9.19000, 21.13198
920, 9.20000, 23.03286
921, 9.21000, 24.53263
922, 9.22000, 24.69325
923, 9.23000, 20.89960
924, 9.24000, 21.63451
925, 9.25000, 21.97039
926, 9.26000, 30.02086
927, 9.27000, 29.14075
928, 9.28000, 28.91961
929, 9.29000, 25.51707
930, 9.30000, 25.78617
931, 9.31000, 21.40121
932, 9.32000, 20.97723
933, 9.33000, 27.10044
934, 9.34000, 26.65624
935, 9.35000, 24.38146
936, 9.36000, 34.63458
937, 9.37000, 24.47494
938, 9.38000, 19.65772
939, 9.39000, 17.57176
940, 9.40000, 21.03493
941, 9.41000, 21.96756
942, 9.42000, 22.43678
943, 9.43000, 19.45841
944, 9.44000, 21.58778
945, 9.45000, 18.39711
946, 9.46000, 23.10882
947, 9.47000, 23.92037
948, 9.48000, 30.99634
949, 9.49000, 20.73829
950, 9.50000, 24.60078
951, 9.51000, 28.08926
952, 9.52000, 22.06576
953, 9.53000, 25.69731
954, 9.54000, 31.10663
955, 9.55000, 25.11554
956, 9.56000, 25.86643
957, 9.57000, 20.99936
958, 9.58000, 16.71196
959, 9.59000, 20.54197
960, 9.60000, 23.21799
961, 9.61000, 28.75558
962, 9.62000, 24.85694
963, 9.63000, 23.11450
964, 9.64000, 29.24055
965, 9.65000, 28.04072
966, 9.66000, 22.41168
967, 9.67000, 20.32868
968, 9.68000, 17.10636
969, 9.69000, 12.15992
970, 9.70000, 21.36816
971, 9.71000, 20.25834
972, 9.72000, 23.63692
973, 9.73000, 22.86836
974, 9.74000, 22.05460
975, 9.75000, 21.79264
976, 9.76000, 21.90069
977, 9.77000, 24.58463
978, 9.78000, 23.76097
979, 9.79000, 23.45776
980, 9.80000, 22.79896
981, 9.81000, 25.58589
982, 9.82000, 25.32149
983, 9.83000, 22.49980
984, 9.84000, 22.01726
985, 9.85000, 25.71524
986, 9.86000, 21.13193
987, 9.87000, 26.11714
988, 9.88000, 22.77901
989, 9.89000, 28.68379
990, 9.90000, 26.30024
991, 9.91000, 28.70278
992, 9.92000, 24.11719
993, 9.93000, 20.37683
994, 9.94000, 20.59305
995, 9.95000, 21.81016
996, 9.96000, 19.98999
997, 9.97000, 27.26531
998, 9.98000, 21.99924
999, 9.99000, 25.32824
1000, 10.00000, 19.71744
1001, 10.01000, 16.08980
1002, 10.02000, 14.23260
1003, 10.03000, 15.54609
1004, 10.04000, 26.89923
1005, 10.05000, 17.58979
1006, 10.06000, 17.88825
1007, 10.07000, 23.16664
1008, 10.08000, 24.44566
1009, 10.09000, 20.34404
1010, 10.10000, 25.42934
1011, 10.11000, 24.70815
1012, 10.12000, 22.61134
1013, 10.13000, 21.68545
1014, 10.14000, 21.65204
1015, 10.15000, 25.48676
1016, 10.16000, 32.41741
1017, 10.17000, 21.08609
1018, 10.18000, 17.78386
1019, 10.19000, 22.86727
1020, 10.20000, 27.50880
1021, 10.21000, 34.18257
1022, 10.22000, 32.05807
1023, 10.23000, 23.50084
1024, 10.24000, 27.87679
1025, 10.25000, 26.02213
1026, 10.26000, 24.72576
1027, 10.27000, 26.91926
1028, 10.28000, 30.33531
1029, 10.29000, 29.36245
1030, 10.30000, 21.16549
1031, 10.31000, 26.97155
1032, 10.32000, 25.61312
1033, 10.33000, 18.49190
1034, 10.34000, 18.95357
1035, 10.35000, 17.37722
1036, 10.36000, 20.78434
1037, 10.37000, 21.99289
1038, 10.38000, 24.68878
1039, 10.39000, 32.13519
1040, 10.40000, 27.52691
1041, 10.41000, 32.08394
1042, 10.42000, 23.68288
1043, 10.43000, 31.31045
1044, 10.44000, 25.82878
1045, 10.45000, 19.19727
1046, 10.46000, 18.92752
1047, 10.47000, 21.34680
1048, 10.48000, 18.70204
1049, 10.49000, 23.41070
1050, 10.50000, 26.14435
1051, 10.51000, 22.41458
1052, 10.52000, 24.19682
1053, 10.53000, 17.09166
1054, 10.54000, 20.63707
1055, 10.55000, 25.88012
1056, 10.56000, 26.64321
1057, 10.57000, 23.99991
1058, 10.58000, 25.34813
1059, 10.59000, 18.58377
1060, 10.60000, 15.61125
1061, 10.61000, 16.39557
1062, 10.62000, 15.59071
1063, 10.63000, 13.01496
1064, 10.64000, 24.97533
1065, 10.65000, 18.30155
1066, 10.66000, 23.44961
1067, 10.67000, 26.84462
1068, 10.68000, 29.12547
1069, 10.69000, 21.65687
1070, 10.70000, 22.83838
1071, 10.71000, 21.74702
1072, 10.72000, 21.94785
1073, 10.73000, 21.80663
1074, 10.74000, 29.42230
1075, 10.75000, 30.31749
1076, 10.76000, 27.49229
1077, 10.77000, 26.62148
1078, 10.78000, 21.55982
1079, 10.79000, 24.75052
1080, 10.80000, 22.57562
1081, 10.81000, 21.99468
1082, 10.82000, 32.80889
1083, 10.83000, 27.92942
1084, 10.84000, 25.62583
1085, 10.85000, 18.38593
1086, 10.86000, 26.69189
1087, 10.87000, 30.57432
1088, 10.88000, 26.67159
1089, 10.89000, 27.81329
1090, 10.90000, 23.77787
1091, 10.91000, 21.26694
1092, 10.92000, 25.47398
1093, 10.93000, 27.68877
1094, 10.94000, 30.28086
1095, 10.95000, 19.15523
1096, 10.96000, 19.96905
1097, 10.97000, 19.68647
1098, 10.98000, 21.52300
1099, 10.99000, 22.41702
1100, 11.00000, 23.93997
1101, 11.01000, 24.91207
1102, 11.02000, 24.50186
1103, 11.03000, 21.13176
1104, 11.04000, 21.60249
1105, 11.05000, 25.62604
1106, 11.06000, 23.47320
1107, 11.07000, 23.21258
1108, 11.08000, 22.22773
1109, 11.09000, 28.85367
1110, 11.10000, 25.52949
1111, 11.11000, 20.54487
1112, 11.12000, 26.40983
1113, 11.13000, 26.22431
1114, 11.14000, 28.52083
1115, 11.15000, 27.71383
1116, 11.16000, 24.30619
1117, 11.17000, 25.26681
1118, 11.18000, 24.29759
1119, 11.19000, 28.69040
1120, 11.20000, 33.80143
1121, 11.21000, 29.30732
1122, 11.22000, 17.99627
1123, 11.23000, 26.59873
1124, 11.24000, 30.05527
1125, 11.25000, 29.11425
1126, 11.26000, 18.79056
1127, 11.27000, 21.52216
1128, 11.28000, 21.98925
1129, 11.29000, 20.49879
1130, 11.30000, 22.49574
1131, 11.31000, 23.06002
1132, 11.32000, 28.29027
1133, 11.33000, 25.56234
1134, 11.34000, 28.86577
1135, 11.35000, 25.52541
1136, 11.36000, 23.49953
1137, 11.37000, 29.45591
1138, 11.38000, 25.85645
1139, 11.39000, 25.83196
1140, 11.40000, 32.79422
1141, 11.41000, 23.09582
1142, 11.42000, 17.51040
1143, 11.43000, 15.87306
1144, 11.44000, 23.38908
1145, 11.45000, 26.23438
1146, 11.46000, 25.90782
1147, 11.47000, 21.08879
1148, 11.48000, 24.85481
1149, 11.49000, 25.17646
1150, 11.50000, 28.72195
1151, 11.51000, 26.85552
1152, 11.52000, 25.01224
1153, 11.53000, 21.95797
1154, 11.54000, 29.11633
1155, 11.55000, 24.66189
1156, 11.56000, 21.84038
1157, 11.57000, 16.55904
1158, 11.58000, 12.26622
1159, 11.59000, 10.14606
1160, 11.60000, 12.14446
1161, 11.61000, 30.41698
1162, 11.62000, 29.50305
1163, 11.63000, 29.73294
1164, 11.64000, 16.76184
1165, 11.65000, 17.02207
1166, 11.66000, 16.12232
1167, 11.67000, 16.21893
1168, 11.68000, 18.76919
1169, 11.69000, 18.86519
1170, 11.70000, 20.57523
1171, 11.71000, 27.52238
1172, 11.72000, 22.89037
1173, 11.73000, 21.13353
1174, 11.74000, 27.29269
1175, 11.75000, 20.59596
1176, 11.76000, 26.63419
1177, 11.77000, 22.81171
1178, 11.78000, 22.73482
1179, 11.79000, 23.00830
1180, 11.80000, 23.03882
1181, 11.81000, 21.58896
1182, 11.82000, 16.37665
1183, 11.83000, 17.15935
1184, 11.84000, 20.44406
1185, 11.85000, 26.42735
1186, 11.86000, 19.31221
1187, 11.87000, 19.63301
1188, 11.88000, 19.74255
1189, 11.89000, 15.94655
1190, 11.90000, 19.02341
1191, 11.91000, 23.12896
1192, 11.92000, 13.18906
1193, 11.93000, 15.61409
1194, 11.94000, 17.73935
1195, 11.95000, 21.46847
1196, 11.96000, 26.66950
1197, 11.97000, 17.75895
1198, 11.98000, 25.85286
1199, 11.99000, 28.10043
1200, 12.00000, 29.15193
1201, 12.01000, 25.74146
1202, 12.02000, 27.59267
1203, 12.03000, 22.82855
1204, 12.04000, 25.16763
1205, 12.05000, 21.36703
1206, 12.06000, 21.84656
1207, 12.07000, 25.21400
1208, 12.08000, 26.23854
1209, 12.09000, 25.29656
1210, 12.10000, 18.77531
1211, 12.11000, 15.46408
1212, 12.12000, 18.97778
1213, 12.13000, 23.14264
1214, 12.14000, 19.96647
1215, 12.15000, 25.66762
1216, 12.16000, 23.28405
1217, 12.17000, 25.54067
1218, 12.18000, 26.89823
1219, 12.19000, 27.65513
1220, 12.20000, 25.04026
1221, 12.21000, 19.66742
1222, 12.22000, 14.52839
1223, 12.23000, 20.59261
1224, 12.24000, 27.16581
1225, 12.25000, 29.47211
1226, 12.26000, 24.95460
1227, 12.27000, 24.70392
1228, 12.28000, 26.92441
1229, 12.29000, 26.70286
1230, 12.30000, 22.40539
1231, 12.31000, 22.10848
1232, 12.32000, 23.31530
1233, 12.33000, 28.86726
1234, 12.34000, 22.93726
1235, 12.35000, 20.91997
1236, 12.36000, 22.14638
1237, 12.37000, 18.41036
1238, 12.38000, 13.38471
1239, 12.39000, 22.12188
1240, 12.40000, 24.01342
1241, 12.41000, 32.55051
1242, 12.42000, 27.42177
1243, 12.43000, 31.71562
1244, 12.44000, 34.37158
1245, 12.45000, 29.04704
1246, 12.46000, 24.66476
1247, 12.47000, 26.88742
1248, 12.48000, 27.83805
1249, 12.49000, 21.74192
1250, 12.50000, 21.48000
1251, 12.51000, 28.49980
1252, 12.52000, 32.02674
1253, 12.53000, 22.24726
1254, 12.54000, 19.29666
1255, 12.55000, 15.35690
1256, 12.56000, 22.50597
1257, 12.57000, 25.65854
1258, 12.58000, 25.09189
1259, 12.59000, 23.52201
1260, 12.60000, 23.20482
1261, 12.61000, 26.67098
1262, 12.62000, 24.13846
1263, 12.63000, 19.34415
1264, 12.64000, 19.24022
1265, 12.65000, 19.76022
1266, 12.66000, 16.11763
1267, 12.67000, 15.55908
1268, 12.68000, 16.55288
1269, 12.69000, 18.17597
1270, 12.70000, 19.67055
1271, 12.71000, 18.29126
1272, 12.72000, 27.28354
1273, 12.73000, 30.79029
1274, 12.74000, 24.06004
1275, 12.75000, 27.53177
1276, 12.76000, 21.41957
1277, 12.77000, 21.39929
1278, 12.78000, 17.81005
1279, 12.79000, 15.75052
1280, 12.80000, 21.86925
1281, 12.81000, 27.31998
1282, 12.82000, 24.77052
1283, 12.83000, 16.12724
1284, 12.84000, 26.42796
1285, 12.85000, 21.22874
1286, 12.86000, 21.41872
1287, 12.87000, 28.35625
1288, 12.88000, 26.39063
1289, 12.89000, 22.51802
1290, 12.90000, 23.45330
1291, 12.91000, 20.94323
1292, 12.92000, 26.60224
1293, 12.93000, 21.34938
1294, 12.94000, 20.21409
1295, 12.95000, 26.01577
1296, 12.96000, 29.15058
1297, 12.97000, 22.68640
1298, 12.98000, 19.93610
1299, 12.99000, 20.44180
1300, 13.00000, 14.73475
1301, 13.01000, 15.06870
1302, 13.02000, 22.20230
1303, 13.03000, 21.88476
1304, 13.04000, 20.60016
1305, 13.05000, 22.51650
1306, 13.06000, 22.26421
1307, 13.07000, 31.19870
1308, 13.08000, 24.24890
1309, 13.09000, 23.07180
1310, 13.10000, 31.94737
1311, 13.11000, 30.68543
1312, 13.12000, 25.06550
1313, 13.13000, 23.44423
1314, 13.14000, 27.80093
1315, 13.15000, 16.60299
1316, 13.16000, 19.14246
1317, 13.17000, 15.96706
1318, 13.18000, 18.14588
1319, 13.19000, 24.62982
1320, 13.20000, 28.37385
1321, 13.21000, 28.48392
1322, 13.22000, 23.84014
1323, 13.23000, 24.99498
1324, 13.24000, 23.88639
1325, 13.25000, 23.39750
1326, 13.26000, 21.38994
1327, 13.27000, 22.44369
1328, 13.28000, 26.07438
1329, 13.29000, 29.46663
1330, 13.30000, 26.18273
1331, 13.31000, 18.39084
1332, 13.32000, 12.41169
1333, 13.33000, 18.41740
1334, 13.34000, 27.15945
1335, 13.35000, 23.28797
1336, 13.36000, 19.46151
1337, 13.37000, 15.58653
1338, 13.38000, 15.55775
1339, 13.39000, 22.63721
1340, 13.40000, 23.21715
1341, 13.41000, 20.19603
1342, 13.42000, 23.08442
1343, 13.43000, 23.26655
1344, 13.44000, 21.35864
1345, 13.45000, 19.35548
1346, 13.46000, 16.46809
1347, 13.47000, 21.21984
1348, 13.48000, 25.55280
1349, 13.49000, 18.59711
1350, 13.50000, 20.20991
1351, 13.51000, 26.46498
1352, 13.52000, 26.46637
1353, 13.53000, 20.46331
1354, 13.54000, 23.52756
1355, 13.55000, 27.34903
1356, 13.56000, 27.03501
1357, 13.57000, 19.13443
1358, 13.58000, 25.73888
1359, 13.59000, 28.28404
1360, 13.60000, 22.99222
1361, 13.61000, 31.39791
1362, 13.62000, 23.56735
1363, 13.63000, 22.19659
1364, 13.64000, 26.74410
1365, 13.65000, 25.52904
1366, 13.66000, 23.82604
1367, 13.67000, 20.37415
1368, 13.68000, 16.21966
1369, 13.69000, 17.00267
1370, 13.70000, 21.64097
1371, 13.71000, 25.78606
1372, 13.72000, 23.43020
1373, 13.73000, 24.88927
1374, 13.74000, 21.39939
1375, 13.75000, 20.66194
1376, 13.76000, 20.63809
1377, 13.77000, 16.21622
1378, 13.78000, 15.04875
1379, 13.79000, 15.40727
1380, 13.80000, 16.11974
1381, 13.81000, 25.20541
1382, 13.82000, 27.53869
1383, 13.83000, 25.30230
1384, 13.84000, 24.57133
1385, 13.85000, 23.23248
1386, 13.86000, 23.45737
1387, 13.87000, 25.78849
1388, 13.88000, 24.02235
1389, 13.89000, 24.65994
1390, 13.90000, 26.61777
1391, 13.91000, 24.61097
1392, 13.92000, 27.02773
1393, 13.93000, 29.60179
1394, 13.94000, 20.45948
1395, 13.95000, 21.42578
1396, 13.96000, 29.65376
1397, 13.97000, 30.61852
1398, 13.98000, 26.90821
1399, 13.99000, 26.53452
1400, 14.00000, 21.71140
1401, 14.01000, 22.76417
1402, 14.02000, 24.27307
1403, 14.03000, 22.02460
1404, 14.04000, 24.12007
1405, 14.05000, 26.61066
1406, 14.06000, 26.19931
1407, 14.07000, 23.55465
1408, 14.08000, 23.97407
1409, 14.09000, 19.06893
1410, 14.10000, 16.47405
1411, 14.11000, 17.20957
1412, 14.12000, 17.57468
1413, 14.13000, 21.55351
1414, 14.14000, 23.46672
1415, 14.15000, 26.35313
1416, 14.16000, 19.01674
1417, 14.17000, 21.45015
1418, 14.18000, 25.49881
1419, 14.19000, 25.39139
1420, 14.20000, 29.33117
1421, 14.21000, 27.78062
1422, 14.22000, 24.09934
1423, 14.23000, 24.22621
1424, 14.24000, 26.46586
1425, 14.25000, 17.59106
1426, 14.26000, 18.00458
1427, 14.27000, 27.40636
1428, 14.28000, 19.73254
1429, 14.29000, 17.35956
1430, 14.30000, 15.50599
1431, 14.31000, 18.35647
1432, 14.32000, 21.24957
1433, 14.33000, 22.73381
1434, 14.34000, 26.38299
1435, 14.35000, 24.11295
1436, 14.36000, 23.77062
1437, 14.37000, 27.50457
1438, 14.38000, 28.44145
1439, 14.39000, 26.10805
1440, 14.40000, 14.81748
1441, 14.41000, 14.05929
1442, 14.42000, 15.23709
1443, 14.43000, 15.17366
1444, 14.44000, 18.84856
1445, 14.45000, 23.68201
1446, 14.46000, 24.40360
1447, 14.47000, 18.89602
1448, 14.48000, 18.70157
1449, 14.49000, 15.72343
1450, 14.50000, 21.58651
1451, 14.51000, 27.93775
1452, 14.52000, 21.10062
1453, 14.53000, 20.75376
1454, 14.54000, 21.38770
1455, 14.55000, 17.48963
1456, 14.56000, 15.01182
1457, 14.57000, 13.86776
1458, 14.58000, 16.83908
1459, 14.59000, 28.63139
1460, 14.60000, 27.87928
1461, 14.61000, 27.15799
1462, 14.62000, 21.71969
1463, 14.63000, 21.68831
1464, 14.64000, 21.41112
1465, 14.65000, 27.56575
1466, 14.66000, 26.06086
1467, 14.67000, 30.74792
1468, 14.68000, 23.75832
1469, 14.69000, 23.01257
1470, 14.70000, 23.10896
1471, 14.71000, 22.42116
1472, 14.72000, 19.84061
1473, 14.73000, 17.02426
1474, 14.74000, 20.38510
1475, 14.75000, 17.82766
1476, 14.76000, 20.72083
1477, 14.77000, 18.05498
1478, 14.78000, 13.67061
1479, 14.79000, 15.49853
1480, 14.80000, 18.39538
1481, 14.81000, 19.82826
1482, 14.82000, 24.50985
1483, 14.83000, 25.28957
1484, 14.84000, 31.32423
1485, 14.85000, 23.22241
1486, 14.86000, 27.64690
1487, 14.87000, 22.49655
1488, 14.88000, 17.63815
1489, 14.89000, 15.76708
1490, 14.90000, 24.28001
1491, 14.91000, 24.56756
1492, 14.92000, 22.28909
1493, 14.93000, 28.47506
1494, 14.94000, 19.03407
1495, 14.95000, 25.25780
1496, 14.96000, 19.56039
1497, 14.97000, 16.73411
1498, 14.98000, 21.86479
1499, 14.99000, 20.66771
1500, 15.00000, 22.89536
1501, 15.01000, 22.95232
1502, 15.02000, 29.81873
1503, 15.03000, 25.65548
1504, 15.04000, 22.16413
1505, 15.05000, 19.00086
1506, 15.06000, 21.18116
1507, 15.07000, 26.59574
1508, 15.08000, 25.59485
1509, 15.09000, 24.31423
1510, 15.10000, 26.58656
1511, 15.11000, 23.48352
1512, 15.12000, 28.14714
1513, 15.13000, 31.40274
1514, 15.14000, 25.03204
1515, 15.15000, 19.17213
1516, 15.16000, 22.28760
1517, 15.17000, 25.04483
1518, 15.18000, 22.95216
1519, 15.19000, 21.66220
1520, 15.20000, 17.34369
1521, 15.21000, 17.33933
1522, 15.22000, 22.93722
1523, 15.23000, 21.58338
1524, 15.24000, 20.16802
1525, 15.25000, 18.13314
1526, 15.26000, 15.10797
1527, 15.27000, 19.67433
1528, 15.28000, 21.85965
1529, 15.29000, 27.54216
1530, 15.30000, 23.21985
1531, 15.31000, 24.49373
1532, 15.32000, 23.02032
1533, 15.33000, 24.77834
1534, 15.34000, 23.78642
1535, 15.35000, 20.70134
1536, 15.36000, 19.50316
1537, 15.37000, 13.88439
1538, 15.38000, 16.28706
1539, 15.39000, 18.86821
1540, 15.40000, 24.98905
1541, 15.41000, 22.57136
1542, 15.42000, 26.20142
1543, 15.43000, 24.89341
1544, 15.44000, 21.34812
1545, 15.45000, 21.11744
1546, 15.46000, 24.64592
1547, 15.47000, 27.11487
1548, 15.48000, 26.30606
1549, 15.49000, 20.95454
1550, 15.50000, 24.82216
1551, 15.51000, 28.42399
1552, 15.52000, 14.32649
1553, 15.53000, 18.41912
1554, 15.54000, 14.74432
1555, 15.55000, 14.95802
1556, 15.56000, 16.76992
1557, 15.57000, 20.60255
1558, 15.58000, 23.72781
1559, 15.59000, 23.59323
1560, 15.60000, 23.71295
1561, 15.61000, 27.35347
1562, 15.62000, 24.74833
1563, 15.63000, 18.59411
1564, 15.64000, 15.97427
1565, 15.65000, 26.10532
1566, 15.66000, 19.61518
1567, 15.67000, 20.98295
1568, 15.68000, 28.47137
1569, 15.69000, 17.46683
1570, 15.70000, 26.19654
1571, 15.71000, 20.51800
1572, 15.72000, 20.80358
1573, 15.73000, 22.39581
1574, 15.74000, 20.40375
1575, 15.75000, 32.37660
1576, 15.76000, 27.01559
1577, 15.77000, 22.38295
1578, 15.78000, 24.04764
1579, 15.79000, 28.08240
1580, 15.80000, 29.62679
1581, 15.81000, 20.37305
1582, 15.82000, 12.92014
1583, 15.83000, 17.94954
1584, 15.84000, 28.86167
1585, 15.85000, 27.41890
1586, 15.86000, 18.03486
1587, 15.87000, 19.92610
1588, 15.88000, 23.92518
1589, 15.89000, 25.32687
1590, 15.90000, 28.14628
1591, 15.91000, 25.25470
1592, 15.92000, 29.14258
1593, 15.93000, 18.64432
1594, 15.94000, 25.28822
1595, 15.95000, 23.04838
1596, 15.96000, 23.04273
1597, 15.97000, 14.89122
1598, 15.98000, 16.51434
1599, 15.99000, 15.09817
1600, 16.00000, 15.10178
1601, 16.01000, 17.25967
1602, 16.02000, 21.76689
1603, 16.03000, 28.50434
1604, 16.04000, 24.20647
1605, 16.05000, 24.84975
1606, 16.06000, 24.91237
1607, 16.07000, 20.03093
1608, 16.08000, 22.42572
1609, 16.09000, 22.79365
1610, 16.10000, 23.13667
1611, 16.11000, 27.51679
1612, 16.12000, 24.92878
1613, 16.13000, 18.24089
1614, 16.14000, 14.29072
1615, 16.15000, 17.10538
1616, 16.16000, 20.90024
1617, 16.17000, 22.78744
1618, 16.18000, 21.50833
1619, 16.19000, 19.02510
1620, 16.20000, 23.11752
1621, 16.21000, 26.28216
1622, 16.22000, 20.73110
1623, 16.23000, 24.12848
1624, 16.24000, 23.07760
1625, 16.25000, 21.91981
1626, 16.26000, 20.18669
1627, 16.27000, 24.12933
1628, 16.28000, 21.81167
1629, 16.29000, 20.28059
1630, 16.30000, 14.89034
1631, 16.31000, 16.17814
1632, 16.32000, 22.82396
1633, 16.33000, 26.24255
1634, 16.34000, 26.26712
1635, 16.35000, 24.95717
1636, 16.36000, 21.16324
1637, 16.37000, 19.31763
1638, 16.38000, 21.55540
1639, 16.39000, 24.36844
1640, 16.40000, 24.81496
1641, 16.41000, 24.51716
1642, 16.42000, 18.15574
1643, 16.43000, 19.80740
1644, 16.44000, 23.33058
1645, 16.45000, 22.30122
1646, 16.46000, 24.15979
1647, 16.47000, 25.61851
1648, 16.48000, 26.72623
1649, 16.49000, 29.59515
1650, 16.50000, 26.31571
1651, 16.51000, 26.95729
1652, 16.52000, 31.63801
1653, 16.53000, 23.87672
1654, 16.54000, 19.63853
1655, 16.55000, 19.43550
1656, 16.56000, 24.35317
1657, 16.57000, 19.76447
1658, 16.58000, 25.38410
1659, 16.59000, 24.19990
1660, 16.60000, 15.38228
1661, 16.61000, 26.03696
1662, 16.62000, 20.96564
1663, 16.63000, 17.86410
1664, 16.64000, 16.84121
1665, 16.65000, 20.91239
1666, 16.66000, 24.49528
1667, 16.67000, 27.94758
1668, 16.68000, 27.03946
1669, 16.69000, 26.66063
1670, 16.70000, 25.00819
1671, 16.71000, 24.34419
1672, 16.72000, 23.66001
1673, 16.73000, 19.00083
1674, 16.74000, 27.43368
1675, 16.75000, 26.93433
1676, 16.76000, 23.57519
1677, 16.77000, 20.11010
1678, 16.78000, 20.76635
1679, 16.79000, 27.44285
1680, 16.80000, 27.60625
1681, 16.81000, 23.01466
1682, 16.82000, 23.89014
1683, 16.83000, 22.29074
1684, 16.84000, 22.60589
1685, 16.85000, 22.73988
1686, 16.86000, 19.11924
1687, 16.87000, 20.80088
1688, 16.88000, 24.75316
1689, 16.89000, 23.57118
1690, 16.90000, 20.41621
1691, 16.91000, 17.95650
1692, 16.92000, 14.07910
1693, 16.93000, 16.38820
1694, 16.94000, 18.23518
1695, 16.95000, 16.70829
1696, 16.96000, 28.08774
1697, 16.97000, 28.55333
1698, 16.98000, 25.60138
1699, 16.99000, 26.82588
1700, 17.00000, 24.55066
1701, 17.01000, 24.13260
1702, 17.02000, 20.64962
1703, 17.03000, 18.44745
1704, 17.04000, 24.47855
1705, 17.05000, 24.98590
1706, 17.06000, 20.52500
1707, 17.07000, 18.25923
1708, 17.08000, 15.88212
1709, 17.09000, 15.03523
1710, 17.10000, 20.04938
1711, 17.11000, 22.16981
1712, 17.12000, 24.79920
1713, 17.13000, 27.42945
1714, 17.14000, 19.85913
1715, 17.15000, 16.80740
1716, 17.16000, 16.63440
1717, 17.17000, 22.43776
1718, 17.18000, 20.16427
1719, 17.19000, 24.16548
1720, 17.20000, 24.69657
1721, 17.21000, 27.53292
1722, 17.22000, 25.33941
1723, 17.23000, 18.65353
1724, 17.24000, 25.16571
1725, 17.25000, 18.85761
1726, 17.26000, 22.22430
1727, 17.27000, 26.72100
1728, 17.28000, 32.50920
1729, 17.29000, 23.63382
1730, 17.30000, 26.41684
1731, 17.31000, 23.36818
1732, 17.32000, 25.54694
1733, 17.33000, 28.00213
1734, 17.34000, 28.07159
1735, 17.35000, 21.46632
1736, 17.36000, 17.62284
1737, 17.37000, 25.61816
1738, 17.38000, 23.43283
1739, 17.39000, 18.03199
1740, 17.40000, 21.19029
1741, 17.41000, 21.27007
1742, 17.42000, 25.45715
1743, 17.43000, 25.70768
1744, 17.44000, 27.29738
1745, 17.45000, 24.08305
1746, 17.46000, 26.44367
1747, 17.47000, 21.49446
1748, 17.48000, 29.70627
1749, 17.49000, 21.75191
1750, 17.50000, 26.99233
1751, 17.51000, 22.96179
1752, 17.52000, 25.14639
1753, 17.53000, 21.37900
1754, 17.54000, 22.99425
1755, 17.55000, 23.41619
1756, 17.56000, 20.27790
1757, 17.57000, 17.97017
1758, 17.58000, 20.54295
1759, 17.59000, 24.75931
1760, 17.60000, 20.89247
1761, 17.61000, 21.11978
1762, 17.62000, 17.63052
1763, 17.63000, 22.70020
1764, 17.64000, 26.72704
1765, 17.65000, 18.59271
1766, 17.66000, 22.42176
1767, 17.67000, 17.16155
1768, 17.68000, 18.20826
1769, 17.69000, 20.89575
1770, 17.70000, 16.95919
1771, 17.71000, 11.49302
1772, 17.72000, 13.99964
1773, 17.73000, 15.47719
1774, 17.74000, 22.92651
1775, 17.75000, 29.07009
1776, 17.76000, 22.14141
1777, 17.77000, 25.53228
1778, 17.78000, 19.78251
1779, 17.79000, 22.73475
1780, 17.80000, 24.03024
1781, 17.81000, 20.87160
1782, 17.82000, 18.15414
1783, 17.83000, 16.96160
1784, 17.84000, 22.31675
1785, 17.85000, 23.74652
1786, 17.86000, 17.03596
1787, 17.87000, 16.75475
1788, 17.88000, 21.85335
1789, 17.89000, 16.10644
1790, 17.90000, 19.76898
1791, 17.91000, 20.66567
1792, 17.92000, 23.03225
1793, 17.93000, 27.43790
1794, 17.94000, 26.01278
1795, 17.95000, 23.69345
1796, 17.96000, 28.00581
1797, 17.97000, 23.71039
1798, 17.98000, 18.04994
1799, 17.99000, 16.21354
1800, 18.00000, 24.32643
1801, 18.01000, 23.38942
1802, 18.02000, 18.51649
1803, 18.03000, 18.03825
1804, 18.04000, 27.30302
1805, 18.05000, 24.19528
1806, 18.06000, 23.26628
1807, 18.07000, 23.59549
1808, 18.08000, 28.18638
1809, 18.09000, 20.16927
1810, 18.10000, 25.38130
1811, 18.11000, 24.50708
1812, 18.12000, 27.77991
1813, 18.13000, 27.04318
1814, 18.14000, 21.57443
1815, 18.15000, 20.46545
1816, 18.16000, 28.49965
1817, 18.17000, 21.30427
1818, 18.18000, 16.58098
1819, 18.19000, 17.47845
1820, 18.20000, 18.32887
1821, 18.21000, 26.60476
1822, 18.22000, 20.89582
1823, 18.23000, 17.39424
1824, 18.24000, 18.89330
1825, 18.25000, 19.03265
1826, 18.26000, 26.38505
1827, 18.27000, 27.30227
1828, 18.28000, 27.73492
1829, 18.29000, 28.45571
1830, 18.30000, 25.02965
1831, 18.31000, 22.18559
1832, 18.32000, 22.25403
1833, 18.33000, 22.57028
1834, 18.34000, 18.27838
1835, 18.35000, 18.12895
1836, 18.36000, 23.33612
1837, 18.37000, 25.11329
1838, 18.38000, 23.33137
1839, 18.39000, 17.49953
1840, 18.40000, 21.89690
1841, 18.41000, 28.38523
1842, 18.42000, 25.19622
1843, 18.43000, 28.41954
1844, 18.44000, 23.06763
1845, 18.45000, 24.79594
1846, 18.46000, 24.94027
1847, 18.47000, 22.48316
1848, 18.48000, 26.01674
1849, 18.49000, 27.63656
1850, 18.50000, 17.70117
1851, 18.51000, 17.81763
1852, 18.52000, 19.04685
1853, 18.53000, 22.96715
1854, 18.54000, 23.33210
1855, 18.55000, 20.72240
1856, 18.56000, 22.48922
1857, 18.57000, 24.15860
1858, 18.58000, 22.63044
1859, 18.59000, 24.70409
1860, 18.60000, 24.59980
1861, 18.61000, 24.89295
1862, 18.62000, 26.87482
1863, 18.63000, 28.41115
1864, 18.64000, 21.02136
1865, 18.65000, 13.98603
1866, 18.66000, 15.94609
1867, 18.67000, 26.43426
1868, 18.68000, 22.66922
1869, 18.69000, 21.42005
1870, 18.70000, 23.15583
1871, 18.71000, 22.65831
1872, 18.72000, 23.67172
1873, 18.73000, 17.26470
1874, 18.74000, 21.80778
1875, 18.75000, 31.03147
1876, 18.76000, 26.93496
1877, 18.77000, 25.33612
1878, 18.78000, 24.22526
1879, 18.79000, 24.88048
1880, 18.80000, 19.13528
1881, 18.81000, 24.26009
1882, 18.82000, 16.36152
1883, 18.83000, 21.94372
1884, 18.84000, 21.60564
1885, 18.85000, 23.63526
1886, 18.86000, 21.96566
1887, 18.87000, 20.12416
1888, 18.88000, 22.84968
1889, 18.89000, 19.76243
1890, 18.90000, 22.41799
1891, 18.91000, 19.16634
1892, 18.92000, 20.63793
1893, 18.93000, 24.57257
1894, 18.94000, 21.39123
1895, 18.95000, 22.91388
1896, 18.96000, 26.22225
1897, 18.97000, 19.22982
1898, 18.98000, 16.35361
1899, 18.99000, 21.47870
1900, 19.00000, 19.84903
1901, 19.01000, 26.63461
1902, 19.02000, 27.24484
1903, 19.03000, 27.02129
1904, 19.04000, 20.05143
1905, 19.05000, 27.82986
1906, 19.06000, 23.46904
1907, 19.07000, 23.69958
1908, 19.08000, 24.35206
1909, 19.09000, 22.98604
1910, 19.10000, 24.92119
1911, 19.11000, 20.35936
1912, 19.12000, 14.79716
1913, 19.13000, 19.54100
1914, 19.14000, 20.21260
1915, 19.15000, 25.22308
1916, 19.16000, 18.06063
1917, 19.17000, 14.69548
1918, 19.18000, 18.57085
1919, 19.19000, 28.15882
1920, 19.20000, 21.92543
1921, 19.21000, 23.12309
1922, 19.22000, 26.06013
1923, 19.23000, 25.75997
1924, 19.24000, 20.43608
1925, 19.25000, 15.59987
1926, 19.26000, 16.93769
1927, 19.27000, 19.06560
1928, 19.28000, 17.23784
1929, 19.29000, 13.23451
1930, 19.30000, 15.63661
1931, 19.31000, 17.16522
1932, 19.32000, 21.90316
1933, 19.33000, 21.06815
1934, 19.34000, 27.27341
1935, 19.35000, 18.26375
1936, 19.36000, 23.49918
1937, 19.37000, 21.24251
1938, 19.38000, 27.71424
1939, 19.39000, 23.85903
1940, 19.40000, 20.14623
1941, 19.41000, 15.84912
1942, 19.42000, 16.39625
1943, 19.43000, 14.23503
1944, 19.44000, 21.59945
1945, 19.45000, 15.20510
1946, 19.46000, 10.69778
1947, 19.47000, 15.14997
1948, 19.48000, 16.56920
1949, 19.49000, 18.78548
1950, 19.50000, 15.03067
1951, 19.51000, 15.05814
1952, 19.52000, 14.52168
1953, 19.53000, 14.05557
1954, 19.54000, 19.88018
1955, 19.55000, 23.64302
1956, 19.56000, 23.20308
1957, 19.57000, 21.27021
1958, 19.58000, 20.02517
1959, 19.59000, 15.58534
1960, 19.60000, 14.49786
1961, 19.61000, 23.18359
1962, 19.62000, 23.81371
1963, 19.63000, 19.14579
1964, 19.64000, 19.17555
1965, 19.65000, 18.95160
1966, 19.66000, 16.20381
1967, 19.67000, 18.66722
1968, 19.68000, 21.09684
1969, 19.69000, 24.64068
1970, 19.70000, 25.15178
1971, 19.71000, 21.44237
1972, 19.72000, 24.15674
1973, 19.73000, 27.56138
1974, 19.74000, 21.37453
1975, 19.75000, 20.01726
1976, 19.76000, 18.80569
1977, 19.77000, 16.32673
1978, 19.78000, 24.07595
1979, 19.79000, 22.96732
1980, 19.80000, 20.20039
1981, 19.81000, 17.38188
1982, 19.82000, 17.03916
1983, 19.83000, 28.30362
1984, 19.84000, 25.97472
1985, 19.85000, 26.59286
1986, 19.86000, 26.46946
1987, 19.87000, 21.21722
1988, 19.88000, 22.87125
1989, 19.89000, 22.87515
1990, 19.90000, 23.72911
1991, 19.91000, 18.09116
1992, 19.92000, 13.49791
1993, 19.93000, 19.93879
1994, 19.94000, 20.60540
1995, 19.95000, 24.00766
1996, 19.96000, 26.05815
1997, 19.97000, 17.56153
1998, 19.98000, 23.57063
1999, 19.99000, 23.10916
2000, 20.00000, 23.60540
2001, 20.01000, 21.17501
