nt, t, solve_time
1, 0.01000, 65.33752
2, 0.02000, 46.00847
3, 0.03000, 43.13620
4, 0.04000, 46.58702
5, 0.05000, 35.65882
6, 0.06000, 39.04628
7, 0.07000, 50.27148
8, 0.08000, 44.31625
9, 0.09000, 33.67422
10, 0.10000, 22.17742
11, 0.11000, 44.12260
12, 0.12000, 26.53749
13, 0.13000, 24.29002
14, 0.14000, 32.93726
15, 0.15000, 21.98321
16, 0.16000, 23.79328
17, 0.17000, 47.34012
18, 0.18000, 34.58146
19, 0.19000, 37.77070
20, 0.20000, 34.36055
21, 0.21000, 32.88544
22, 0.22000, 30.98382
23, 0.23000, 38.03211
24, 0.24000, 25.19805
25, 0.25000, 17.11024
26, 0.26000, 11.63594
27, 0.27000, 18.57742
28, 0.28000, 18.59596
29, 0.29000, 16.79046
30, 0.30000, 20.43995
31, 0.31000, 28.35633
32, 0.32000, 38.86578
33, 0.33000, 22.62185
34, 0.34000, 23.11292
35, 0.35000, 34.04208
36, 0.36000, 24.03670
37, 0.37000, 22.03280
38, 0.38000, 25.98266
39, 0.39000, 29.30846
40, 0.40000, 17.49429
41, 0.41000, 21.05730
42, 0.42000, 28.30046
43, 0.43000, 28.99815
44, 0.44000, 24.12514
45, 0.45000, 22.52079
46, 0.46000, 25.94424
47, 0.47000, 20.05836
48, 0.48000, 19.48047
49, 0.49000, 14.50181
50, 0.50000, 16.37090
51, 0.51000, 23.43361
52, 0.52000, 21.34841
53, 0.53000, 23.18649
54, 0.54000, 27.91829
55, 0.55000, 22.67571
56, 0.56000, 25.91510
57, 0.57000, 33.84615
58, 0.58000, 27.56443
59, 0.59000, 27.96736
60, 0.60000, 21.20432
61, 0.61000, 19.84934
62, 0.62000, 16.64290
63, 0.63000, 22.00075
64, 0.64000, 26.51427
65, 0.65000, 21.03903
66, 0.66000, 18.39219
67, 0.67000, 22.35065
68, 0.68000, 16.37489
69, 0.69000, 29.69535
70, 0.70000, 19.31388
71, 0.71000, 19.60811
72, 0.72000, 16.89663
73, 0.73000, 18.59944
74, 0.74000, 20.23216
75, 0.75000, 19.20484
76, 0.76000, 21.22710
77, 0.77000, 15.80239
78, 0.78000, 21.20178
79, 0.79000, 23.74491
80, 0.80000, 16.69062
81, 0.81000, 17.71968
82, 0.82000, 22.58745
83, 0.83000, 15.33026
84, 0.84000, 19.39710
85, 0.85000, 17.03382
86, 0.86000, 23.47878
87, 0.87000, 17.89184
88, 0.88000, 17.80068
89, 0.89000, 11.66624
90, 0.90000, 11.85569
91, 0.91000, 13.87176
92, 0.92000, 20.77274
93, 0.93000, 16.10885
94, 0.94000, 14.09766
95, 0.95000, 13.60721
96, 0.96000, 18.17246
97, 0.97000, 22.37797
98, 0.98000, 17.59798
99, 0.99000, 14.07934
100, 1.00000, 15.21665
101, 1.01000, 16.92359
102, 1.02000, 14.58263
103, 1.03000, 18.88566
104, 1.04000, 27.10794
105, 1.05000, 17.79167
106, 1.06000, 6.09535
107, 1.07000, 15.48874
108, 1.08000, 21.91161
109, 1.09000, 22.42667
110, 1.10000, 25.61200
111, 1.11000, 19.85850
112, 1.12000, 16.98206
113, 1.13000, 19.48628
114, 1.14000, 14.62542
115, 1.15000, 14.46203
116, 1.16000, 10.85624
117, 1.17000, 14.73920
118, 1.18000, 22.10871
119, 1.19000, 15.11991
120, 1.20000, 15.83424
121, 1.21000, 25.28600
122, 1.22000, 16.42879
123, 1.23000, 24.62862
124, 1.24000, 15.78767
125, 1.25000, 11.30333
126, 1.26000, 15.23097
127, 1.27000, 12.24175
128, 1.28000, 13.96359
129, 1.29000, 25.77092
130, 1.30000, 25.71882
131, 1.31000, 29.39676
132, 1.32000, 24.34031
133, 1.33000, 14.24996
134, 1.34000, 14.80279
135, 1.35000, 21.04510
136, 1.36000, 15.86977
137, 1.37000, 19.14579
138, 1.38000, 24.74522
139, 1.39000, 25.14653
140, 1.40000, 15.78761
141, 1.41000, 20.30764
142, 1.42000, 16.29265
143, 1.43000, 20.74209
144, 1.44000, 19.54186
145, 1.45000, 27.59068
146, 1.46000, 20.98469
147, 1.47000, 14.73750
148, 1.48000, 17.30746
149, 1.49000, 21.92157
150, 1.50000, 22.22028
151, 1.51000, 24.89902
152, 1.52000, 22.97927
153, 1.53000, 24.98036
154, 1.54000, 15.46385
155, 1.55000, 19.70855
156, 1.56000, 16.80692
157, 1.57000, 19.05306
158, 1.58000, 23.06378
159, 1.59000, 13.95472
160, 1.60000, 16.51201
161, 1.61000, 23.76559
162, 1.62000, 25.15885
163, 1.63000, 28.78932
164, 1.64000, 19.91192
165, 1.65000, 21.30064
166, 1.66000, 10.78795
167, 1.67000, 11.25372
168, 1.68000, 19.97718
169, 1.69000, 15.49597
170, 1.70000, 18.39145
171, 1.71000, 19.60471
172, 1.72000, 17.81912
173, 1.73000, 24.96792
174, 1.74000, 18.40746
175, 1.75000, 13.48081
176, 1.76000, 14.90356
177, 1.77000, 22.89797
178, 1.78000, 19.63383
179, 1.79000, 26.34830
180, 1.80000, 20.79417
181, 1.81000, 21.12018
182, 1.82000, 16.85183
183, 1.83000, 18.26370
184, 1.84000, 14.99970
185, 1.85000, 22.66588
186, 1.86000, 20.62161
187, 1.87000, 23.45413
188, 1.88000, 19.61568
189, 1.89000, 16.97465
190, 1.90000, 17.67324
191, 1.91000, 18.82312
192, 1.92000, 25.81439
193, 1.93000, 13.15154
194, 1.94000, 18.89829
195, 1.95000, 23.30084
196, 1.96000, 16.77388
197, 1.97000, 21.56330
198, 1.98000, 23.44206
199, 1.99000, 25.45255
200, 2.00000, 25.89672
201, 2.01000, 19.49699
202, 2.02000, 25.14393
203, 2.03000, 19.05884
204, 2.04000, 13.25153
205, 2.05000, 20.38989
206, 2.06000, 20.65188
207, 2.07000, 13.72427
208, 2.08000, 22.10832
209, 2.09000, 24.62891
210, 2.10000, 22.35325
211, 2.11000, 19.58060
212, 2.12000, 17.71346
213, 2.13000, 21.63464
214, 2.14000, 19.31811
215, 2.15000, 24.00195
216, 2.16000, 14.10704
217, 2.17000, 15.18335
218, 2.18000, 11.75289
219, 2.19000, 15.87257
220, 2.20000, 20.63445
221, 2.21000, 15.76291
222, 2.22000, 21.75850
223, 2.23000, 16.54950
224, 2.24000, 8.83067
225, 2.25000, 12.18699
226, 2.26000, 10.69294
227, 2.27000, 15.81481
228, 2.28000, 20.75413
229, 2.29000, 14.52864
230, 2.30000, 17.52437
231, 2.31000, 25.67536
232, 2.32000, 18.42671
233, 2.33000, 13.94868
234, 2.34000, 23.41923
235, 2.35000, 24.36611
236, 2.36000, 16.46524
237, 2.37000, 20.48895
238, 2.38000, 20.37164
239, 2.39000, 19.34721
240, 2.40000, 16.50289
241, 2.41000, 15.41683
242, 2.42000, 13.06784
243, 2.43000, 14.77902
244, 2.44000, 17.56995
245, 2.45000, 15.30352
246, 2.46000, 16.44266
247, 2.47000, 10.92597
248, 2.48000, 11.12706
249, 2.49000, 13.49788
250, 2.50000, 19.85988
251, 2.51000, 14.53142
252, 2.52000, 18.55382
253, 2.53000, 20.02709
254, 2.54000, 22.21740
255, 2.55000, 19.09625
256, 2.56000, 14.15326
257, 2.57000, 12.88499
258, 2.58000, 15.20780
259, 2.59000, 14.78357
260, 2.60000, 13.34976
261, 2.61000, 18.19776
262, 2.62000, 14.94824
263, 2.63000, 18.19174
264, 2.64000, 20.40359
265, 2.65000, 14.44913
266, 2.66000, 17.89270
267, 2.67000, 13.67054
268, 2.68000, 13.49334
269, 2.69000, 18.34840
270, 2.70000, 11.49313
271, 2.71000, 18.76795
272, 2.72000, 16.23340
273, 2.73000, 16.16983
274, 2.74000, 7.87373
275, 2.75000, 12.33222
276, 2.76000, 15.27671
277, 2.77000, 13.53587
278, 2.78000, 16.92223
279, 2.79000, 18.93308
280, 2.80000, 23.25849
281, 2.81000, 17.31106
282, 2.82000, 25.19845
283, 2.83000, 14.66612
284, 2.84000, 19.50597
285, 2.85000, 16.79828
286, 2.86000, 18.98832
287, 2.87000, 20.54977
288, 2.88000, 18.55317
289, 2.89000, 21.20828
290, 2.90000, 18.44632
291, 2.91000, 14.13592
292, 2.92000, 13.63861
293, 2.93000, 17.07446
294, 2.94000, 18.09893
295, 2.95000, 8.96267
296, 2.96000, 12.88428
297, 2.97000, 12.35474
298, 2.98000, 13.45504
299, 2.99000, 22.98622
300, 3.00000, 15.93482
301, 3.01000, 22.94083
302, 3.02000, 19.09429
303, 3.03000, 24.50070
304, 3.04000, 15.02059
305, 3.05000, 15.04237
306, 3.06000, 19.39406
307, 3.07000, 22.25417
308, 3.08000, 16.89182
309, 3.09000, 17.42187
310, 3.10000, 17.86732
311, 3.11000, 14.21007
312, 3.12000, 14.23942
313, 3.13000, 10.80492
314, 3.14000, 19.27804
315, 3.15000, 15.36260
316, 3.16000, 20.26094
317, 3.17000, 16.32028
318, 3.18000, 12.31066
319, 3.19000, 14.54723
320, 3.20000, 11.78133
321, 3.21000, 16.51751
322, 3.22000, 17.75259
323, 3.23000, 17.51022
324, 3.24000, 14.27691
325, 3.25000, 16.59698
326, 3.26000, 18.34968
327, 3.27000, 16.01958
328, 3.28000, 18.37759
329, 3.29000, 16.05862
330, 3.30000, 16.09749
331, 3.31000, 16.81492
332, 3.32000, 14.30870
333, 3.33000, 13.83297
334, 3.34000, 17.44631
335, 3.35000, 12.84524
336, 3.36000, 19.02882
337, 3.37000, 20.80349
338, 3.38000, 21.11300
339, 3.39000, 20.63646
340, 3.40000, 12.71522
341, 3.41000, 14.27952
342, 3.42000, 15.57184
343, 3.43000, 18.69261
344, 3.44000, 15.91730
345, 3.45000, 14.28477
346, 3.46000, 13.64938
347, 3.47000, 17.46266
348, 3.48000, 17.43584
349, 3.49000, 16.96347
350, 3.50000, 13.00472
351, 3.51000, 10.92857
352, 3.52000, 13.24419
353, 3.53000, 11.87565
354, 3.54000, 7.11499
355, 3.55000, 12.49236
356, 3.56000, 14.72701
357, 3.57000, 12.06595
358, 3.58000, 14.39311
359, 3.59000, 14.81826
360, 3.60000, 16.78604
361, 3.61000, 17.13741
362, 3.62000, 16.10245
363, 3.63000, 13.16040
364, 3.64000, 15.12981
365, 3.65000, 14.11092
366, 3.66000, 11.66328
367, 3.67000, 14.14984
368, 3.68000, 15.43092
369, 3.69000, 16.16753
370, 3.70000, 15.22114
371, 3.71000, 14.54369
372, 3.72000, 14.50978
373, 3.73000, 13.37736
374, 3.74000, 13.70919
375, 3.75000, 14.29816
376, 3.76000, 10.21374
377, 3.77000, 10.34019
378, 3.78000, 12.87293
379, 3.79000, 11.70302
380, 3.80000, 10.70642
381, 3.81000, 8.01163
382, 3.82000, 11.21210
383, 3.83000, 12.71699
384, 3.84000, 14.12795
385, 3.85000, 10.39954
386, 3.86000, 13.41680
387, 3.87000, 16.09295
388, 3.88000, 16.74759
389, 3.89000, 15.49139
390, 3.90000, 11.51258
391, 3.91000, 9.70267
392, 3.92000, 12.42825
393, 3.93000, 13.21627
394, 3.94000, 15.21634
395, 3.95000, 10.30853
396, 3.96000, 11.96563
397, 3.97000, 13.18826
398, 3.98000, 14.47009
399, 3.99000, 16.59391
400, 4.00000, 16.53801
401, 4.01000, 17.77147
402, 4.02000, 16.13900
403, 4.03000, 16.50713
404, 4.04000, 14.54432
405, 4.05000, 13.95110
406, 4.06000, 11.09879
407, 4.07000, 14.97585
408, 4.08000, 10.08617
409, 4.09000, 9.25147
410, 4.10000, 13.62799
411, 4.11000, 11.74084
412, 4.12000, 10.80605
413, 4.13000, 14.01075
414, 4.14000, 10.95095
415, 4.15000, 8.89115
416, 4.16000, 12.98404
417, 4.17000, 11.30045
418, 4.18000, 11.66386
419, 4.19000, 11.22524
420, 4.20000, 15.64499
421, 4.21000, 14.30758
422, 4.22000, 17.77372
423, 4.23000, 14.55913
424, 4.24000, 15.68195
425, 4.25000, 11.73842
426, 4.26000, 8.93833
427, 4.27000, 11.69554
428, 4.28000, 8.69821
429, 4.29000, 12.64549
430, 4.30000, 11.54626
431, 4.31000, 10.14516
432, 4.32000, 13.19986
433, 4.33000, 14.48101
434, 4.34000, 18.67356
435, 4.35000, 17.44363
436, 4.36000, 15.12825
437, 4.37000, 14.52889
438, 4.38000, 11.18431
439, 4.39000, 15.83169
440, 4.40000, 14.95417
441, 4.41000, 12.59506
442, 4.42000, 10.83121
443, 4.43000, 11.83866
444, 4.44000, 12.07863
445, 4.45000, 11.99450
446, 4.46000, 10.46997
447, 4.47000, 12.40019
448, 4.48000, 13.04882
449, 4.49000, 9.88147
450, 4.50000, 12.03892
451, 4.51000, 12.78315
452, 4.52000, 13.42097
453, 4.53000, 10.60306
454, 4.54000, 7.30080
455, 4.55000, 8.68146
456, 4.56000, 10.07136
457, 4.57000, 8.67110
458, 4.58000, 9.02335
459, 4.59000, 8.60844
460, 4.60000, 7.52247
461, 4.61000, 8.73338
462, 4.62000, 9.79367
463, 4.63000, 9.42342
464, 4.64000, 9.79124
465, 4.65000, 9.74797
466, 4.66000, 10.53495
467, 4.67000, 10.80113
468, 4.68000, 9.99523
469, 4.69000, 8.61626
470, 4.70000, 8.50083
471, 4.71000, 12.66855
472, 4.72000, 10.51023
473, 4.73000, 14.12300
474, 4.74000, 14.89661
475, 4.75000, 14.13374
476, 4.76000, 18.48721
477, 4.77000, 16.77785
478, 4.78000, 18.40759
479, 4.79000, 13.39192
480, 4.80000, 17.72786
481, 4.81000, 12.05274
482, 4.82000, 13.14692
483, 4.83000, 13.47372
484, 4.84000, 10.51935
485, 4.85000, 9.76234
486, 4.86000, 11.60571
487, 4.87000, 9.24908
488, 4.88000, 14.14219
489, 4.89000, 13.21946
490, 4.90000, 15.27635
491, 4.91000, 15.13161
492, 4.92000, 11.23052
493, 4.93000, 13.84632
494, 4.94000, 12.40398
495, 4.95000, 10.78998
496, 4.96000, 10.92015
497, 4.97000, 12.19563
498, 4.98000, 9.02676
499, 4.99000, 11.93136
500, 5.00000, 13.09923
501, 5.01000, 13.12629
502, 5.02000, 13.91281
503, 5.03000, 13.18318
504, 5.04000, 13.77625
505, 5.05000, 13.10858
506, 5.06000, 12.92151
507, 5.07000, 11.71057
508, 5.08000, 12.23668
509, 5.09000, 14.02182
510, 5.10000, 14.61627
511, 5.11000, 10.37307
512, 5.12000, 8.10392
513, 5.13000, 10.92013
514, 5.14000, 8.35287
515, 5.15000, 11.76465
516, 5.16000, 14.20997
517, 5.17000, 13.25425
518, 5.18000, 10.83602
519, 5.19000, 10.28082
520, 5.20000, 12.08772
521, 5.21000, 10.12697
522, 5.22000, 13.19689
523, 5.23000, 11.28284
524, 5.24000, 13.96979
525, 5.25000, 12.38794
526, 5.26000, 14.95983
527, 5.27000, 17.96994
528, 5.28000, 11.46662
529, 5.29000, 11.46465
530, 5.30000, 10.60321
531, 5.31000, 15.76072
532, 5.32000, 14.06996
533, 5.33000, 14.88533
534, 5.34000, 15.33523
535, 5.35000, 12.06955
536, 5.36000, 17.75725
537, 5.37000, 14.58335
538, 5.38000, 17.43133
539, 5.39000, 14.87367
540, 5.40000, 13.43402
541, 5.41000, 10.27187
542, 5.42000, 10.82620
543, 5.43000, 9.50232
544, 5.44000, 11.35007
545, 5.45000, 12.44485
546, 5.46000, 14.59668
547, 5.47000, 9.31993
548, 5.48000, 11.39573
549, 5.49000, 11.24744
550, 5.50000, 8.76150
551, 5.51000, 8.39829
552, 5.52000, 8.17147
553, 5.53000, 9.80848
554, 5.54000, 8.82584
555, 5.55000, 12.22314
556, 5.56000, 11.86622
557, 5.57000, 12.00816
558, 5.58000, 12.79470
559, 5.59000, 12.47770
560, 5.60000, 12.96173
561, 5.61000, 19.37150
562, 5.62000, 13.56688
563, 5.63000, 18.10372
564, 5.64000, 18.11462
565, 5.65000, 15.32646
566, 5.66000, 15.49833
567, 5.67000, 13.06899
568, 5.68000, 16.01583
569, 5.69000, 15.19702
570, 5.70000, 13.16629
571, 5.71000, 10.85998
572, 5.72000, 11.16966
573, 5.73000, 12.44915
574, 5.74000, 12.38049
575, 5.75000, 13.52090
576, 5.76000, 15.48205
577, 5.77000, 15.78970
578, 5.78000, 10.59197
579, 5.79000, 11.19843
580, 5.80000, 8.03278
581, 5.81000, 10.06416
582, 5.82000, 12.77567
583, 5.83000, 10.27461
584, 5.84000, 10.13468
585, 5.85000, 10.34878
586, 5.86000, 11.31832
587, 5.87000, 10.12875
588, 5.88000, 9.77245
589, 5.89000, 7.70599
590, 5.90000, 8.11874
591, 5.91000, 9.86740
592, 5.92000, 14.71450
593, 5.93000, 11.69935
594, 5.94000, 12.96583
595, 5.95000, 13.60403
596, 5.96000, 11.96645
597, 5.97000, 14.54836
598, 5.98000, 13.42888
599, 5.99000, 20.21677
600, 6.00000, 17.79522
601, 6.01000, 11.12532
602, 6.02000, 13.79420
603, 6.03000, 13.84552
604, 6.04000, 8.45152
605, 6.05000, 10.90322
606, 6.06000, 11.47534
607, 6.07000, 10.79048
608, 6.08000, 15.02291
609, 6.09000, 9.54575
610, 6.10000, 13.97167
611, 6.11000, 16.07524
612, 6.12000, 13.62021
613, 6.13000, 13.70481
614, 6.14000, 11.08535
615, 6.15000, 17.77882
616, 6.16000, 9.45169
617, 6.17000, 18.24271
618, 6.18000, 25.68764
619, 6.19000, 18.34227
620, 6.20000, 13.10634
621, 6.21000, 11.43121
622, 6.22000, 11.73732
623, 6.23000, 14.96752
624, 6.24000, 15.58482
625, 6.25000, 15.04997
626, 6.26000, 11.68128
627, 6.27000, 10.32208
628, 6.28000, 7.56899
629, 6.29000, 11.22053
630, 6.30000, 12.20680
631, 6.31000, 12.26630
632, 6.32000, 11.48006
633, 6.33000, 12.66284
634, 6.34000, 15.12147
635, 6.35000, 15.55355
636, 6.36000, 14.74427
637, 6.37000, 14.27854
638, 6.38000, 11.52886
639, 6.39000, 15.50678
640, 6.40000, 12.63520
641, 6.41000, 17.17785
642, 6.42000, 13.99310
643, 6.43000, 10.57783
644, 6.44000, 15.49223
645, 6.45000, 20.21414
646, 6.46000, 12.97978
647, 6.47000, 16.44743
648, 6.48000, 8.52751
649, 6.49000, 11.94125
650, 6.50000, 11.69919
651, 6.51000, 11.23325
652, 6.52000, 10.08154
653, 6.53000, 11.97618
654, 6.54000, 11.40147
655, 6.55000, 17.43343
656, 6.56000, 19.82125
657, 6.57000, 13.48111
658, 6.58000, 15.74818
659, 6.59000, 21.20605
660, 6.60000, 16.63426
661, 6.61000, 17.65874
662, 6.62000, 16.11557
663, 6.63000, 7.95735
664, 6.64000, 12.54620
665, 6.65000, 14.29780
666, 6.66000, 13.80141
667, 6.67000, 15.45015
668, 6.68000, 6.52630
669, 6.69000, 20.00298
670, 6.70000, 19.05107
671, 6.71000, 14.35835
672, 6.72000, 16.47721
673, 6.73000, 17.85161
674, 6.74000, 15.36493
675, 6.75000, 16.08904
676, 6.76000, 16.16540
677, 6.77000, 14.37923
678, 6.78000, 15.59067
679, 6.79000, 18.11988
680, 6.80000, 12.74940
681, 6.81000, 14.28305
682, 6.82000, 11.61092
683, 6.83000, 11.13336
684, 6.84000, 7.84275
685, 6.85000, 12.61352
686, 6.86000, 14.61759
687, 6.87000, 14.43456
688, 6.88000, 14.86771
689, 6.89000, 11.18916
690, 6.90000, 8.92827
691, 6.91000, 9.05036
692, 6.92000, 11.71261
693, 6.93000, 11.05823
694, 6.94000, 9.00620
695, 6.95000, 13.35025
696, 6.96000, 14.53453
697, 6.97000, 12.78347
698, 6.98000, 11.04879
699, 6.99000, 14.14243
700, 7.00000, 13.39090
701, 7.01000, 13.64517
702, 7.02000, 13.94126
703, 7.03000, 17.14705
704, 7.04000, 15.63082
705, 7.05000, 12.11883
706, 7.06000, 14.25283
707, 7.07000, 15.32865
708, 7.08000, 13.23511
709, 7.09000, 15.81425
710, 7.10000, 15.66877
711, 7.11000, 14.80776
712, 7.12000, 10.26168
713, 7.13000, 9.73030
714, 7.14000, 11.96609
715, 7.15000, 12.18900
716, 7.16000, 14.79547
717, 7.17000, 13.82325
718, 7.18000, 14.14795
719, 7.19000, 14.01779
720, 7.20000, 14.35166
721, 7.21000, 14.84029
722, 7.22000, 17.53323
723, 7.23000, 15.41053
724, 7.24000, 14.52382
725, 7.25000, 9.81123
726, 7.26000, 10.82369
727, 7.27000, 12.21086
728, 7.28000, 13.56556
729, 7.29000, 12.65754
730, 7.30000, 14.16550
731, 7.31000, 10.76869
732, 7.32000, 11.50824
733, 7.33000, 14.35637
734, 7.34000, 15.40415
735, 7.35000, 13.75954
736, 7.36000, 12.86874
737, 7.37000, 13.93856
738, 7.38000, 13.18675
739, 7.39000, 15.04669
740, 7.40000, 15.46951
741, 7.41000, 14.44162
742, 7.42000, 12.73625
743, 7.43000, 11.83803
744, 7.44000, 16.95117
745, 7.45000, 11.93657
746, 7.46000, 13.93576
747, 7.47000, 15.83699
748, 7.48000, 13.81609
749, 7.49000, 15.29898
750, 7.50000, 15.51619
751, 7.51000, 13.39967
752, 7.52000, 13.38483
753, 7.53000, 15.73988
754, 7.54000, 13.31555
755, 7.55000, 12.36814
756, 7.56000, 12.54811
757, 7.57000, 11.17302
758, 7.58000, 8.69483
759, 7.59000, 13.02465
760, 7.60000, 13.84538
761, 7.61000, 15.20023
762, 7.62000, 14.87884
763, 7.63000, 12.36717
764, 7.64000, 13.28705
765, 7.65000, 11.83746
766, 7.66000, 11.60717
767, 7.67000, 11.38335
768, 7.68000, 11.81284
769, 7.69000, 13.41780
770, 7.70000, 12.70809
771, 7.71000, 15.14616
772, 7.72000, 12.98813
773, 7.73000, 15.71199
774, 7.74000, 13.37240
775, 7.75000, 13.06140
776, 7.76000, 12.85440
777, 7.77000, 12.84485
778, 7.78000, 12.08309
779, 7.79000, 14.06586
780, 7.80000, 18.79629
781, 7.81000, 12.83801
782, 7.82000, 8.83410
783, 7.83000, 11.89951
784, 7.84000, 11.72235
785, 7.85000, 10.01395
786, 7.86000, 12.08693
787, 7.87000, 10.27386
788, 7.88000, 16.80569
789, 7.89000, 15.43506
790, 7.90000, 13.95791
791, 7.91000, 13.79978
792, 7.92000, 10.19071
793, 7.93000, 12.61152
794, 7.94000, 12.88866
795, 7.95000, 13.53110
796, 7.96000, 11.96330
797, 7.97000, 12.67232
798, 7.98000, 18.28787
799, 7.99000, 15.20185
800, 8.00000, 13.34684
801, 8.01000, 11.73021
802, 8.02000, 11.57886
803, 8.03000, 8.39173
804, 8.04000, 11.52182
805, 8.05000, 11.75688
806, 8.06000, 11.67408
807, 8.07000, 11.94583
808, 8.08000, 11.68253
809, 8.09000, 13.14696
810, 8.10000, 12.99837
811, 8.11000, 15.07716
812, 8.12000, 17.67523
813, 8.13000, 13.04746
814, 8.14000, 17.09775
815, 8.15000, 10.46470
816, 8.16000, 11.95672
817, 8.17000, 16.32301
818, 8.18000, 13.36484
819, 8.19000, 12.96356
820, 8.20000, 15.18987
821, 8.21000, 9.98303
822, 8.22000, 11.82804
823, 8.23000, 10.32218
824, 8.24000, 10.94815
825, 8.25000, 12.59013
826, 8.26000, 16.17255
827, 8.27000, 13.85102
828, 8.28000, 14.85107
829, 8.29000, 14.28251
830, 8.30000, 15.10932
831, 8.31000, 13.55665
832, 8.32000, 9.73413
833, 8.33000, 9.23114
834, 8.34000, 8.71704
835, 8.35000, 11.26759
836, 8.36000, 10.67022
837, 8.37000, 14.32612
838, 8.38000, 11.96532
839, 8.39000, 12.29497
840, 8.40000, 11.02445
841, 8.41000, 10.53440
842, 8.42000, 9.82923
843, 8.43000, 13.63326
844, 8.44000, 14.42653
845, 8.45000, 12.79069
846, 8.46000, 12.85270
847, 8.47000, 11.46875
848, 8.48000, 9.90848
849, 8.49000, 9.25232
850, 8.50000, 7.56449
851, 8.51000, 9.21478
852, 8.52000, 11.20867
853, 8.53000, 13.98247
854, 8.54000, 12.78980
855, 8.55000, 10.50975
856, 8.56000, 10.20997
857, 8.57000, 9.17347
858, 8.58000, 8.49676
859, 8.59000, 7.30083
860, 8.60000, 9.13355
861, 8.61000, 9.87589
862, 8.62000, 10.74705
863, 8.63000, 12.38498
864, 8.64000, 9.58495
865, 8.65000, 12.51132
866, 8.66000, 13.91764
867, 8.67000, 12.88277
868, 8.68000, 10.00524
869, 8.69000, 8.48663
870, 8.70000, 14.24278
871, 8.71000, 15.99223
872, 8.72000, 14.25079
873, 8.73000, 13.44498
874, 8.74000, 14.73964
875, 8.75000, 14.16422
876, 8.76000, 15.36767
877, 8.77000, 13.80874
878, 8.78000, 15.42203
879, 8.79000, 14.42302
880, 8.80000, 12.08359
881, 8.81000, 10.39708
882, 8.82000, 10.25319
883, 8.83000, 8.87998
884, 8.84000, 7.28952
885, 8.85000, 9.50653
886, 8.86000, 10.75582
887, 8.87000, 10.86040
888, 8.88000, 13.86731
889, 8.89000, 12.76346
890, 8.90000, 12.92626
891, 8.91000, 11.59322
892, 8.92000, 13.36922
893, 8.93000, 12.14403
894, 8.94000, 16.32097
895, 8.95000, 11.83568
896, 8.96000, 14.92573
897, 8.97000, 14.51322
898, 8.98000, 9.23807
899, 8.99000, 13.26620
900, 9.00000, 12.04743
901, 9.01000, 12.94893
902, 9.02000, 10.29206
903, 9.03000, 13.57481
904, 9.04000, 15.77930
905, 9.05000, 13.23709
906, 9.06000, 12.03084
907, 9.07000, 11.44625
908, 9.08000, 10.06052
909, 9.09000, 6.76994
910, 9.10000, 9.75684
911, 9.11000, 10.75374
912, 9.12000, 13.85122
913, 9.13000, 11.75397
914, 9.14000, 12.43363
915, 9.15000, 12.70981
916, 9.16000, 12.86334
917, 9.17000, 10.47029
918, 9.18000, 16.90286
919, 9.19000, 11.32764
920, 9.20000, 8.17282
921, 9.21000, 11.88167
922, 9.22000, 11.97131
923, 9.23000, 9.73366
924, 9.24000, 16.47500
925, 9.25000, 15.49427
926, 9.26000, 13.81528
927, 9.27000, 10.74633
928, 9.28000, 11.25239
929, 9.29000, 10.35659
930, 9.30000, 14.37113
931, 9.31000, 10.61038
932, 9.32000, 11.41316
933, 9.33000, 12.04882
934, 9.34000, 13.80721
935, 9.35000, 10.17958
936, 9.36000, 10.45146
937, 9.37000, 11.94173
938, 9.38000, 11.34053
939, 9.39000, 14.09867
940, 9.40000, 14.79754
941, 9.41000, 13.05500
942, 9.42000, 12.22506
943, 9.43000, 12.87657
944, 9.44000, 11.02782
945, 9.45000, 11.43461
946, 9.46000, 12.56660
947, 9.47000, 11.70837
948, 9.48000, 9.65794
949, 9.49000, 8.86487
950, 9.50000, 10.68717
951, 9.51000, 10.56662
952, 9.52000, 10.46840
953, 9.53000, 11.95871
954, 9.54000, 10.52807
955, 9.55000, 15.21803
956, 9.56000, 15.21169
957, 9.57000, 14.27973
958, 9.58000, 15.90769
959, 9.59000, 16.41769
960, 9.60000, 13.10369
961, 9.61000, 8.48954
962, 9.62000, 10.06467
963, 9.63000, 11.00553
964, 9.64000, 11.70502
965, 9.65000, 11.62096
966, 9.66000, 10.41617
967, 9.67000, 12.97088
968, 9.68000, 14.13431
969, 9.69000, 11.17181
970, 9.70000, 12.96430
971, 9.71000, 13.71590
972, 9.72000, 14.23033
973, 9.73000, 10.93322
974, 9.74000, 14.69758
975, 9.75000, 14.94346
976, 9.76000, 10.71172
977, 9.77000, 9.79235
978, 9.78000, 8.31746
979, 9.79000, 8.16135
980, 9.80000, 7.59494
981, 9.81000, 6.66446
982, 9.82000, 10.16858
983, 9.83000, 11.48880
984, 9.84000, 13.89634
985, 9.85000, 14.57318
986, 9.86000, 16.00577
987, 9.87000, 17.32920
988, 9.88000, 18.41413
989, 9.89000, 16.30482
990, 9.90000, 14.61540
991, 9.91000, 12.40386
992, 9.92000, 12.90573
993, 9.93000, 17.63065
994, 9.94000, 16.12103
995, 9.95000, 10.55387
996, 9.96000, 12.06888
997, 9.97000, 9.28314
998, 9.98000, 12.16054
999, 9.99000, 14.61028
1000, 10.00000, 13.52900
1001, 10.01000, 14.79505
1002, 10.02000, 11.95985
1003, 10.03000, 10.48348
1004, 10.04000, 11.89634
1005, 10.05000, 11.41038
1006, 10.06000, 11.97266
1007, 10.07000, 9.60120
1008, 10.08000, 10.07234
1009, 10.09000, 10.02271
1010, 10.10000, 13.59161
1011, 10.11000, 11.15558
1012, 10.12000, 13.71202
1013, 10.13000, 13.98945
1014, 10.14000, 15.63469
1015, 10.15000, 14.66356
1016, 10.16000, 14.40426
1017, 10.17000, 13.53236
1018, 10.18000, 9.45792
1019, 10.19000, 9.88372
1020, 10.20000, 12.45721
1021, 10.21000, 12.75629
1022, 10.22000, 10.73746
1023, 10.23000, 8.43866
1024, 10.24000, 7.97092
1025, 10.25000, 7.88095
1026, 10.26000, 8.49244
1027, 10.27000, 10.22586
1028, 10.28000, 15.27749
1029, 10.29000, 12.47188
1030, 10.30000, 14.49980
1031, 10.31000, 14.06546
1032, 10.32000, 14.17946
1033, 10.33000, 13.81797
1034, 10.34000, 11.16533
1035, 10.35000, 9.31778
1036, 10.36000, 12.14691
1037, 10.37000, 12.62778
1038, 10.38000, 13.14595
1039, 10.39000, 11.59765
1040, 10.40000, 10.38376
1041, 10.41000, 8.33258
1042, 10.42000, 8.65637
1043, 10.43000, 9.72006
1044, 10.44000, 12.90143
1045, 10.45000, 12.31753
1046, 10.46000, 11.35065
1047, 10.47000, 13.31315
1048, 10.48000, 13.58385
1049, 10.49000, 16.28263
1050, 10.50000, 10.98024
1051, 10.51000, 10.36698
1052, 10.52000, 10.76599
1053, 10.53000, 9.47749
1054, 10.54000, 8.94466
1055, 10.55000, 7.58004
1056, 10.56000, 10.24893
1057, 10.57000, 8.95141
1058, 10.58000, 7.25854
1059, 10.59000, 7.79480
1060, 10.60000, 6.78202
1061, 10.61000, 9.57644
1062, 10.62000, 11.79458
1063, 10.63000, 12.38791
1064, 10.64000, 11.79227
1065, 10.65000, 8.49910
1066, 10.66000, 8.90738
1067, 10.67000, 11.32803
1068, 10.68000, 11.07733
1069, 10.69000, 11.66234
1070, 10.70000, 13.09207
1071, 10.71000, 15.39742
1072, 10.72000, 14.89347
1073, 10.73000, 11.64419
1074, 10.74000, 11.83922
1075, 10.75000, 11.57857
1076, 10.76000, 16.30434
1077, 10.77000, 12.86266
1078, 10.78000, 17.37320
1079, 10.79000, 13.82123
1080, 10.80000, 14.69472
1081, 10.81000, 14.65644
1082, 10.82000, 14.57601
1083, 10.83000, 13.99883
1084, 10.84000, 14.30873
1085, 10.85000, 15.52089
1086, 10.86000, 14.11287
1087, 10.87000, 16.68855
1088, 10.88000, 13.50994
1089, 10.89000, 10.78983
1090, 10.90000, 15.00768
1091, 10.91000, 14.66253
1092, 10.92000, 13.05110
1093, 10.93000, 14.08924
1094, 10.94000, 13.92214
1095, 10.95000, 12.86745
1096, 10.96000, 10.67837
1097, 10.97000, 13.47370
1098, 10.98000, 17.65879
1099, 10.99000, 14.07747
1100, 11.00000, 12.21769
1101, 11.01000, 14.44957
1102, 11.02000, 15.00562
1103, 11.03000, 15.53075
1104, 11.04000, 14.03624
1105, 11.05000, 13.58917
1106, 11.06000, 10.84311
1107, 11.07000, 9.79064
1108, 11.08000, 14.27130
1109, 11.09000, 11.48594
1110, 11.10000, 10.63154
1111, 11.11000, 12.38466
1112, 11.12000, 12.24834
1113, 11.13000, 13.40691
1114, 11.14000, 15.16071
1115, 11.15000, 13.40373
1116, 11.16000, 10.03855
1117, 11.17000, 12.42037
1118, 11.18000, 12.46207
1119, 11.19000, 14.29160
1120, 11.20000, 16.84282
1121, 11.21000, 15.25069
1122, 11.22000, 11.75206
1123, 11.23000, 10.83453
1124, 11.24000, 14.23208
1125, 11.25000, 9.84041
1126, 11.26000, 12.04273
1127, 11.27000, 12.70129
1128, 11.28000, 11.38690
1129, 11.29000, 10.35656
1130, 11.30000, 9.45881
1131, 11.31000, 9.17682
1132, 11.32000, 11.65044
1133, 11.33000, 7.46773
1134, 11.34000, 13.03384
1135, 11.35000, 15.12432
1136, 11.36000, 12.51724
1137, 11.37000, 17.14542
1138, 11.38000, 16.47546
1139, 11.39000, 14.77172
1140, 11.40000, 13.20403
1141, 11.41000, 11.29296
1142, 11.42000, 11.85957
1143, 11.43000, 11.07240
1144, 11.44000, 12.30830
1145, 11.45000, 15.13859
1146, 11.46000, 12.63934
1147, 11.47000, 13.45616
1148, 11.48000, 14.71333
1149, 11.49000, 13.72073
1150, 11.50000, 10.05092
1151, 11.51000, 11.92311
1152, 11.52000, 11.10508
1153, 11.53000, 14.50945
1154, 11.54000, 13.46586
1155, 11.55000, 15.87714
1156, 11.56000, 13.15417
1157, 11.57000, 16.08046
1158, 11.58000, 14.60200
1159, 11.59000, 15.67909
1160, 11.60000, 13.00673
1161, 11.61000, 10.30621
1162, 11.62000, 11.07485
1163, 11.63000, 11.35718
1164, 11.64000, 10.20103
1165, 11.65000, 13.45560
1166, 11.66000, 10.91820
1167, 11.67000, 11.43006
1168, 11.68000, 9.41904
1169, 11.69000, 11.22429
1170, 11.70000, 11.08947
1171, 11.71000, 9.66145
1172, 11.72000, 8.71952
1173, 11.73000, 12.31027
1174, 11.74000, 11.18303
1175, 11.75000, 13.52318
1176, 11.76000, 15.20796
1177, 11.77000, 12.76515
1178, 11.78000, 13.23678
1179, 11.79000, 13.03437
1180, 11.80000, 11.02900
1181, 11.81000, 13.09387
1182, 11.82000, 14.28197
1183, 11.83000, 10.80364
1184, 11.84000, 12.86902
1185, 11.85000, 12.79557
1186, 11.86000, 16.55704
1187, 11.87000, 17.90368
1188, 11.88000, 14.96171
1189, 11.89000, 10.89711
1190, 11.90000, 15.64539
1191, 11.91000, 11.50929
1192, 11.92000, 9.25542
1193, 11.93000, 9.74420
1194, 11.94000, 11.34527
1195, 11.95000, 13.99375
1196, 11.96000, 14.34864
1197, 11.97000, 15.62567
1198, 11.98000, 14.55494
1199, 11.99000, 11.36491
1200, 12.00000, 14.15203
1201, 12.01000, 14.18703
1202, 12.02000, 12.39312
1203, 12.03000, 7.87856
1204, 12.04000, 9.15012
1205, 12.05000, 8.61398
1206, 12.06000, 10.83412
1207, 12.07000, 11.87483
1208, 12.08000, 13.28628
1209, 12.09000, 12.37995
1210, 12.10000, 12.55488
1211, 12.11000, 13.65564
1212, 12.12000, 12.85772
1213, 12.13000, 10.66238
1214, 12.14000, 7.83329
1215, 12.15000, 8.73116
1216, 12.16000, 8.22218
1217, 12.17000, 9.37722
1218, 12.18000, 11.34505
1219, 12.19000, 11.06147
1220, 12.20000, 12.46999
1221, 12.21000, 13.69479
1222, 12.22000, 12.09047
1223, 12.23000, 11.43695
1224, 12.24000, 10.04526
1225, 12.25000, 10.33777
1226, 12.26000, 12.47711
1227, 12.27000, 10.16636
1228, 12.28000, 13.21448
1229, 12.29000, 12.22373
1230, 12.30000, 11.66705
1231, 12.31000, 14.98792
1232, 12.32000, 14.50819
1233, 12.33000, 13.84221
1234, 12.34000, 13.57420
1235, 12.35000, 12.91763
1236, 12.36000, 11.74711
1237, 12.37000, 12.92078
1238, 12.38000, 10.46980
1239, 12.39000, 13.20077
1240, 12.40000, 12.78802
1241, 12.41000, 10.84900
1242, 12.42000, 13.21701
1243, 12.43000, 14.61883
1244, 12.44000, 13.72892
1245, 12.45000, 15.11369
1246, 12.46000, 11.41013
1247, 12.47000, 10.04253
1248, 12.48000, 10.58203
1249, 12.49000, 13.15724
1250, 12.50000, 11.30274
1251, 12.51000, 9.06006
1252, 12.52000, 10.98458
1253, 12.53000, 11.74263
1254, 12.54000, 12.16983
1255, 12.55000, 9.48864
1256, 12.56000, 13.94984
1257, 12.57000, 12.55336
1258, 12.58000, 10.70240
1259, 12.59000, 12.17542
1260, 12.60000, 12.49395
1261, 12.61000, 14.82221
1262, 12.62000, 18.49359
1263, 12.63000, 14.99613
1264, 12.64000, 10.93075
1265, 12.65000, 13.75332
1266, 12.66000, 12.75405
1267, 12.67000, 11.57627
1268, 12.68000, 12.81194
1269, 12.69000, 16.53114
1270, 12.70000, 16.77416
1271, 12.71000, 15.98015
1272, 12.72000, 12.59472
1273, 12.73000, 16.19982
1274, 12.74000, 10.48334
1275, 12.75000, 12.89035
1276, 12.76000, 7.61789
1277, 12.77000, 8.09781
1278, 12.78000, 10.88679
1279, 12.79000, 11.24763
1280, 12.80000, 13.39947
1281, 12.81000, 13.49308
1282, 12.82000, 17.46575
1283, 12.83000, 16.01546
1284, 12.84000, 16.28222
1285, 12.85000, 9.95200
1286, 12.86000, 12.59732
1287, 12.87000, 13.86303
1288, 12.88000, 12.69427
1289, 12.89000, 16.45819
1290, 12.90000, 17.15233
1291, 12.91000, 16.94584
1292, 12.92000, 15.25562
1293, 12.93000, 16.92377
1294, 12.94000, 18.81916
1295, 12.95000, 14.35476
1296, 12.96000, 15.26036
1297, 12.97000, 15.50304
1298, 12.98000, 13.87686
1299, 12.99000, 11.76204
1300, 13.00000, 11.43090
1301, 13.01000, 10.91013
1302, 13.02000, 10.66988
1303, 13.03000, 12.61404
1304, 13.04000, 13.09812
1305, 13.05000, 10.32011
1306, 13.06000, 13.32514
1307, 13.07000, 11.55437
1308, 13.08000, 13.53085
1309, 13.09000, 11.88512
1310, 13.10000, 13.10563
1311, 13.11000, 10.77949
1312, 13.12000, 15.34753
1313, 13.13000, 15.82933
1314, 13.14000, 13.09452
1315, 13.15000, 10.66099
1316, 13.16000, 9.86835
1317, 13.17000, 13.33581
1318, 13.18000, 10.41435
1319, 13.19000, 12.27425
1320, 13.20000, 13.13779
1321, 13.21000, 13.46080
1322, 13.22000, 17.79411
1323, 13.23000, 13.33549
1324, 13.24000, 13.36111
1325, 13.25000, 14.10067
1326, 13.26000, 13.75424
1327, 13.27000, 13.29292
1328, 13.28000, 12.76968
1329, 13.29000, 12.38070
1330, 13.30000, 16.03634
1331, 13.31000, 11.29369
1332, 13.32000, 16.34864
1333, 13.33000, 14.96606
1334, 13.34000, 13.92552
1335, 13.35000, 11.76854
1336, 13.36000, 15.36878
1337, 13.37000, 14.24414
1338, 13.38000, 12.66439
1339, 13.39000, 14.71135
1340, 13.40000, 17.05783
1341, 13.41000, 12.60268
1342, 13.42000, 14.32566
1343, 13.43000, 14.53316
1344, 13.44000, 15.09864
1345, 13.45000, 15.01529
1346, 13.46000, 13.29562
1347, 13.47000, 15.54383
1348, 13.48000, 16.09339
1349, 13.49000, 15.62720
1350, 13.50000, 12.65445
1351, 13.51000, 8.91713
1352, 13.52000, 14.23269
1353, 13.53000, 10.15572
1354, 13.54000, 10.34536
1355, 13.55000, 12.75274
1356, 13.56000, 15.03473
1357, 13.57000, 11.45174
1358, 13.58000, 13.69692
1359, 13.59000, 13.83227
1360, 13.60000, 12.50033
1361, 13.61000, 14.88339
1362, 13.62000, 14.56131
1363, 13.63000, 17.01238
1364, 13.64000, 10.83977
1365, 13.65000, 12.95992
1366, 13.66000, 12.19884
1367, 13.67000, 12.12393
1368, 13.68000, 12.07880
1369, 13.69000, 17.21263
1370, 13.70000, 16.40101
1371, 13.71000, 15.08375
1372, 13.72000, 18.01959
1373, 13.73000, 12.53591
1374, 13.74000, 14.84931
1375, 13.75000, 11.93218
1376, 13.76000, 11.34394
1377, 13.77000, 11.02845
1378, 13.78000, 10.36502
1379, 13.79000, 14.78572
1380, 13.80000, 14.10788
1381, 13.81000, 14.45372
1382, 13.82000, 11.51815
1383, 13.83000, 10.86318
1384, 13.84000, 10.82068
1385, 13.85000, 12.31783
1386, 13.86000, 9.72021
1387, 13.87000, 8.06269
1388, 13.88000, 13.90833
1389, 13.89000, 9.27115
1390, 13.90000, 11.62461
1391, 13.91000, 10.36685
1392, 13.92000, 12.19947
1393, 13.93000, 11.89075
1394, 13.94000, 11.56945
1395, 13.95000, 11.30458
1396, 13.96000, 9.98602
1397, 13.97000, 15.54863
1398, 13.98000, 13.51072
1399, 13.99000, 13.13934
1400, 14.00000, 13.94388
1401, 14.01000, 14.51626
1402, 14.02000, 13.40463
1403, 14.03000, 14.26589
1404, 14.04000, 12.44888
1405, 14.05000, 13.36705
1406, 14.06000, 12.26609
1407, 14.07000, 9.57127
1408, 14.08000, 12.88170
1409, 14.09000, 16.80178
1410, 14.10000, 15.08334
1411, 14.11000, 16.43427
1412, 14.12000, 15.59243
1413, 14.13000, 13.21582
1414, 14.14000, 14.54964
1415, 14.15000, 13.38457
1416, 14.16000, 12.83474
1417, 14.17000, 11.83155
1418, 14.18000, 14.32365
1419, 14.19000, 14.09929
1420, 14.20000, 11.96980
1421, 14.21000, 10.26483
1422, 14.22000, 9.38032
1423, 14.23000, 11.33312
1424, 14.24000, 9.01965
1425, 14.25000, 10.30690
1426, 14.26000, 11.19867
1427, 14.27000, 14.03879
1428, 14.28000, 16.56122
1429, 14.29000, 13.83265
1430, 14.30000, 13.93648
1431, 14.31000, 16.29885
1432, 14.32000, 12.16207
1433, 14.33000, 14.05237
1434, 14.34000, 13.75619
1435, 14.35000, 17.84602
1436, 14.36000, 15.34695
1437, 14.37000, 12.81752
1438, 14.38000, 9.80339
1439, 14.39000, 13.88151
1440, 14.40000, 12.88392
1441, 14.41000, 14.74919
1442, 14.42000, 15.50214
1443, 14.43000, 11.33732
1444, 14.44000, 13.88622
1445, 14.45000, 14.08122
1446, 14.46000, 16.20098
1447, 14.47000, 11.56307
1448, 14.48000, 11.06355
1449, 14.49000, 8.57250
1450, 14.50000, 9.26187
1451, 14.51000, 10.56380
1452, 14.52000, 15.33596
1453, 14.53000, 11.95131
1454, 14.54000, 13.98180
1455, 14.55000, 11.25784
1456, 14.56000, 14.81719
1457, 14.57000, 14.82191
1458, 14.58000, 15.57261
1459, 14.59000, 18.45573
1460, 14.60000, 16.55419
1461, 14.61000, 13.07677
1462, 14.62000, 13.64358
1463, 14.63000, 12.85379
1464, 14.64000, 11.65013
1465, 14.65000, 11.06667
1466, 14.66000, 14.96104
1467, 14.67000, 12.71510
1468, 14.68000, 11.01202
1469, 14.69000, 10.68923
1470, 14.70000, 13.52403
1471, 14.71000, 13.59136
1472, 14.72000, 13.95981
1473, 14.73000, 16.19006
1474, 14.74000, 10.83791
1475, 14.75000, 13.90525
1476, 14.76000, 14.90999
1477, 14.77000, 13.18653
1478, 14.78000, 14.80847
1479, 14.79000, 12.25166
1480, 14.80000, 14.61260
1481, 14.81000, 14.32403
1482, 14.82000, 12.07253
1483, 14.83000, 10.78893
1484, 14.84000, 12.59861
1485, 14.85000, 14.05804
1486, 14.86000, 13.57219
1487, 14.87000, 11.47476
1488, 14.88000, 12.57569
1489, 14.89000, 14.56219
1490, 14.90000, 12.87628
1491, 14.91000, 10.51394
1492, 14.92000, 14.39945
1493, 14.93000, 16.82161
1494, 14.94000, 13.02467
1495, 14.95000, 13.37543
1496, 14.96000, 10.90735
1497, 14.97000, 11.50656
1498, 14.98000, 8.73525
1499, 14.99000, 8.09934
1500, 15.00000, 7.25739
1501, 15.01000, 11.20950
1502, 15.02000, 10.31355
1503, 15.03000, 8.16798
1504, 15.04000, 9.10579
1505, 15.05000, 9.18590
1506, 15.06000, 10.74223
1507, 15.07000, 9.11795
1508, 15.08000, 12.04587
1509, 15.09000, 11.86036
1510, 15.10000, 14.25655
1511, 15.11000, 14.21786
1512, 15.12000, 13.90766
1513, 15.13000, 14.79030
1514, 15.14000, 13.69397
1515, 15.15000, 15.98785
1516, 15.16000, 14.02852
1517, 15.17000, 14.48309
1518, 15.18000, 14.88819
1519, 15.19000, 15.16237
1520, 15.20000, 11.23944
1521, 15.21000, 11.51118
1522, 15.22000, 11.88882
1523, 15.23000, 8.84167
1524, 15.24000, 11.67415
1525, 15.25000, 12.67758
1526, 15.26000, 12.11298
1527, 15.27000, 17.02196
1528, 15.28000, 13.94821
1529, 15.29000, 15.56669
1530, 15.30000, 17.27662
1531, 15.31000, 17.03934
1532, 15.32000, 12.71758
1533, 15.33000, 14.37039
1534, 15.34000, 15.24216
1535, 15.35000, 14.46100
1536, 15.36000, 14.53784
1537, 15.37000, 10.08861
1538, 15.38000, 18.12581
1539, 15.39000, 12.87254
1540, 15.40000, 13.22243
1541, 15.41000, 12.08317
1542, 15.42000, 14.16735
1543, 15.43000, 14.06909
1544, 15.44000, 13.31135
1545, 15.45000, 14.83801
1546, 15.46000, 12.71379
1547, 15.47000, 9.78687
1548, 15.48000, 11.00834
1549, 15.49000, 9.90137
1550, 15.50000, 7.91856
1551, 15.51000, 13.24173
1552, 15.52000, 16.20166
1553, 15.53000, 12.49638
1554, 15.54000, 13.62234
1555, 15.55000, 12.09428
1556, 15.56000, 11.15968
1557, 15.57000, 8.97527
1558, 15.58000, 9.74038
1559, 15.59000, 9.22760
1560, 15.60000, 14.95292
1561, 15.61000, 14.92344
1562, 15.62000, 17.05309
1563, 15.63000, 14.22551
1564, 15.64000, 13.02759
1565, 15.65000, 13.61210
1566, 15.66000, 11.58836
1567, 15.67000, 14.39702
1568, 15.68000, 16.78392
1569, 15.69000, 16.12519
1570, 15.70000, 10.67421
1571, 15.71000, 12.00151
1572, 15.72000, 14.23004
1573, 15.73000, 13.35209
1574, 15.74000, 11.48999
1575, 15.75000, 12.96993
1576, 15.76000, 9.97010
1577, 15.77000, 12.85888
1578, 15.78000, 13.74043
1579, 15.79000, 15.58000
1580, 15.80000, 13.48981
1581, 15.81000, 13.17255
1582, 15.82000, 11.22875
1583, 15.83000, 11.82781
1584, 15.84000, 9.14050
1585, 15.85000, 9.79517
1586, 15.86000, 8.77356
1587, 15.87000, 9.50123
1588, 15.88000, 12.39525
1589, 15.89000, 10.91021
1590, 15.90000, 8.23970
1591, 15.91000, 11.45094
1592, 15.92000, 13.71519
1593, 15.93000, 11.40058
1594, 15.94000, 14.86870
1595, 15.95000, 13.25004
1596, 15.96000, 13.49453
1597, 15.97000, 13.42484
1598, 15.98000, 14.50538
1599, 15.99000, 12.35024
1600, 16.00000, 10.12917
1601, 16.01000, 11.83367
1602, 16.02000, 14.76042
1603, 16.03000, 10.49320
1604, 16.04000, 11.69131
1605, 16.05000, 9.99348
1606, 16.06000, 11.97531
1607, 16.07000, 12.61944
1608, 16.08000, 9.90640
1609, 16.09000, 12.60104
1610, 16.10000, 10.65776
1611, 16.11000, 9.99271
1612, 16.12000, 13.49311
1613, 16.13000, 17.07966
1614, 16.14000, 18.54957
1615, 16.15000, 14.69432
1616, 16.16000, 16.10156
1617, 16.17000, 13.03812
1618, 16.18000, 10.83572
1619, 16.19000, 8.85299
1620, 16.20000, 10.27069
1621, 16.21000, 9.70404
1622, 16.22000, 8.77465
1623, 16.23000, 7.92296
1624, 16.24000, 9.57032
1625, 16.25000, 9.69415
1626, 16.26000, 10.50084
1627, 16.27000, 12.27607
1628, 16.28000, 11.22490
1629, 16.29000, 10.86247
1630, 16.30000, 15.39657
1631, 16.31000, 15.00115
1632, 16.32000, 16.08120
1633, 16.33000, 11.38344
1634, 16.34000, 14.90775
1635, 16.35000, 12.04468
1636, 16.36000, 12.17588
1637, 16.37000, 11.17135
1638, 16.38000, 12.31858
1639, 16.39000, 12.42992
1640, 16.40000, 9.08849
1641, 16.41000, 14.01657
1642, 16.42000, 10.88004
1643, 16.43000, 12.24139
1644, 16.44000, 12.87807
1645, 16.45000, 10.99959
1646, 16.46000, 8.03203
1647, 16.47000, 8.61945
1648, 16.48000, 10.08839
1649, 16.49000, 10.69656
1650, 16.50000, 11.39579
1651, 16.51000, 12.43346
1652, 16.52000, 12.93553
1653, 16.53000, 10.90816
1654, 16.54000, 11.31314
1655, 16.55000, 11.04554
1656, 16.56000, 9.85479
1657, 16.57000, 12.75526
1658, 16.58000, 14.63543
1659, 16.59000, 13.33691
1660, 16.60000, 12.47492
1661, 16.61000, 7.88581
1662, 16.62000, 9.47693
1663, 16.63000, 8.97799
1664, 16.64000, 10.30633
1665, 16.65000, 14.81065
1666, 16.66000, 14.27651
1667, 16.67000, 11.35492
1668, 16.68000, 11.97606
1669, 16.69000, 12.52166
1670, 16.70000, 13.65287
1671, 16.71000, 10.43245
1672, 16.72000, 14.03157
1673, 16.73000, 10.75246
1674, 16.74000, 12.22264
1675, 16.75000, 13.06346
1676, 16.76000, 14.13832
1677, 16.77000, 12.73335
1678, 16.78000, 13.72350
1679, 16.79000, 10.38038
1680, 16.80000, 11.15926
1681, 16.81000, 13.10445
1682, 16.82000, 14.88899
1683, 16.83000, 14.06128
1684, 16.84000, 13.16235
1685, 16.85000, 14.03223
1686, 16.86000, 15.36539
1687, 16.87000, 11.99062
1688, 16.88000, 13.78686
1689, 16.89000, 15.46155
1690, 16.90000, 12.13583
1691, 16.91000, 12.41337
1692, 16.92000, 11.13521
1693, 16.93000, 11.32791
1694, 16.94000, 11.82482
1695, 16.95000, 11.56930
1696, 16.96000, 13.06631
1697, 16.97000, 13.27126
1698, 16.98000, 8.96767
1699, 16.99000, 11.27919
1700, 17.00000, 11.28781
1701, 17.01000, 10.80061
1702, 17.02000, 10.02119
1703, 17.03000, 9.86216
1704, 17.04000, 12.66825
1705, 17.05000, 11.82903
1706, 17.06000, 10.85437
1707, 17.07000, 13.40428
1708, 17.08000, 12.65830
1709, 17.09000, 9.99583
1710, 17.10000, 13.55115
1711, 17.11000, 8.47479
1712, 17.12000, 9.06048
1713, 17.13000, 10.06633
1714, 17.14000, 9.35850
1715, 17.15000, 11.82044
1716, 17.16000, 13.23033
1717, 17.17000, 14.83514
1718, 17.18000, 12.96375
1719, 17.19000, 14.49702
1720, 17.20000, 16.39212
1721, 17.21000, 14.33592
1722, 17.22000, 16.61492
1723, 17.23000, 16.66485
1724, 17.24000, 15.44270
1725, 17.25000, 16.02120
1726, 17.26000, 12.46360
1727, 17.27000, 17.38364
1728, 17.28000, 15.46445
1729, 17.29000, 9.12739
1730, 17.30000, 14.54861
1731, 17.31000, 13.85919
1732, 17.32000, 10.26716
1733, 17.33000, 14.98866
1734, 17.34000, 9.30284
1735, 17.35000, 12.96410
1736, 17.36000, 14.88753
1737, 17.37000, 13.60925
1738, 17.38000, 9.07461
1739, 17.39000, 13.28716
1740, 17.40000, 13.81224
1741, 17.41000, 13.58517
1742, 17.42000, 15.04756
1743, 17.43000, 11.76171
1744, 17.44000, 15.08263
1745, 17.45000, 17.35028
1746, 17.46000, 11.28495
1747, 17.47000, 9.78305
1748, 17.48000, 8.71291
1749, 17.49000, 9.99041
1750, 17.50000, 11.44606
1751, 17.51000, 9.51415
1752, 17.52000, 11.05633
1753, 17.53000, 13.11386
1754, 17.54000, 12.15480
1755, 17.55000, 15.28977
1756, 17.56000, 16.40816
1757, 17.57000, 18.16734
1758, 17.58000, 14.86649
1759, 17.59000, 10.55216
1760, 17.60000, 15.94752
1761, 17.61000, 12.97781
1762, 17.62000, 17.02858
1763, 17.63000, 16.10905
1764, 17.64000, 15.99335
1765, 17.65000, 15.34388
1766, 17.66000, 15.17356
1767, 17.67000, 15.79494
1768, 17.68000, 9.58430
1769, 17.69000, 14.69673
1770, 17.70000, 16.10627
1771, 17.71000, 15.32386
1772, 17.72000, 13.66267
1773, 17.73000, 11.00002
1774, 17.74000, 11.33576
1775, 17.75000, 11.97121
1776, 17.76000, 12.87891
1777, 17.77000, 13.53798
1778, 17.78000, 12.57274
1779, 17.79000, 13.66076
1780, 17.80000, 12.88057
1781, 17.81000, 13.82983
1782, 17.82000, 14.75212
1783, 17.83000, 10.17351
1784, 17.84000, 17.64728
1785, 17.85000, 15.31718
1786, 17.86000, 13.51470
1787, 17.87000, 11.71247
1788, 17.88000, 11.61910
1789, 17.89000, 16.20959
1790, 17.90000, 18.56722
1791, 17.91000, 12.97424
1792, 17.92000, 9.32157
1793, 17.93000, 10.39618
1794, 17.94000, 6.31799
1795, 17.95000, 7.45338
1796, 17.96000, 8.35981
1797, 17.97000, 10.67835
1798, 17.98000, 10.10733
1799, 17.99000, 9.29963
1800, 18.00000, 13.62545
1801, 18.01000, 10.55714
1802, 18.02000, 10.99145
1803, 18.03000, 13.68685
1804, 18.04000, 10.56782
1805, 18.05000, 10.96819
1806, 18.06000, 8.17282
1807, 18.07000, 7.01350
1808, 18.08000, 11.18942
1809, 18.09000, 12.42847
1810, 18.10000, 16.15443
1811, 18.11000, 13.13318
1812, 18.12000, 11.71230
1813, 18.13000, 12.34651
1814, 18.14000, 11.31615
1815, 18.15000, 11.37202
1816, 18.16000, 12.86300
1817, 18.17000, 11.56604
1818, 18.18000, 9.12083
1819, 18.19000, 12.70219
1820, 18.20000, 15.54053
1821, 18.21000, 15.74046
1822, 18.22000, 13.72171
1823, 18.23000, 12.63574
1824, 18.24000, 11.49029
1825, 18.25000, 12.50474
1826, 18.26000, 8.98968
1827, 18.27000, 8.48261
1828, 18.28000, 16.10066
1829, 18.29000, 14.70784
1830, 18.30000, 14.55241
1831, 18.31000, 15.77946
1832, 18.32000, 12.18366
1833, 18.33000, 11.83307
1834, 18.34000, 13.71867
1835, 18.35000, 15.44657
1836, 18.36000, 17.26821
1837, 18.37000, 14.01608
1838, 18.38000, 17.27445
1839, 18.39000, 13.93416
1840, 18.40000, 14.57825
1841, 18.41000, 18.72237
1842, 18.42000, 16.34344
1843, 18.43000, 14.42671
1844, 18.44000, 12.72977
1845, 18.45000, 10.67964
1846, 18.46000, 10.52220
1847, 18.47000, 9.99652
1848, 18.48000, 10.19855
1849, 18.49000, 12.78661
1850, 18.50000, 13.81224
1851, 18.51000, 14.76007
1852, 18.52000, 16.08134
1853, 18.53000, 14.06373
1854, 18.54000, 12.63465
1855, 18.55000, 10.19193
1856, 18.56000, 12.90400
1857, 18.57000, 16.24209
1858, 18.58000, 10.26811
1859, 18.59000, 12.03952
1860, 18.60000, 8.82393
1861, 18.61000, 10.37411
1862, 18.62000, 10.72016
1863, 18.63000, 10.58312
1864, 18.64000, 14.35594
1865, 18.65000, 16.80062
1866, 18.66000, 11.49044
1867, 18.67000, 11.39347
1868, 18.68000, 13.57135
1869, 18.69000, 14.60574
1870, 18.70000, 8.43441
1871, 18.71000, 10.27977
1872, 18.72000, 9.97723
1873, 18.73000, 10.88926
1874, 18.74000, 12.55214
1875, 18.75000, 12.78390
1876, 18.76000, 12.99499
1877, 18.77000, 12.20381
1878, 18.78000, 10.30764
1879, 18.79000, 16.83333
1880, 18.80000, 14.13050
1881, 18.81000, 13.42216
1882, 18.82000, 12.68917
1883, 18.83000, 11.68817
1884, 18.84000, 11.54538
1885, 18.85000, 17.33777
1886, 18.86000, 15.19817
1887, 18.87000, 10.96029
1888, 18.88000, 11.53270
1889, 18.89000, 10.25148
1890, 18.90000, 11.96258
1891, 18.91000, 13.19659
1892, 18.92000, 12.87535
1893, 18.93000, 11.00249
1894, 18.94000, 10.14332
1895, 18.95000, 12.02509
1896, 18.96000, 11.75246
1897, 18.97000, 12.80428
1898, 18.98000, 13.58525
1899, 18.99000, 12.79067
1900, 19.00000, 13.07486
1901, 19.01000, 11.38057
1902, 19.02000, 12.04147
1903, 19.03000, 11.54311
1904, 19.04000, 11.00741
1905, 19.05000, 13.79907
1906, 19.06000, 13.11435
1907, 19.07000, 14.76712
1908, 19.08000, 15.87289
1909, 19.09000, 17.76868
1910, 19.10000, 15.15742
1911, 19.11000, 14.45151
1912, 19.12000, 17.59726
1913, 19.13000, 18.73827
1914, 19.14000, 18.20781
1915, 19.15000, 15.01968
1916, 19.16000, 12.86438
1917, 19.17000, 11.83907
1918, 19.18000, 11.79016
1919, 19.19000, 15.27370
1920, 19.20000, 15.74949
1921, 19.21000, 13.62600
1922, 19.22000, 16.83827
1923, 19.23000, 13.08729
1924, 19.24000, 14.84483
1925, 19.25000, 11.55721
1926, 19.26000, 11.27018
1927, 19.27000, 12.70973
1928, 19.28000, 13.25415
1929, 19.29000, 9.99983
1930, 19.30000, 7.73200
1931, 19.31000, 10.77272
1932, 19.32000, 10.95832
1933, 19.33000, 10.88413
1934, 19.34000, 10.71208
1935, 19.35000, 10.84952
1936, 19.36000, 9.93398
1937, 19.37000, 13.72041
1938, 19.38000, 13.36003
1939, 19.39000, 13.04349
1940, 19.40000, 14.18572
1941, 19.41000, 13.52876
1942, 19.42000, 11.46139
1943, 19.43000, 11.08591
1944, 19.44000, 13.88475
1945, 19.45000, 14.18391
1946, 19.46000, 15.79335
1947, 19.47000, 14.89506
1948, 19.48000, 15.89324
1949, 19.49000, 14.88941
1950, 19.50000, 12.99713
1951, 19.51000, 13.17195
1952, 19.52000, 12.53416
1953, 19.53000, 14.18015
1954, 19.54000, 11.60103
1955, 19.55000, 9.79719
1956, 19.56000, 15.68627
1957, 19.57000, 12.25098
1958, 19.58000, 14.36513
1959, 19.59000, 15.12341
1960, 19.60000, 13.32260
1961, 19.61000, 16.51032
1962, 19.62000, 13.54767
1963, 19.63000, 13.58098
1964, 19.64000, 13.46959
1965, 19.65000, 11.05715
1966, 19.66000, 13.25976
1967, 19.67000, 14.69876
1968, 19.68000, 14.37926
1969, 19.69000, 11.44751
1970, 19.70000, 13.76404
1971, 19.71000, 14.61766
1972, 19.72000, 13.15065
1973, 19.73000, 15.20172
1974, 19.74000, 14.50062
1975, 19.75000, 16.06622
1976, 19.76000, 13.79649
1977, 19.77000, 12.66559
1978, 19.78000, 11.77232
1979, 19.79000, 13.91937
1980, 19.80000, 17.87737
1981, 19.81000, 11.51135
1982, 19.82000, 8.61546
1983, 19.83000, 11.01531
1984, 19.84000, 11.65484
1985, 19.85000, 15.07126
1986, 19.86000, 14.90848
1987, 19.87000, 11.93385
1988, 19.88000, 12.82857
1989, 19.89000, 11.38241
1990, 19.90000, 9.27941
1991, 19.91000, 11.89570
1992, 19.92000, 15.78396
1993, 19.93000, 14.77641
1994, 19.94000, 14.03603
1995, 19.95000, 12.63549
1996, 19.96000, 10.80399
1997, 19.97000, 10.60253
1998, 19.98000, 13.95601
1999, 19.99000, 14.55817
2000, 20.00000, 10.32242
2001, 20.01000, 10.50480
