nt, t, solve_time
1, 0.01000, 75.09947
2, 0.02000, 55.46358
3, 0.03000, 52.39292
4, 0.04000, 48.13522
5, 0.05000, 51.27867
6, 0.06000, 34.43988
7, 0.07000, 51.64707
8, 0.08000, 37.26552
9, 0.09000, 32.49845
10, 0.10000, 22.24563
11, 0.11000, 30.88240
12, 0.12000, 39.36054
13, 0.13000, 36.75568
14, 0.14000, 44.38990
15, 0.15000, 37.29682
16, 0.16000, 34.86720
17, 0.17000, 34.85851
18, 0.18000, 38.25589
19, 0.19000, 33.22615
20, 0.20000, 43.93808
21, 0.21000, 27.70380
22, 0.22000, 28.75206
23, 0.23000, 44.07755
24, 0.24000, 38.20033
25, 0.25000, 36.68773
26, 0.26000, 39.24056
27, 0.27000, 30.89172
28, 0.28000, 30.86854
29, 0.29000, 38.37468
30, 0.30000, 44.79649
31, 0.31000, 38.00635
32, 0.32000, 36.72777
33, 0.33000, 43.59874
34, 0.34000, 36.43105
35, 0.35000, 45.31667
36, 0.36000, 43.97757
37, 0.37000, 35.38084
38, 0.38000, 45.34360
39, 0.39000, 29.00352
40, 0.40000, 41.39451
41, 0.41000, 28.28229
42, 0.42000, 37.62904
43, 0.43000, 27.51745
44, 0.44000, 19.62762
45, 0.45000, 29.80418
46, 0.46000, 22.80801
47, 0.47000, 29.34849
48, 0.48000, 34.23896
49, 0.49000, 30.63625
50, 0.50000, 16.24813
51, 0.51000, 20.98648
52, 0.52000, 26.29051
53, 0.53000, 20.51522
54, 0.54000, 20.85365
55, 0.55000, 27.54607
56, 0.56000, 20.24146
57, 0.57000, 19.61392
58, 0.58000, 21.24256
59, 0.59000, 18.17901
60, 0.60000, 19.21875
61, 0.61000, 16.89672
62, 0.62000, 20.97522
63, 0.63000, 17.26689
64, 0.64000, 16.44442
65, 0.65000, 24.19876
66, 0.66000, 19.43740
67, 0.67000, 16.40513
68, 0.68000, 20.93844
69, 0.69000, 15.31688
70, 0.70000, 17.06679
71, 0.71000, 18.94452
72, 0.72000, 25.61696
73, 0.73000, 27.93414
74, 0.74000, 19.29258
75, 0.75000, 24.69303
76, 0.76000, 31.00403
77, 0.77000, 38.95597
78, 0.78000, 20.54969
79, 0.79000, 24.18585
80, 0.80000, 22.33565
81, 0.81000, 22.52731
82, 0.82000, 17.51760
83, 0.83000, 23.86900
84, 0.84000, 28.54101
85, 0.85000, 22.67212
86, 0.86000, 20.65605
87, 0.87000, 25.17215
88, 0.88000, 34.13323
89, 0.89000, 34.11438
90, 0.90000, 29.10213
91, 0.91000, 23.30248
92, 0.92000, 28.59428
93, 0.93000, 32.99668
94, 0.94000, 26.49368
95, 0.95000, 25.43762
96, 0.96000, 30.39198
97, 0.97000, 26.44187
98, 0.98000, 24.07238
99, 0.99000, 30.25347
100, 1.00000, 23.73793
101, 1.01000, 26.95959
102, 1.02000, 24.25313
103, 1.03000, 26.24258
104, 1.04000, 32.77866
105, 1.05000, 25.67467
106, 1.06000, 21.96839
107, 1.07000, 26.49716
108, 1.08000, 22.79341
109, 1.09000, 18.86545
110, 1.10000, 31.23621
111, 1.11000, 29.59464
112, 1.12000, 19.51917
113, 1.13000, 23.11873
114, 1.14000, 33.84870
115, 1.15000, 36.97427
116, 1.16000, 36.53899
117, 1.17000, 24.57941
118, 1.18000, 25.35962
119, 1.19000, 33.17406
120, 1.20000, 30.80232
121, 1.21000, 31.96137
122, 1.22000, 27.68911
123, 1.23000, 24.58891
124, 1.24000, 40.53291
125, 1.25000, 29.88614
126, 1.26000, 46.20869
127, 1.27000, 31.63936
128, 1.28000, 29.58240
129, 1.29000, 32.84972
130, 1.30000, 27.12015
131, 1.31000, 40.18016
132, 1.32000, 31.11980
133, 1.33000, 36.69181
134, 1.34000, 29.09996
135, 1.35000, 26.20160
136, 1.36000, 30.78616
137, 1.37000, 48.93045
138, 1.38000, 37.71654
139, 1.39000, 34.22560
140, 1.40000, 39.52869
141, 1.41000, 43.90569
142, 1.42000, 37.16239
143, 1.43000, 34.60166
144, 1.44000, 45.92811
145, 1.45000, 46.79128
146, 1.46000, 29.34332
147, 1.47000, 45.17932
148, 1.48000, 44.68177
149, 1.49000, 34.25944
150, 1.50000, 50.68141
151, 1.51000, 43.10195
152, 1.52000, 28.19369
153, 1.53000, 28.67765
154, 1.54000, 29.77716
155, 1.55000, 25.54802
156, 1.56000, 36.43624
157, 1.57000, 27.90408
158, 1.58000, 30.50303
159, 1.59000, 36.09755
160, 1.60000, 34.66891
161, 1.61000, 34.95926
162, 1.62000, 29.45080
163, 1.63000, 32.85357
164, 1.64000, 25.22024
165, 1.65000, 31.76561
166, 1.66000, 28.60292
167, 1.67000, 34.43117
168, 1.68000, 24.03911
169, 1.69000, 29.07658
170, 1.70000, 29.49249
171, 1.71000, 28.38875
172, 1.72000, 30.64931
173, 1.73000, 29.68243
174, 1.74000, 40.77699
175, 1.75000, 38.01939
176, 1.76000, 32.74885
177, 1.77000, 34.18387
178, 1.78000, 36.75291
179, 1.79000, 42.35709
180, 1.80000, 34.29501
181, 1.81000, 30.56839
182, 1.82000, 31.14759
183, 1.83000, 26.23219
184, 1.84000, 20.43313
185, 1.85000, 25.87705
186, 1.86000, 28.00144
187, 1.87000, 25.41741
188, 1.88000, 27.00305
189, 1.89000, 31.35258
190, 1.90000, 28.96250
191, 1.91000, 40.46635
192, 1.92000, 41.70382
193, 1.93000, 41.95433
194, 1.94000, 36.58593
195, 1.95000, 55.70386
196, 1.96000, 40.62155
197, 1.97000, 34.96989
198, 1.98000, 31.58283
199, 1.99000, 34.83415
200, 2.00000, 34.21379
201, 2.01000, 31.23765
202, 2.02000, 28.80241
203, 2.03000, 22.06286
204, 2.04000, 31.25297
205, 2.05000, 43.98082
206, 2.06000, 47.41079
207, 2.07000, 37.66358
208, 2.08000, 32.98473
209, 2.09000, 40.52969
210, 2.10000, 25.16985
211, 2.11000, 41.83944
212, 2.12000, 18.64086
213, 2.13000, 21.26783
214, 2.14000, 21.75074
215, 2.15000, 29.55983
216, 2.16000, 34.99924
217, 2.17000, 35.07353
218, 2.18000, 44.29341
219, 2.19000, 38.83874
220, 2.20000, 44.58011
221, 2.21000, 33.94215
222, 2.22000, 37.12202
223, 2.23000, 33.09090
224, 2.24000, 24.88055
225, 2.25000, 34.41166
226, 2.26000, 29.16968
227, 2.27000, 27.45168
228, 2.28000, 22.87956
229, 2.29000, 21.32009
230, 2.30000, 24.66506
231, 2.31000, 31.86138
232, 2.32000, 33.60924
233, 2.33000, 36.91964
234, 2.34000, 27.49429
235, 2.35000, 32.46374
236, 2.36000, 27.19707
237, 2.37000, 31.75277
238, 2.38000, 21.94950
239, 2.39000, 23.88659
240, 2.40000, 21.71314
241, 2.41000, 24.85461
242, 2.42000, 35.41441
243, 2.43000, 33.04425
244, 2.44000, 27.28696
245, 2.45000, 20.64457
246, 2.46000, 17.27197
247, 2.47000, 25.10047
248, 2.48000, 28.55964
249, 2.49000, 28.61111
250, 2.50000, 33.53459
251, 2.51000, 30.94769
252, 2.52000, 28.20394
253, 2.53000, 34.08229
254, 2.54000, 38.95366
255, 2.55000, 30.85223
256, 2.56000, 39.13571
257, 2.57000, 40.92571
258, 2.58000, 30.73499
259, 2.59000, 31.85338
260, 2.60000, 21.07463
261, 2.61000, 25.67967
262, 2.62000, 36.86136
263, 2.63000, 36.65847
264, 2.64000, 28.31335
265, 2.65000, 33.87466
266, 2.66000, 35.37043
267, 2.67000, 25.02339
268, 2.68000, 31.23319
269, 2.69000, 25.32663
270, 2.70000, 30.00660
271, 2.71000, 33.03177
272, 2.72000, 36.67832
273, 2.73000, 27.56376
274, 2.74000, 31.26812
275, 2.75000, 24.52483
276, 2.76000, 30.12951
277, 2.77000, 26.64856
278, 2.78000, 27.80863
279, 2.79000, 33.36190
280, 2.80000, 29.86485
281, 2.81000, 25.74499
282, 2.82000, 34.29529
283, 2.83000, 34.76104
284, 2.84000, 31.46912
285, 2.85000, 39.23221
286, 2.86000, 29.44602
287, 2.87000, 26.52562
288, 2.88000, 27.09405
289, 2.89000, 31.07452
290, 2.90000, 29.04672
291, 2.91000, 28.54782
292, 2.92000, 17.43798
293, 2.93000, 19.00506
294, 2.94000, 27.64638
295, 2.95000, 30.80561
296, 2.96000, 24.80480
297, 2.97000, 24.15556
298, 2.98000, 33.37288
299, 2.99000, 32.19317
300, 3.00000, 40.38897
301, 3.01000, 31.84761
302, 3.02000, 32.22616
303, 3.03000, 28.44205
304, 3.04000, 33.71961
305, 3.05000, 22.75383
306, 3.06000, 23.87319
307, 3.07000, 33.48267
308, 3.08000, 22.57750
309, 3.09000, 30.90375
310, 3.10000, 24.39737
311, 3.11000, 33.29754
312, 3.12000, 29.20009
313, 3.13000, 18.01753
314, 3.14000, 22.05627
315, 3.15000, 26.86671
316, 3.16000, 32.35775
317, 3.17000, 34.61199
318, 3.18000, 31.27554
319, 3.19000, 39.09408
320, 3.20000, 32.02363
321, 3.21000, 26.73760
322, 3.22000, 33.73310
323, 3.23000, 35.57934
324, 3.24000, 29.60926
325, 3.25000, 27.63534
326, 3.26000, 33.41130
327, 3.27000, 30.97110
328, 3.28000, 38.20215
329, 3.29000, 22.95908
330, 3.30000, 25.40678
331, 3.31000, 19.19072
332, 3.32000, 26.90595
333, 3.33000, 30.47976
334, 3.34000, 41.11511
335, 3.35000, 40.57085
336, 3.36000, 36.91362
337, 3.37000, 35.68026
338, 3.38000, 42.57469
339, 3.39000, 25.33184
340, 3.40000, 36.89403
341, 3.41000, 29.06063
342, 3.42000, 26.62161
343, 3.43000, 35.74926
344, 3.44000, 34.07488
345, 3.45000, 29.21466
346, 3.46000, 24.98676
347, 3.47000, 29.31430
348, 3.48000, 26.90738
349, 3.49000, 29.91095
350, 3.50000, 29.14030
351, 3.51000, 36.21059
352, 3.52000, 29.04513
353, 3.53000, 23.93005
354, 3.54000, 34.12316
355, 3.55000, 37.25475
356, 3.56000, 32.06653
357, 3.57000, 21.47156
358, 3.58000, 41.86549
359, 3.59000, 45.19382
360, 3.60000, 39.81427
361, 3.61000, 26.20893
362, 3.62000, 22.95805
363, 3.63000, 31.21094
364, 3.64000, 25.18707
365, 3.65000, 26.74815
366, 3.66000, 28.87442
367, 3.67000, 29.97135
368, 3.68000, 26.13877
369, 3.69000, 28.18680
370, 3.70000, 32.46703
371, 3.71000, 36.95018
372, 3.72000, 37.74130
373, 3.73000, 29.60428
374, 3.74000, 37.38051
375, 3.75000, 33.63321
376, 3.76000, 33.49906
377, 3.77000, 31.97255
378, 3.78000, 26.79048
379, 3.79000, 30.74116
380, 3.80000, 24.53930
381, 3.81000, 29.06566
382, 3.82000, 36.14408
383, 3.83000, 33.90781
384, 3.84000, 24.88445
385, 3.85000, 25.13871
386, 3.86000, 33.59197
387, 3.87000, 30.15059
388, 3.88000, 33.41496
389, 3.89000, 33.53632
390, 3.90000, 22.64895
391, 3.91000, 21.40690
392, 3.92000, 34.63075
393, 3.93000, 39.33474
394, 3.94000, 21.92977
395, 3.95000, 28.17769
396, 3.96000, 25.64571
397, 3.97000, 32.38251
398, 3.98000, 33.02174
399, 3.99000, 39.23986
400, 4.00000, 32.55202
401, 4.01000, 32.22452
402, 4.02000, 31.84643
403, 4.03000, 29.13639
404, 4.04000, 33.64458
405, 4.05000, 35.65017
406, 4.06000, 34.86999
407, 4.07000, 30.72132
408, 4.08000, 28.89421
409, 4.09000, 19.59544
410, 4.10000, 24.90537
411, 4.11000, 23.51759
412, 4.12000, 16.37364
413, 4.13000, 23.76536
414, 4.14000, 26.41139
415, 4.15000, 27.29098
416, 4.16000, 27.20572
417, 4.17000, 31.03753
418, 4.18000, 35.93890
419, 4.19000, 30.05913
420, 4.20000, 28.39292
421, 4.21000, 26.06167
422, 4.22000, 33.79764
423, 4.23000, 33.18701
424, 4.24000, 38.22646
425, 4.25000, 32.25472
426, 4.26000, 32.20786
427, 4.27000, 22.96605
428, 4.28000, 28.94774
429, 4.29000, 32.36030
430, 4.30000, 34.25406
431, 4.31000, 23.68136
432, 4.32000, 28.75999
433, 4.33000, 32.80132
434, 4.34000, 26.15438
435, 4.35000, 33.01415
436, 4.36000, 35.19564
437, 4.37000, 30.02862
438, 4.38000, 26.81283
439, 4.39000, 35.83365
440, 4.40000, 32.19358
441, 4.41000, 34.32833
442, 4.42000, 31.65825
443, 4.43000, 35.93043
444, 4.44000, 27.31700
445, 4.45000, 24.11131
446, 4.46000, 23.78345
447, 4.47000, 34.36195
448, 4.48000, 27.36039
449, 4.49000, 27.29455
450, 4.50000, 30.57078
451, 4.51000, 27.37327
452, 4.52000, 31.46016
453, 4.53000, 33.79313
454, 4.54000, 26.72697
455, 4.55000, 24.82679
456, 4.56000, 31.08149
457, 4.57000, 24.23486
458, 4.58000, 29.21174
459, 4.59000, 26.23512
460, 4.60000, 21.96478
461, 4.61000, 20.90255
462, 4.62000, 23.78120
463, 4.63000, 20.47028
464, 4.64000, 26.01673
465, 4.65000, 30.42724
466, 4.66000, 33.16902
467, 4.67000, 30.00729
468, 4.68000, 34.66651
469, 4.69000, 32.30256
470, 4.70000, 33.27403
471, 4.71000, 27.43682
472, 4.72000, 23.86460
473, 4.73000, 28.04624
474, 4.74000, 24.31181
475, 4.75000, 28.79884
476, 4.76000, 27.87644
477, 4.77000, 37.18703
478, 4.78000, 25.83812
479, 4.79000, 23.78077
480, 4.80000, 32.35403
481, 4.81000, 34.69530
482, 4.82000, 27.67698
483, 4.83000, 22.91033
484, 4.84000, 27.24995
485, 4.85000, 25.53466
486, 4.86000, 27.39596
487, 4.87000, 23.55043
488, 4.88000, 26.63133
489, 4.89000, 24.01945
490, 4.90000, 26.65173
491, 4.91000, 30.02411
492, 4.92000, 32.87170
493, 4.93000, 28.95423
494, 4.94000, 33.61745
495, 4.95000, 23.11713
496, 4.96000, 27.46782
497, 4.97000, 33.49249
498, 4.98000, 27.20172
499, 4.99000, 30.42455
500, 5.00000, 27.99547
501, 5.01000, 35.30647
502, 5.02000, 34.28262
503, 5.03000, 32.05712
504, 5.04000, 33.73142
505, 5.05000, 25.81763
506, 5.06000, 24.47071
507, 5.07000, 31.18860
508, 5.08000, 28.93551
509, 5.09000, 36.71443
510, 5.10000, 31.12616
511, 5.11000, 21.45535
512, 5.12000, 28.85763
513, 5.13000, 31.69552
514, 5.14000, 30.53579
515, 5.15000, 35.85744
516, 5.16000, 35.71032
517, 5.17000, 37.22844
518, 5.18000, 28.08267
519, 5.19000, 33.44468
520, 5.20000, 30.87094
521, 5.21000, 29.71124
522, 5.22000, 30.31165
523, 5.23000, 25.89702
524, 5.24000, 23.73865
525, 5.25000, 25.08668
526, 5.26000, 24.81056
527, 5.27000, 29.85619
528, 5.28000, 34.44389
529, 5.29000, 31.45855
530, 5.30000, 32.57659
531, 5.31000, 34.34130
532, 5.32000, 36.24027
533, 5.33000, 40.10012
534, 5.34000, 34.23078
535, 5.35000, 36.03305
536, 5.36000, 28.83021
537, 5.37000, 23.97837
538, 5.38000, 33.90962
539, 5.39000, 37.25340
540, 5.40000, 34.00999
541, 5.41000, 32.11672
542, 5.42000, 24.58571
543, 5.43000, 31.80304
544, 5.44000, 26.34532
545, 5.45000, 19.74454
546, 5.46000, 27.44761
547, 5.47000, 33.02887
548, 5.48000, 32.85509
549, 5.49000, 31.36643
550, 5.50000, 34.31764
551, 5.51000, 26.72104
552, 5.52000, 30.39405
553, 5.53000, 27.76068
554, 5.54000, 29.95872
555, 5.55000, 33.11740
556, 5.56000, 33.19542
557, 5.57000, 24.48210
558, 5.58000, 25.92338
559, 5.59000, 27.46460
560, 5.60000, 27.42795
561, 5.61000, 25.20907
562, 5.62000, 18.51570
563, 5.63000, 28.32969
564, 5.64000, 31.43947
565, 5.65000, 33.33706
566, 5.66000, 29.03151
567, 5.67000, 33.87347
568, 5.68000, 31.30779
569, 5.69000, 34.71354
570, 5.70000, 38.05268
571, 5.71000, 28.29140
572, 5.72000, 29.61739
573, 5.73000, 34.45568
574, 5.74000, 29.42857
575, 5.75000, 28.14695
576, 5.76000, 28.75695
577, 5.77000, 26.09919
578, 5.78000, 21.31952
579, 5.79000, 31.07547
580, 5.80000, 27.90700
581, 5.81000, 21.87911
582, 5.82000, 25.28807
583, 5.83000, 23.76557
584, 5.84000, 26.55714
585, 5.85000, 30.78645
586, 5.86000, 33.77305
587, 5.87000, 28.22740
588, 5.88000, 23.97137
589, 5.89000, 27.12121
590, 5.90000, 29.54047
591, 5.91000, 36.12333
592, 5.92000, 30.51107
593, 5.93000, 28.25087
594, 5.94000, 29.21143
595, 5.95000, 29.86453
596, 5.96000, 25.27610
597, 5.97000, 23.82157
598, 5.98000, 25.41211
599, 5.99000, 25.34839
600, 6.00000, 20.39007
601, 6.01000, 20.55301
602, 6.02000, 23.70864
603, 6.03000, 24.18900
604, 6.04000, 26.93252
605, 6.05000, 29.86677
606, 6.06000, 31.22884
607, 6.07000, 31.60375
608, 6.08000, 25.41806
609, 6.09000, 25.51466
610, 6.10000, 16.08389
611, 6.11000, 21.69423
612, 6.12000, 29.45016
613, 6.13000, 32.66181
614, 6.14000, 29.42797
615, 6.15000, 24.68635
616, 6.16000, 29.85081
617, 6.17000, 27.09192
618, 6.18000, 21.40897
619, 6.19000, 23.24817
620, 6.20000, 30.43609
621, 6.21000, 35.83630
622, 6.22000, 33.40417
623, 6.23000, 39.05323
624, 6.24000, 25.98529
625, 6.25000, 20.67779
626, 6.26000, 18.14326
627, 6.27000, 14.27605
628, 6.28000, 21.90492
629, 6.29000, 25.36063
630, 6.30000, 24.76322
631, 6.31000, 29.32376
632, 6.32000, 30.02397
633, 6.33000, 28.97737
634, 6.34000, 33.95746
635, 6.35000, 27.31458
636, 6.36000, 28.42363
637, 6.37000, 26.43476
638, 6.38000, 31.67213
639, 6.39000, 26.05768
640, 6.40000, 25.87397
641, 6.41000, 30.81331
642, 6.42000, 23.05761
643, 6.43000, 16.04050
644, 6.44000, 22.80933
645, 6.45000, 29.23049
646, 6.46000, 31.98355
647, 6.47000, 26.72138
648, 6.48000, 28.93208
649, 6.49000, 34.92010
650, 6.50000, 38.37894
651, 6.51000, 24.52770
652, 6.52000, 31.42513
653, 6.53000, 34.79569
654, 6.54000, 31.18661
655, 6.55000, 34.46428
656, 6.56000, 30.96523
657, 6.57000, 31.40479
658, 6.58000, 32.46756
659, 6.59000, 19.18538
660, 6.60000, 27.66625
661, 6.61000, 26.47529
662, 6.62000, 29.73054
663, 6.63000, 28.84829
664, 6.64000, 28.78019
665, 6.65000, 32.17724
666, 6.66000, 33.78185
667, 6.67000, 34.68382
668, 6.68000, 21.33815
669, 6.69000, 21.53344
670, 6.70000, 28.34798
671, 6.71000, 29.56407
672, 6.72000, 25.91401
673, 6.73000, 27.43792
674, 6.74000, 29.73509
675, 6.75000, 36.56290
676, 6.76000, 22.65985
677, 6.77000, 18.47568
678, 6.78000, 18.41266
679, 6.79000, 17.62223
680, 6.80000, 27.86419
681, 6.81000, 33.82817
682, 6.82000, 36.78691
683, 6.83000, 33.91787
684, 6.84000, 29.92712
685, 6.85000, 35.68473
686, 6.86000, 32.79646
687, 6.87000, 31.94545
688, 6.88000, 24.12985
689, 6.89000, 25.17820
690, 6.90000, 29.55586
691, 6.91000, 35.27896
692, 6.92000, 25.98085
693, 6.93000, 32.00301
694, 6.94000, 32.61935
695, 6.95000, 38.19772
696, 6.96000, 29.82459
697, 6.97000, 29.35667
698, 6.98000, 27.36891
699, 6.99000, 31.82764
700, 7.00000, 30.57593
701, 7.01000, 28.41792
702, 7.02000, 27.36994
703, 7.03000, 29.47249
704, 7.04000, 37.06817
705, 7.05000, 31.58342
706, 7.06000, 30.65017
707, 7.07000, 22.58436
708, 7.08000, 19.64055
709, 7.09000, 18.46650
710, 7.10000, 17.44554
711, 7.11000, 27.81965
712, 7.12000, 32.37144
713, 7.13000, 34.78789
714, 7.14000, 27.88303
715, 7.15000, 31.83013
716, 7.16000, 35.48373
717, 7.17000, 29.43625
718, 7.18000, 34.81248
719, 7.19000, 27.69493
720, 7.20000, 29.74297
721, 7.21000, 24.77449
722, 7.22000, 28.59608
723, 7.23000, 30.53129
724, 7.24000, 25.53737
725, 7.25000, 20.85988
726, 7.26000, 21.59320
727, 7.27000, 28.56687
728, 7.28000, 27.90368
729, 7.29000, 26.47390
730, 7.30000, 38.54549
731, 7.31000, 28.58464
732, 7.32000, 33.01596
733, 7.33000, 38.08003
734, 7.34000, 22.18849
735, 7.35000, 26.15945
736, 7.36000, 25.26799
737, 7.37000, 23.13779
738, 7.38000, 31.71659
739, 7.39000, 28.88199
740, 7.40000, 25.61857
741, 7.41000, 24.07284
742, 7.42000, 19.78314
743, 7.43000, 23.12636
744, 7.44000, 29.48632
745, 7.45000, 27.88036
746, 7.46000, 30.50502
747, 7.47000, 31.60656
748, 7.48000, 32.17862
749, 7.49000, 34.68904
750, 7.50000, 33.88675
751, 7.51000, 23.80890
752, 7.52000, 31.15103
753, 7.53000, 30.40563
754, 7.54000, 28.02895
755, 7.55000, 30.40622
756, 7.56000, 32.62847
757, 7.57000, 30.42301
758, 7.58000, 23.42053
759, 7.59000, 20.17690
760, 7.60000, 30.84154
761, 7.61000, 30.80498
762, 7.62000, 30.56403
763, 7.63000, 34.98837
764, 7.64000, 28.88799
765, 7.65000, 21.12195
766, 7.66000, 23.99030
767, 7.67000, 22.51116
768, 7.68000, 22.93060
769, 7.69000, 21.70692
770, 7.70000, 27.39281
771, 7.71000, 31.23301
772, 7.72000, 35.80917
773, 7.73000, 30.15197
774, 7.74000, 35.45792
775, 7.75000, 35.22150
776, 7.76000, 26.01004
777, 7.77000, 24.12088
778, 7.78000, 26.21668
779, 7.79000, 32.88181
780, 7.80000, 29.62129
781, 7.81000, 25.28527
782, 7.82000, 23.62545
783, 7.83000, 23.77490
784, 7.84000, 24.03890
785, 7.85000, 23.10777
786, 7.86000, 23.10293
787, 7.87000, 22.72592
788, 7.88000, 26.01933
789, 7.89000, 25.77272
790, 7.90000, 27.08994
791, 7.91000, 22.33318
792, 7.92000, 18.33605
793, 7.93000, 30.37773
794, 7.94000, 28.17156
795, 7.95000, 30.64703
796, 7.96000, 24.94774
797, 7.97000, 35.21664
798, 7.98000, 37.62247
799, 7.99000, 33.12292
800, 8.00000, 23.53551
801, 8.01000, 31.19134
802, 8.02000, 28.66002
803, 8.03000, 38.06564
804, 8.04000, 32.71773
805, 8.05000, 29.88550
806, 8.06000, 29.47689
807, 8.07000, 30.35290
808, 8.08000, 34.25467
809, 8.09000, 28.75184
810, 8.10000, 26.09773
811, 8.11000, 26.13865
812, 8.12000, 23.94865
813, 8.13000, 24.40219
814, 8.14000, 23.38761
815, 8.15000, 22.15280
816, 8.16000, 21.56208
817, 8.17000, 26.64289
818, 8.18000, 23.29527
819, 8.19000, 26.57776
820, 8.20000, 27.76052
821, 8.21000, 29.20760
822, 8.22000, 32.16404
823, 8.23000, 27.84805
824, 8.24000, 26.55660
825, 8.25000, 30.28828
826, 8.26000, 29.61592
827, 8.27000, 23.67462
828, 8.28000, 26.55541
829, 8.29000, 30.15285
830, 8.30000, 29.98251
831, 8.31000, 37.92694
832, 8.32000, 30.25075
833, 8.33000, 32.41357
834, 8.34000, 29.48059
835, 8.35000, 31.85366
836, 8.36000, 23.61379
837, 8.37000, 32.92119
838, 8.38000, 33.72584
839, 8.39000, 28.33185
840, 8.40000, 21.52740
841, 8.41000, 29.27629
842, 8.42000, 25.96980
843, 8.43000, 19.18267
844, 8.44000, 32.23238
845, 8.45000, 31.68667
846, 8.46000, 29.10583
847, 8.47000, 32.41575
848, 8.48000, 29.45039
849, 8.49000, 30.08190
850, 8.50000, 27.06260
851, 8.51000, 29.34999
852, 8.52000, 34.02511
853, 8.53000, 30.43857
854, 8.54000, 35.54115
855, 8.55000, 37.62420
856, 8.56000, 24.17101
857, 8.57000, 17.98256
858, 8.58000, 27.95258
859, 8.59000, 27.39179
860, 8.60000, 27.09018
861, 8.61000, 39.13667
862, 8.62000, 29.72851
863, 8.63000, 33.85533
864, 8.64000, 29.41547
865, 8.65000, 37.53612
866, 8.66000, 32.44679
867, 8.67000, 28.04476
868, 8.68000, 24.08500
869, 8.69000, 30.56122
870, 8.70000, 30.80615
871, 8.71000, 30.91201
872, 8.72000, 31.05059
873, 8.73000, 21.65649
874, 8.74000, 29.21021
875, 8.75000, 27.70406
876, 8.76000, 29.34557
877, 8.77000, 28.04827
878, 8.78000, 24.10587
879, 8.79000, 28.61009
880, 8.80000, 30.69799
881, 8.81000, 27.61848
882, 8.82000, 36.69211
883, 8.83000, 29.73810
884, 8.84000, 20.86542
885, 8.85000, 18.32227
886, 8.86000, 20.23005
887, 8.87000, 35.49209
888, 8.88000, 38.94389
889, 8.89000, 31.36958
890, 8.90000, 27.71639
891, 8.91000, 29.34459
892, 8.92000, 29.83666
893, 8.93000, 24.05842
894, 8.94000, 34.52321
895, 8.95000, 34.58626
896, 8.96000, 36.43199
897, 8.97000, 39.41310
898, 8.98000, 33.10385
899, 8.99000, 31.47911
900, 9.00000, 22.81139
901, 9.01000, 33.97847
902, 9.02000, 33.60745
903, 9.03000, 33.29889
904, 9.04000, 35.39715
905, 9.05000, 34.44714
906, 9.06000, 26.83967
907, 9.07000, 20.62419
908, 9.08000, 17.44691
909, 9.09000, 26.51392
910, 9.10000, 30.19118
911, 9.11000, 24.15480
912, 9.12000, 27.31930
913, 9.13000, 20.71102
914, 9.14000, 25.68711
915, 9.15000, 22.90735
916, 9.16000, 28.87043
917, 9.17000, 23.94117
918, 9.18000, 22.97116
919, 9.19000, 30.58940
920, 9.20000, 28.88486
921, 9.21000, 31.07869
922, 9.22000, 28.94917
923, 9.23000, 28.69579
924, 9.24000, 22.91828
925, 9.25000, 18.80222
926, 9.26000, 26.27259
927, 9.27000, 31.82772
928, 9.28000, 33.72650
929, 9.29000, 35.75953
930, 9.30000, 28.25858
931, 9.31000, 35.59590
932, 9.32000, 23.91336
933, 9.33000, 21.93456
934, 9.34000, 24.67126
935, 9.35000, 28.87053
936, 9.36000, 34.21222
937, 9.37000, 25.86159
938, 9.38000, 24.05970
939, 9.39000, 27.96947
940, 9.40000, 29.85145
941, 9.41000, 22.30116
942, 9.42000, 23.27795
943, 9.43000, 34.30152
944, 9.44000, 31.93882
945, 9.45000, 28.36433
946, 9.46000, 34.67237
947, 9.47000, 31.90317
948, 9.48000, 32.15971
949, 9.49000, 21.26494
950, 9.50000, 21.55401
951, 9.51000, 26.36759
952, 9.52000, 28.15403
953, 9.53000, 23.68297
954, 9.54000, 34.20755
955, 9.55000, 29.19436
956, 9.56000, 26.30577
957, 9.57000, 23.69633
958, 9.58000, 20.47566
959, 9.59000, 27.53074
960, 9.60000, 24.36504
961, 9.61000, 30.39209
962, 9.62000, 31.35218
963, 9.63000, 23.59227
964, 9.64000, 24.37730
965, 9.65000, 24.49081
966, 9.66000, 26.24820
967, 9.67000, 20.84171
968, 9.68000, 26.45402
969, 9.69000, 36.91424
970, 9.70000, 33.94932
971, 9.71000, 37.32006
972, 9.72000, 36.03705
973, 9.73000, 36.24615
974, 9.74000, 27.19953
975, 9.75000, 25.00479
976, 9.76000, 25.26722
977, 9.77000, 31.29680
978, 9.78000, 34.97045
979, 9.79000, 28.14670
980, 9.80000, 26.43368
981, 9.81000, 29.90535
982, 9.82000, 30.37246
983, 9.83000, 32.89097
984, 9.84000, 24.36467
985, 9.85000, 28.30590
986, 9.86000, 19.44531
987, 9.87000, 22.26137
988, 9.88000, 27.87961
989, 9.89000, 26.74818
990, 9.90000, 20.34272
991, 9.91000, 22.94605
992, 9.92000, 19.34535
993, 9.93000, 19.44387
994, 9.94000, 29.92086
995, 9.95000, 25.03602
996, 9.96000, 24.41943
997, 9.97000, 21.79064
998, 9.98000, 20.61339
999, 9.99000, 17.30031
1000, 10.00000, 17.82232
1001, 10.01000, 26.04190
1002, 10.02000, 24.76458
1003, 10.03000, 30.92866
1004, 10.04000, 35.40787
1005, 10.05000, 27.32887
1006, 10.06000, 35.34993
1007, 10.07000, 28.80347
1008, 10.08000, 27.33197
1009, 10.09000, 23.60470
1010, 10.10000, 28.02435
1011, 10.11000, 32.50070
1012, 10.12000, 35.99046
1013, 10.13000, 32.78302
1014, 10.14000, 35.26471
1015, 10.15000, 31.77836
1016, 10.16000, 33.04095
1017, 10.17000, 29.60806
1018, 10.18000, 28.23468
1019, 10.19000, 28.96148
1020, 10.20000, 31.36810
1021, 10.21000, 30.17618
1022, 10.22000, 28.18832
1023, 10.23000, 24.40363
1024, 10.24000, 28.04932
1025, 10.25000, 26.98388
1026, 10.26000, 34.43689
1027, 10.27000, 32.16416
1028, 10.28000, 32.19471
1029, 10.29000, 34.46272
1030, 10.30000, 31.82757
1031, 10.31000, 30.71925
1032, 10.32000, 29.74711
1033, 10.33000, 32.14884
1034, 10.34000, 33.63782
1035, 10.35000, 36.08729
1036, 10.36000, 22.82657
1037, 10.37000, 22.55010
1038, 10.38000, 23.68369
1039, 10.39000, 29.25975
1040, 10.40000, 34.61082
1041, 10.41000, 26.70590
1042, 10.42000, 21.99686
1043, 10.43000, 27.94766
1044, 10.44000, 31.60729
1045, 10.45000, 29.11827
1046, 10.46000, 24.25608
1047, 10.47000, 24.16494
1048, 10.48000, 28.75371
1049, 10.49000, 29.21153
1050, 10.50000, 27.09713
1051, 10.51000, 36.01951
1052, 10.52000, 31.95175
1053, 10.53000, 34.37572
1054, 10.54000, 30.73112
1055, 10.55000, 30.01909
1056, 10.56000, 26.17703
1057, 10.57000, 32.89663
1058, 10.58000, 29.75281
1059, 10.59000, 25.93134
1060, 10.60000, 29.44997
1061, 10.61000, 33.82957
1062, 10.62000, 26.99943
1063, 10.63000, 28.47006
1064, 10.64000, 31.53204
1065, 10.65000, 29.38771
1066, 10.66000, 21.54907
1067, 10.67000, 25.82417
1068, 10.68000, 26.16869
1069, 10.69000, 28.42609
1070, 10.70000, 31.66981
1071, 10.71000, 31.16394
1072, 10.72000, 23.49632
1073, 10.73000, 20.00925
1074, 10.74000, 16.69953
1075, 10.75000, 25.31643
1076, 10.76000, 33.91033
1077, 10.77000, 30.14344
1078, 10.78000, 27.42713
1079, 10.79000, 28.16542
1080, 10.80000, 28.37358
1081, 10.81000, 26.27779
1082, 10.82000, 23.95682
1083, 10.83000, 33.73266
1084, 10.84000, 22.57995
1085, 10.85000, 25.66295
1086, 10.86000, 35.28372
1087, 10.87000, 38.89253
1088, 10.88000, 28.43589
1089, 10.89000, 21.35860
1090, 10.90000, 26.51399
1091, 10.91000, 31.44195
1092, 10.92000, 28.04316
1093, 10.93000, 26.16063
1094, 10.94000, 31.22963
1095, 10.95000, 29.28625
1096, 10.96000, 24.42969
1097, 10.97000, 27.98999
1098, 10.98000, 30.65254
1099, 10.99000, 26.61271
1100, 11.00000, 27.40816
1101, 11.01000, 23.96320
1102, 11.02000, 28.81214
1103, 11.03000, 26.59840
1104, 11.04000, 29.82794
1105, 11.05000, 28.79016
1106, 11.06000, 24.50035
1107, 11.07000, 30.76528
1108, 11.08000, 31.86685
1109, 11.09000, 31.46724
1110, 11.10000, 37.11185
1111, 11.11000, 34.84344
1112, 11.12000, 26.97725
1113, 11.13000, 26.07322
1114, 11.14000, 27.81776
1115, 11.15000, 34.50530
1116, 11.16000, 26.64678
1117, 11.17000, 27.42842
1118, 11.18000, 25.58370
1119, 11.19000, 25.99247
1120, 11.20000, 34.24959
1121, 11.21000, 35.21346
1122, 11.22000, 23.80538
1123, 11.23000, 23.44939
1124, 11.24000, 23.47472
1125, 11.25000, 27.15457
1126, 11.26000, 29.08630
1127, 11.27000, 33.66410
1128, 11.28000, 25.77899
1129, 11.29000, 38.26157
1130, 11.30000, 34.36183
1131, 11.31000, 32.25499
1132, 11.32000, 30.82035
1133, 11.33000, 31.09272
1134, 11.34000, 31.00061
1135, 11.35000, 41.13105
1136, 11.36000, 36.80898
1137, 11.37000, 23.33452
1138, 11.38000, 28.46720
1139, 11.39000, 27.99390
1140, 11.40000, 20.24543
1141, 11.41000, 25.84689
1142, 11.42000, 27.66491
1143, 11.43000, 29.04855
1144, 11.44000, 32.31140
1145, 11.45000, 33.01730
1146, 11.46000, 36.71803
1147, 11.47000, 38.44623
1148, 11.48000, 32.89202
1149, 11.49000, 29.71251
1150, 11.50000, 19.94799
1151, 11.51000, 29.38056
1152, 11.52000, 29.53264
1153, 11.53000, 29.48255
1154, 11.54000, 24.78992
1155, 11.55000, 17.58224
1156, 11.56000, 17.04261
1157, 11.57000, 15.31932
1158, 11.58000, 18.05112
1159, 11.59000, 22.09881
1160, 11.60000, 31.83661
1161, 11.61000, 25.68059
1162, 11.62000, 30.96074
1163, 11.63000, 27.90346
1164, 11.64000, 24.82339
1165, 11.65000, 25.69123
1166, 11.66000, 31.86575
1167, 11.67000, 27.97295
1168, 11.68000, 21.33513
1169, 11.69000, 18.42002
1170, 11.70000, 26.97004
1171, 11.71000, 31.57830
1172, 11.72000, 33.58147
1173, 11.73000, 26.20599
1174, 11.74000, 24.77943
1175, 11.75000, 26.74397
1176, 11.76000, 22.00440
1177, 11.77000, 24.93883
1178, 11.78000, 27.60906
1179, 11.79000, 34.50067
1180, 11.80000, 31.85494
1181, 11.81000, 23.40121
1182, 11.82000, 26.97535
1183, 11.83000, 32.34607
1184, 11.84000, 33.21235
1185, 11.85000, 31.64737
1186, 11.86000, 31.65177
1187, 11.87000, 35.33711
1188, 11.88000, 26.56766
1189, 11.89000, 26.26771
1190, 11.90000, 24.56532
1191, 11.91000, 22.65284
1192, 11.92000, 29.92869
1193, 11.93000, 36.58060
1194, 11.94000, 26.97487
1195, 11.95000, 25.02010
1196, 11.96000, 37.19497
1197, 11.97000, 30.37691
1198, 11.98000, 29.42920
1199, 11.99000, 31.89953
1200, 12.00000, 34.03288
1201, 12.01000, 34.51010
1202, 12.02000, 36.23837
1203, 12.03000, 28.62275
1204, 12.04000, 29.85218
1205, 12.05000, 34.53774
1206, 12.06000, 25.46643
1207, 12.07000, 22.35391
1208, 12.08000, 24.80353
1209, 12.09000, 22.29748
1210, 12.10000, 20.47134
1211, 12.11000, 27.06016
1212, 12.12000, 28.95458
1213, 12.13000, 34.21245
1214, 12.14000, 33.71891
1215, 12.15000, 23.76843
1216, 12.16000, 20.33804
1217, 12.17000, 23.81614
1218, 12.18000, 26.54935
1219, 12.19000, 20.06077
1220, 12.20000, 18.06958
1221, 12.21000, 17.84260
1222, 12.22000, 18.53453
1223, 12.23000, 25.85386
1224, 12.24000, 26.14844
1225, 12.25000, 25.60055
1226, 12.26000, 26.35965
1227, 12.27000, 23.21498
1228, 12.28000, 20.08859
1229, 12.29000, 27.60622
1230, 12.30000, 31.25888
1231, 12.31000, 29.77859
1232, 12.32000, 27.47814
1233, 12.33000, 26.57969
1234, 12.34000, 25.53622
1235, 12.35000, 24.95769
1236, 12.36000, 29.49905
1237, 12.37000, 30.55254
1238, 12.38000, 34.05640
1239, 12.39000, 26.71982
1240, 12.40000, 24.08950
1241, 12.41000, 31.55503
1242, 12.42000, 27.19586
1243, 12.43000, 21.06591
1244, 12.44000, 29.80212
1245, 12.45000, 28.77858
1246, 12.46000, 22.16423
1247, 12.47000, 24.73404
1248, 12.48000, 31.58874
1249, 12.49000, 26.45546
1250, 12.50000, 27.91052
1251, 12.51000, 34.27023
1252, 12.52000, 34.78946
1253, 12.53000, 33.98424
1254, 12.54000, 28.33314
1255, 12.55000, 31.55522
1256, 12.56000, 30.82116
1257, 12.57000, 34.43043
1258, 12.58000, 32.80083
1259, 12.59000, 34.33666
1260, 12.60000, 31.93445
1261, 12.61000, 28.15879
1262, 12.62000, 20.81860
1263, 12.63000, 18.05174
1264, 12.64000, 19.84134
1265, 12.65000, 21.51565
1266, 12.66000, 29.65885
1267, 12.67000, 27.74611
1268, 12.68000, 30.04322
1269, 12.69000, 35.62994
1270, 12.70000, 27.25767
1271, 12.71000, 36.30802
1272, 12.72000, 29.36254
1273, 12.73000, 29.99904
1274, 12.74000, 27.43156
1275, 12.75000, 26.00434
1276, 12.76000, 28.22647
1277, 12.77000, 32.39017
1278, 12.78000, 29.25275
1279, 12.79000, 35.69311
1280, 12.80000, 32.36193
1281, 12.81000, 37.11443
1282, 12.82000, 31.26005
1283, 12.83000, 33.67336
1284, 12.84000, 34.52558
1285, 12.85000, 35.63976
1286, 12.86000, 30.26619
1287, 12.87000, 26.49669
1288, 12.88000, 23.88550
1289, 12.89000, 32.05257
1290, 12.90000, 33.68474
1291, 12.91000, 32.77786
1292, 12.92000, 29.89798
1293, 12.93000, 23.54784
1294, 12.94000, 29.48164
1295, 12.95000, 34.46363
1296, 12.96000, 36.50306
1297, 12.97000, 33.56760
1298, 12.98000, 31.92757
1299, 12.99000, 35.76593
1300, 13.00000, 28.62664
1301, 13.01000, 28.96250
1302, 13.02000, 35.93382
1303, 13.03000, 37.21665
1304, 13.04000, 28.29674
1305, 13.05000, 28.36982
1306, 13.06000, 25.08956
1307, 13.07000, 30.59560
1308, 13.08000, 33.85079
1309, 13.09000, 33.05206
1310, 13.10000, 29.99401
1311, 13.11000, 32.14161
1312, 13.12000, 28.09616
1313, 13.13000, 30.64318
1314, 13.14000, 32.82856
1315, 13.15000, 33.95065
1316, 13.16000, 32.38661
1317, 13.17000, 30.47526
1318, 13.18000, 30.69752
1319, 13.19000, 41.01286
1320, 13.20000, 34.10649
1321, 13.21000, 23.25258
1322, 13.22000, 31.83873
1323, 13.23000, 28.39509
1324, 13.24000, 32.06663
1325, 13.25000, 28.34480
1326, 13.26000, 31.35853
1327, 13.27000, 28.42519
1328, 13.28000, 24.63821
1329, 13.29000, 28.78295
1330, 13.30000, 32.01559
1331, 13.31000, 28.90307
1332, 13.32000, 23.37652
1333, 13.33000, 23.21556
1334, 13.34000, 31.34684
1335, 13.35000, 36.48207
1336, 13.36000, 36.45591
1337, 13.37000, 37.40755
1338, 13.38000, 29.28788
1339, 13.39000, 21.86209
1340, 13.40000, 15.33890
1341, 13.41000, 23.34705
1342, 13.42000, 28.04258
1343, 13.43000, 25.83656
1344, 13.44000, 23.07613
1345, 13.45000, 29.76803
1346, 13.46000, 29.77442
1347, 13.47000, 31.34067
1348, 13.48000, 31.55351
1349, 13.49000, 24.78902
1350, 13.50000, 26.11661
1351, 13.51000, 28.41987
1352, 13.52000, 27.11621
1353, 13.53000, 25.19135
1354, 13.54000, 24.90745
1355, 13.55000, 22.91102
1356, 13.56000, 27.21403
1357, 13.57000, 31.52248
1358, 13.58000, 32.69993
1359, 13.59000, 24.63664
1360, 13.60000, 25.84318
1361, 13.61000, 22.28557
1362, 13.62000, 24.22680
1363, 13.63000, 30.60066
1364, 13.64000, 28.65228
1365, 13.65000, 29.41149
1366, 13.66000, 27.63895
1367, 13.67000, 25.49286
1368, 13.68000, 19.73818
1369, 13.69000, 24.33529
1370, 13.70000, 19.97494
1371, 13.71000, 25.20998
1372, 13.72000, 21.30114
1373, 13.73000, 21.46988
1374, 13.74000, 28.55342
1375, 13.75000, 31.55825
1376, 13.76000, 29.73587
1377, 13.77000, 28.55530
1378, 13.78000, 33.05751
1379, 13.79000, 30.88986
1380, 13.80000, 31.39651
1381, 13.81000, 28.06374
1382, 13.82000, 30.87959
1383, 13.83000, 30.50611
1384, 13.84000, 24.14813
1385, 13.85000, 25.50821
1386, 13.86000, 26.50672
1387, 13.87000, 25.12184
1388, 13.88000, 25.75052
1389, 13.89000, 30.81802
1390, 13.90000, 28.72480
1391, 13.91000, 26.24602
1392, 13.92000, 31.87058
1393, 13.93000, 29.96851
1394, 13.94000, 25.53486
1395, 13.95000, 22.19920
1396, 13.96000, 21.07054
1397, 13.97000, 28.37424
1398, 13.98000, 29.35761
1399, 13.99000, 30.85106
1400, 14.00000, 31.00392
1401, 14.01000, 33.25941
1402, 14.02000, 31.47525
1403, 14.03000, 31.24914
1404, 14.04000, 24.41543
1405, 14.05000, 19.99973
1406, 14.06000, 28.90834
1407, 14.07000, 27.45095
1408, 14.08000, 33.43512
1409, 14.09000, 32.50934
1410, 14.10000, 28.05022
1411, 14.11000, 31.79799
1412, 14.12000, 27.95064
1413, 14.13000, 34.47471
1414, 14.14000, 31.16285
1415, 14.15000, 31.01845
1416, 14.16000, 37.34121
1417, 14.17000, 32.41735
1418, 14.18000, 30.12223
1419, 14.19000, 21.55610
1420, 14.20000, 19.02391
1421, 14.21000, 19.02614
1422, 14.22000, 26.98984
1423, 14.23000, 24.91177
1424, 14.24000, 32.43028
1425, 14.25000, 28.76413
1426, 14.26000, 32.64324
1427, 14.27000, 30.12073
1428, 14.28000, 27.87620
1429, 14.29000, 28.27402
1430, 14.30000, 29.52970
1431, 14.31000, 28.34881
1432, 14.32000, 29.71920
1433, 14.33000, 26.86013
1434, 14.34000, 22.86474
1435, 14.35000, 34.78483
1436, 14.36000, 29.30941
1437, 14.37000, 27.15325
1438, 14.38000, 16.56208
1439, 14.39000, 18.18488
1440, 14.40000, 32.99832
1441, 14.41000, 35.34873
1442, 14.42000, 29.92294
1443, 14.43000, 29.49530
1444, 14.44000, 32.65657
1445, 14.45000, 30.26376
1446, 14.46000, 30.15343
1447, 14.47000, 25.96098
1448, 14.48000, 28.30351
1449, 14.49000, 29.09741
1450, 14.50000, 27.09297
1451, 14.51000, 29.89746
1452, 14.52000, 32.21589
1453, 14.53000, 22.42691
1454, 14.54000, 24.23187
1455, 14.55000, 18.05862
1456, 14.56000, 23.08826
1457, 14.57000, 28.47907
1458, 14.58000, 25.54292
1459, 14.59000, 29.89514
1460, 14.60000, 35.56620
1461, 14.61000, 32.20807
1462, 14.62000, 26.59692
1463, 14.63000, 26.97340
1464, 14.64000, 30.33918
1465, 14.65000, 33.22802
1466, 14.66000, 35.70284
1467, 14.67000, 34.19465
1468, 14.68000, 32.36288
1469, 14.69000, 25.85800
1470, 14.70000, 27.45729
1471, 14.71000, 20.18940
1472, 14.72000, 19.09312
1473, 14.73000, 26.49132
1474, 14.74000, 34.14077
1475, 14.75000, 31.93245
1476, 14.76000, 32.51122
1477, 14.77000, 26.70028
1478, 14.78000, 20.93797
1479, 14.79000, 21.03106
1480, 14.80000, 24.34881
1481, 14.81000, 27.66191
1482, 14.82000, 31.13348
1483, 14.83000, 32.62889
1484, 14.84000, 31.33290
1485, 14.85000, 29.42777
1486, 14.86000, 23.02433
1487, 14.87000, 19.55687
1488, 14.88000, 18.49415
1489, 14.89000, 21.51551
1490, 14.90000, 27.64574
1491, 14.91000, 25.43449
1492, 14.92000, 22.25484
1493, 14.93000, 20.78925
1494, 14.94000, 25.06719
1495, 14.95000, 18.13482
1496, 14.96000, 17.64745
1497, 14.97000, 19.59580
1498, 14.98000, 27.72335
1499, 14.99000, 27.46407
1500, 15.00000, 27.48391
1501, 15.01000, 26.42416
1502, 15.02000, 34.44696
1503, 15.03000, 33.04529
1504, 15.04000, 25.38821
1505, 15.05000, 35.04184
1506, 15.06000, 27.02600
1507, 15.07000, 24.49359
1508, 15.08000, 23.19469
1509, 15.09000, 24.17527
1510, 15.10000, 25.79214
1511, 15.11000, 25.34094
1512, 15.12000, 27.42202
1513, 15.13000, 28.99526
1514, 15.14000, 29.44739
1515, 15.15000, 31.17669
1516, 15.16000, 21.50217
1517, 15.17000, 20.74890
1518, 15.18000, 21.19713
1519, 15.19000, 25.95183
1520, 15.20000, 20.44545
1521, 15.21000, 19.95914
1522, 15.22000, 24.38732
1523, 15.23000, 28.15205
1524, 15.24000, 34.46532
1525, 15.25000, 31.27797
1526, 15.26000, 28.58422
1527, 15.27000, 28.12022
1528, 15.28000, 24.58709
1529, 15.29000, 28.90675
1530, 15.30000, 28.22304
1531, 15.31000, 28.58806
1532, 15.32000, 30.83654
1533, 15.33000, 27.46646
1534, 15.34000, 18.02445
1535, 15.35000, 25.42605
1536, 15.36000, 26.73835
1537, 15.37000, 24.02075
1538, 15.38000, 22.91778
1539, 15.39000, 29.45377
1540, 15.40000, 30.70373
1541, 15.41000, 27.52586
1542, 15.42000, 25.18192
1543, 15.43000, 27.83917
1544, 15.44000, 27.93867
1545, 15.45000, 23.64372
1546, 15.46000, 22.51040
1547, 15.47000, 23.16033
1548, 15.48000, 29.58331
1549, 15.49000, 28.67757
1550, 15.50000, 21.46837
1551, 15.51000, 24.86243
1552, 15.52000, 25.10150
1553, 15.53000, 26.60120
1554, 15.54000, 23.58520
1555, 15.55000, 22.64038
1556, 15.56000, 31.98390
1557, 15.57000, 35.15664
1558, 15.58000, 35.96875
1559, 15.59000, 32.95685
1560, 15.60000, 30.74345
1561, 15.61000, 31.28112
1562, 15.62000, 23.62719
1563, 15.63000, 19.22516
1564, 15.64000, 24.13632
1565, 15.65000, 22.96675
1566, 15.66000, 22.56135
1567, 15.67000, 28.35220
1568, 15.68000, 30.25900
1569, 15.69000, 28.09794
1570, 15.70000, 21.56194
1571, 15.71000, 23.17818
1572, 15.72000, 26.18620
1573, 15.73000, 25.89278
1574, 15.74000, 26.82744
1575, 15.75000, 22.05239
1576, 15.76000, 30.57670
1577, 15.77000, 30.88841
1578, 15.78000, 28.22843
1579, 15.79000, 27.00553
1580, 15.80000, 21.65607
1581, 15.81000, 32.02680
1582, 15.82000, 31.29544
1583, 15.83000, 27.00443
1584, 15.84000, 23.15665
1585, 15.85000, 23.32773
1586, 15.86000, 23.28372
1587, 15.87000, 24.80764
1588, 15.88000, 29.28557
1589, 15.89000, 25.26097
1590, 15.90000, 27.26232
1591, 15.91000, 25.21080
1592, 15.92000, 21.37040
1593, 15.93000, 23.69063
1594, 15.94000, 32.57998
1595, 15.95000, 31.26689
1596, 15.96000, 25.79518
1597, 15.97000, 25.75898
1598, 15.98000, 30.33545
1599, 15.99000, 25.17335
1600, 16.00000, 22.87277
1601, 16.01000, 24.36142
1602, 16.02000, 29.18174
1603, 16.03000, 20.55027
1604, 16.04000, 21.00901
1605, 16.05000, 26.06472
1606, 16.06000, 30.58923
1607, 16.07000, 26.75072
1608, 16.08000, 31.06205
1609, 16.09000, 24.40175
1610, 16.10000, 24.85036
1611, 16.11000, 26.91313
1612, 16.12000, 27.95448
1613, 16.13000, 19.57650
1614, 16.14000, 29.19077
1615, 16.15000, 33.38807
1616, 16.16000, 29.84841
1617, 16.17000, 26.34828
1618, 16.18000, 23.97475
1619, 16.19000, 21.79941
1620, 16.20000, 26.03430
1621, 16.21000, 27.04738
1622, 16.22000, 22.44089
1623, 16.23000, 22.96967
1624, 16.24000, 21.66577
1625, 16.25000, 24.26405
1626, 16.26000, 22.65424
1627, 16.27000, 24.13125
1628, 16.28000, 24.61363
1629, 16.29000, 33.38028
1630, 16.30000, 33.03212
1631, 16.31000, 38.51171
1632, 16.32000, 26.87114
1633, 16.33000, 35.06050
1634, 16.34000, 26.70862
1635, 16.35000, 32.44727
1636, 16.36000, 26.89003
1637, 16.37000, 26.22244
1638, 16.38000, 25.78764
1639, 16.39000, 29.11981
1640, 16.40000, 20.17092
1641, 16.41000, 25.00209
1642, 16.42000, 23.13158
1643, 16.43000, 19.68885
1644, 16.44000, 23.24928
1645, 16.45000, 30.05950
1646, 16.46000, 31.02465
1647, 16.47000, 30.22986
1648, 16.48000, 28.84793
1649, 16.49000, 28.00672
1650, 16.50000, 28.79975
1651, 16.51000, 30.65480
1652, 16.52000, 22.63335
1653, 16.53000, 22.48556
1654, 16.54000, 27.78376
1655, 16.55000, 28.24228
1656, 16.56000, 29.93870
1657, 16.57000, 31.84178
1658, 16.58000, 31.38553
1659, 16.59000, 28.00605
1660, 16.60000, 26.38597
1661, 16.61000, 23.89453
1662, 16.62000, 27.83719
1663, 16.63000, 34.18282
1664, 16.64000, 29.11656
1665, 16.65000, 32.91484
1666, 16.66000, 30.21626
1667, 16.67000, 30.16504
1668, 16.68000, 28.01552
1669, 16.69000, 31.52112
1670, 16.70000, 24.08347
1671, 16.71000, 23.57307
1672, 16.72000, 30.73365
1673, 16.73000, 26.40265
1674, 16.74000, 25.42910
1675, 16.75000, 23.66230
1676, 16.76000, 29.08464
1677, 16.77000, 27.65152
1678, 16.78000, 23.64938
1679, 16.79000, 20.56385
1680, 16.80000, 25.53315
1681, 16.81000, 22.41788
1682, 16.82000, 23.07424
1683, 16.83000, 24.59312
1684, 16.84000, 30.74257
1685, 16.85000, 21.15617
1686, 16.86000, 24.18705
1687, 16.87000, 22.70474
1688, 16.88000, 27.05249
1689, 16.89000, 25.19775
1690, 16.90000, 23.97797
1691, 16.91000, 26.92973
1692, 16.92000, 22.00920
1693, 16.93000, 20.81377
1694, 16.94000, 23.89187
1695, 16.95000, 20.42370
1696, 16.96000, 23.76628
1697, 16.97000, 22.94447
1698, 16.98000, 22.30101
1699, 16.99000, 23.62351
1700, 17.00000, 21.24463
1701, 17.01000, 26.60394
1702, 17.02000, 20.24951
1703, 17.03000, 17.67609
1704, 17.04000, 18.39097
1705, 17.05000, 22.22960
1706, 17.06000, 20.19607
1707, 17.07000, 20.98133
1708, 17.08000, 22.38296
1709, 17.09000, 19.47041
1710, 17.10000, 19.96947
1711, 17.11000, 20.58125
1712, 17.12000, 17.68881
1713, 17.13000, 21.47769
1714, 17.14000, 21.04187
1715, 17.15000, 24.68681
1716, 17.16000, 24.52193
1717, 17.17000, 23.94628
1718, 17.18000, 19.00894
1719, 17.19000, 15.24927
1720, 17.20000, 19.50335
1721, 17.21000, 22.67289
1722, 17.22000, 23.70633
1723, 17.23000, 26.14698
1724, 17.24000, 24.20786
1725, 17.25000, 26.39841
1726, 17.26000, 25.72661
1727, 17.27000, 24.35195
1728, 17.28000, 21.52629
1729, 17.29000, 22.07765
1730, 17.30000, 20.47719
1731, 17.31000, 18.15517
1732, 17.32000, 20.98927
1733, 17.33000, 22.45695
1734, 17.34000, 22.03079
1735, 17.35000, 17.73423
1736, 17.36000, 15.08785
1737, 17.37000, 21.71945
1738, 17.38000, 23.24323
1739, 17.39000, 20.05659
1740, 17.40000, 24.15264
1741, 17.41000, 27.08096
1742, 17.42000, 21.83151
1743, 17.43000, 17.95281
1744, 17.44000, 20.65883
1745, 17.45000, 22.45482
1746, 17.46000, 21.76775
1747, 17.47000, 22.65280
1748, 17.48000, 21.96701
1749, 17.49000, 19.24292
1750, 17.50000, 18.59191
1751, 17.51000, 17.35392
1752, 17.52000, 15.76538
1753, 17.53000, 20.78825
1754, 17.54000, 17.66606
1755, 17.55000, 20.94685
1756, 17.56000, 21.37736
1757, 17.57000, 20.65882
1758, 17.58000, 20.54332
1759, 17.59000, 19.75072
1760, 17.60000, 18.11142
1761, 17.61000, 19.13960
1762, 17.62000, 17.34275
1763, 17.63000, 18.96397
1764, 17.64000, 17.60661
1765, 17.65000, 20.15408
1766, 17.66000, 18.71829
1767, 17.67000, 18.48851
1768, 17.68000, 20.33473
1769, 17.69000, 16.02177
1770, 17.70000, 13.86046
1771, 17.71000, 17.07329
1772, 17.72000, 15.02558
1773, 17.73000, 21.88392
1774, 17.74000, 24.50134
1775, 17.75000, 22.25779
1776, 17.76000, 22.42712
1777, 17.77000, 22.60792
1778, 17.78000, 25.72379
1779, 17.79000, 22.93026
1780, 17.80000, 18.90753
1781, 17.81000, 21.92139
1782, 17.82000, 18.42076
1783, 17.83000, 23.47286
1784, 17.84000, 14.75566
1785, 17.85000, 20.12188
1786, 17.86000, 16.40331
1787, 17.87000, 16.18392
1788, 17.88000, 22.07726
1789, 17.89000, 20.20620
1790, 17.90000, 20.09393
1791, 17.91000, 21.65751
1792, 17.92000, 21.92804
1793, 17.93000, 19.62864
1794, 17.94000, 20.53451
1795, 17.95000, 20.96636
1796, 17.96000, 17.31643
1797, 17.97000, 17.69633
1798, 17.98000, 18.73515
1799, 17.99000, 21.95818
1800, 18.00000, 26.51918
1801, 18.01000, 22.96143
1802, 18.02000, 16.82910
1803, 18.03000, 15.32087
1804, 18.04000, 21.41732
1805, 18.05000, 18.33161
1806, 18.06000, 19.45764
1807, 18.07000, 20.55917
1808, 18.08000, 18.34786
1809, 18.09000, 14.47471
1810, 18.10000, 19.11425
1811, 18.11000, 19.45148
1812, 18.12000, 23.61598
1813, 18.13000, 21.90636
1814, 18.14000, 18.83210
1815, 18.15000, 17.33065
1816, 18.16000, 17.82810
1817, 18.17000, 13.78447
1818, 18.18000, 15.38878
1819, 18.19000, 16.27551
1820, 18.20000, 17.35862
1821, 18.21000, 18.94587
1822, 18.22000, 16.02353
1823, 18.23000, 17.47726
1824, 18.24000, 13.70231
1825, 18.25000, 18.09081
1826, 18.26000, 16.98475
1827, 18.27000, 17.49765
1828, 18.28000, 15.95265
1829, 18.29000, 15.52872
1830, 18.30000, 20.06087
1831, 18.31000, 20.06837
1832, 18.32000, 18.78329
1833, 18.33000, 16.49794
1834, 18.34000, 15.71680
1835, 18.35000, 11.22489
1836, 18.36000, 12.86482
1837, 18.37000, 15.22401
1838, 18.38000, 17.58513
1839, 18.39000, 14.89905
1840, 18.40000, 14.52980
1841, 18.41000, 13.04654
1842, 18.42000, 11.18807
1843, 18.43000, 12.04319
1844, 18.44000, 15.66155
1845, 18.45000, 16.16136
1846, 18.46000, 14.83803
1847, 18.47000, 14.78858
1848, 18.48000, 14.84116
1849, 18.49000, 12.89855
1850, 18.50000, 14.73141
1851, 18.51000, 11.57620
1852, 18.52000, 11.04347
1853, 18.53000, 11.07437
1854, 18.54000, 13.13755
1855, 18.55000, 13.74701
1856, 18.56000, 12.35101
1857, 18.57000, 14.82078
1858, 18.58000, 13.83455
1859, 18.59000, 12.10138
1860, 18.60000, 14.81986
1861, 18.61000, 12.99354
1862, 18.62000, 11.06859
1863, 18.63000, 12.91552
1864, 18.64000, 11.88312
1865, 18.65000, 14.66916
1866, 18.66000, 14.77446
1867, 18.67000, 14.13349
1868, 18.68000, 12.52365
1869, 18.69000, 10.76819
1870, 18.70000, 12.37910
1871, 18.71000, 13.68764
1872, 18.72000, 11.51719
1873, 18.73000, 16.60166
1874, 18.74000, 13.76926
1875, 18.75000, 14.22757
1876, 18.76000, 12.56577
1877, 18.77000, 13.68983
1878, 18.78000, 15.78624
1879, 18.79000, 11.61446
1880, 18.80000, 12.07643
1881, 18.81000, 14.71076
1882, 18.82000, 14.11935
1883, 18.83000, 16.26620
1884, 18.84000, 11.39037
1885, 18.85000, 10.00984
1886, 18.86000, 13.58661
1887, 18.87000, 13.44239
1888, 18.88000, 12.10224
1889, 18.89000, 11.84349
1890, 18.90000, 16.54522
1891, 18.91000, 12.57400
1892, 18.92000, 13.82843
1893, 18.93000, 12.45691
1894, 18.94000, 12.21297
1895, 18.95000, 15.24474
1896, 18.96000, 10.62198
1897, 18.97000, 10.76290
1898, 18.98000, 10.97797
1899, 18.99000, 9.59626
1900, 19.00000, 11.11822
1901, 19.01000, 7.89331
1902, 19.02000, 8.75219
1903, 19.03000, 9.97760
1904, 19.04000, 10.23554
1905, 19.05000, 10.64765
1906, 19.06000, 10.63553
1907, 19.07000, 10.21099
1908, 19.08000, 9.35453
1909, 19.09000, 10.77132
1910, 19.10000, 11.86011
1911, 19.11000, 11.20269
1912, 19.12000, 10.05620
1913, 19.13000, 10.12548
1914, 19.14000, 9.53078
1915, 19.15000, 8.66358
1916, 19.16000, 11.40668
1917, 19.17000, 7.76335
1918, 19.18000, 10.86485
1919, 19.19000, 9.62826
1920, 19.20000, 8.67626
1921, 19.21000, 10.21304
1922, 19.22000, 11.52302
1923, 19.23000, 9.24469
1924, 19.24000, 9.28262
1925, 19.25000, 8.13084
1926, 19.26000, 8.08902
1927, 19.27000, 9.25868
1928, 19.28000, 9.58202
1929, 19.29000, 7.57214
1930, 19.30000, 9.17074
1931, 19.31000, 8.01755
1932, 19.32000, 7.77985
1933, 19.33000, 7.73230
1934, 19.34000, 6.34620
1935, 19.35000, 5.45630
1936, 19.36000, 5.61311
1937, 19.37000, 7.27942
1938, 19.38000, 6.67841
1939, 19.39000, 6.72044
1940, 19.40000, 6.84883
1941, 19.41000, 6.84836
1942, 19.42000, 6.56398
1943, 19.43000, 6.79562
1944, 19.44000, 6.31252
1945, 19.45000, 7.10032
1946, 19.46000, 7.02907
1947, 19.47000, 6.64968
1948, 19.48000, 6.12037
1949, 19.49000, 6.52679
1950, 19.50000, 4.87747
1951, 19.51000, 6.06323
1952, 19.52000, 6.28351
1953, 19.53000, 5.81416
1954, 19.54000, 6.25637
1955, 19.55000, 5.91984
1956, 19.56000, 6.19261
1957, 19.57000, 6.44152
1958, 19.58000, 6.26603
1959, 19.59000, 6.11079
1960, 19.60000, 5.93277
1961, 19.61000, 7.03605
1962, 19.62000, 6.04944
1963, 19.63000, 6.86771
1964, 19.64000, 6.01811
1965, 19.65000, 6.00925
1966, 19.66000, 5.96185
1967, 19.67000, 4.62457
1968, 19.68000, 5.01518
1969, 19.69000, 4.65729
1970, 19.70000, 5.75434
1971, 19.71000, 5.77829
1972, 19.72000, 5.66650
1973, 19.73000, 5.59107
1974, 19.74000, 5.65166
1975, 19.75000, 5.73388
1976, 19.76000, 5.62815
1977, 19.77000, 5.65251
1978, 19.78000, 5.63965
1979, 19.79000, 5.79429
1980, 19.80000, 5.84876
1981, 19.81000, 5.72060
1982, 19.82000, 5.72405
1983, 19.83000, 4.64534
1984, 19.84000, 4.53560
1985, 19.85000, 5.61721
1986, 19.86000, 5.76071
1987, 19.87000, 5.66104
1988, 19.88000, 5.71709
1989, 19.89000, 5.76995
1990, 19.90000, 5.65893
1991, 19.91000, 5.63299
1992, 19.92000, 5.62407
1993, 19.93000, 5.64009
1994, 19.94000, 5.59386
1995, 19.95000, 5.74721
1996, 19.96000, 5.78491
1997, 19.97000, 5.73293
1998, 19.98000, 5.72952
1999, 19.99000, 5.71620
2000, 20.00000, 5.64390
2001, 20.01000, 4.67837
