nt, t, solve_time
1, 0.01000, 69.78381
2, 0.02000, 55.11434
3, 0.03000, 41.13233
4, 0.04000, 35.25446
5, 0.05000, 50.12969
6, 0.06000, 52.14294
7, 0.07000, 34.74150
8, 0.08000, 32.37247
9, 0.09000, 20.90140
10, 0.10000, 29.42681
11, 0.11000, 25.23174
12, 0.12000, 26.91026
13, 0.13000, 43.08423
14, 0.14000, 53.82620
15, 0.15000, 39.85540
16, 0.16000, 36.76214
17, 0.17000, 22.80428
18, 0.18000, 27.57039
19, 0.19000, 32.44039
20, 0.20000, 26.94824
21, 0.21000, 32.91901
22, 0.22000, 43.91515
23, 0.23000, 26.60450
24, 0.24000, 29.54032
25, 0.25000, 27.71991
26, 0.26000, 33.71730
27, 0.27000, 24.21068
28, 0.28000, 25.11289
29, 0.29000, 28.45179
30, 0.30000, 27.63465
31, 0.31000, 35.28502
32, 0.32000, 36.12619
33, 0.33000, 33.25412
34, 0.34000, 28.62379
35, 0.35000, 26.13174
36, 0.36000, 35.04030
37, 0.37000, 28.58726
38, 0.38000, 26.83185
39, 0.39000, 41.47540
40, 0.40000, 34.66088
41, 0.41000, 25.01800
42, 0.42000, 13.72032
43, 0.43000, 20.42062
44, 0.44000, 28.96767
45, 0.45000, 28.52838
46, 0.46000, 26.14971
47, 0.47000, 34.06135
48, 0.48000, 24.03295
49, 0.49000, 24.95000
50, 0.50000, 23.86418
51, 0.51000, 20.54664
52, 0.52000, 19.75335
53, 0.53000, 12.64050
54, 0.54000, 24.19749
55, 0.55000, 22.06075
56, 0.56000, 36.59079
57, 0.57000, 21.96741
58, 0.58000, 31.21649
59, 0.59000, 22.43148
60, 0.60000, 14.18346
61, 0.61000, 19.61346
62, 0.62000, 16.89701
63, 0.63000, 16.07445
64, 0.64000, 16.18884
65, 0.65000, 19.22827
66, 0.66000, 15.21434
67, 0.67000, 19.12163
68, 0.68000, 16.56673
69, 0.69000, 21.09173
70, 0.70000, 7.21927
71, 0.71000, 8.34770
72, 0.72000, 14.07972
73, 0.73000, 11.17020
74, 0.74000, 11.98298
75, 0.75000, 13.52964
76, 0.76000, 11.84963
77, 0.77000, 15.03421
78, 0.78000, 14.79983
79, 0.79000, 11.82319
80, 0.80000, 16.48023
81, 0.81000, 16.86688
82, 0.82000, 11.77335
83, 0.83000, 20.26485
84, 0.84000, 16.91686
85, 0.85000, 11.25173
86, 0.86000, 24.01252
87, 0.87000, 29.63060
88, 0.88000, 35.63019
89, 0.89000, 17.59017
90, 0.90000, 30.19346
91, 0.91000, 22.03197
92, 0.92000, 32.98109
93, 0.93000, 28.72731
94, 0.94000, 38.60167
95, 0.95000, 40.14726
96, 0.96000, 32.53246
97, 0.97000, 27.93390
98, 0.98000, 11.23366
99, 0.99000, 36.09003
100, 1.00000, 27.37528
101, 1.01000, 31.33613
102, 1.02000, 23.21638
103, 1.03000, 22.59675
104, 1.04000, 24.22445
105, 1.05000, 19.49308
106, 1.06000, 33.89500
107, 1.07000, 29.78157
108, 1.08000, 28.54014
109, 1.09000, 21.20685
110, 1.10000, 35.92921
111, 1.11000, 27.56984
112, 1.12000, 27.01767
113, 1.13000, 18.12277
114, 1.14000, 21.72623
115, 1.15000, 31.11641
116, 1.16000, 18.76809
117, 1.17000, 19.46499
118, 1.18000, 22.70530
119, 1.19000, 24.99900
120, 1.20000, 27.31033
121, 1.21000, 24.53922
122, 1.22000, 35.09864
123, 1.23000, 39.53800
124, 1.24000, 33.10374
125, 1.25000, 18.56424
126, 1.26000, 30.62186
127, 1.27000, 29.39883
128, 1.28000, 28.29412
129, 1.29000, 28.70983
130, 1.30000, 22.11607
131, 1.31000, 24.38505
132, 1.32000, 23.39735
133, 1.33000, 19.27879
134, 1.34000, 27.56254
135, 1.35000, 24.57709
136, 1.36000, 30.55299
137, 1.37000, 28.99299
138, 1.38000, 24.30464
139, 1.39000, 31.15111
140, 1.40000, 32.40422
141, 1.41000, 22.45359
142, 1.42000, 24.02487
143, 1.43000, 36.21598
144, 1.44000, 29.05949
145, 1.45000, 34.80767
146, 1.46000, 37.18968
147, 1.47000, 38.25264
148, 1.48000, 33.32265
149, 1.49000, 36.56725
150, 1.50000, 36.78608
151, 1.51000, 25.06518
152, 1.52000, 32.48790
153, 1.53000, 33.84495
154, 1.54000, 48.04364
155, 1.55000, 42.51562
156, 1.56000, 47.28081
157, 1.57000, 42.04917
158, 1.58000, 39.67784
159, 1.59000, 40.52430
160, 1.60000, 43.30713
161, 1.61000, 44.91758
162, 1.62000, 54.92018
163, 1.63000, 36.82908
164, 1.64000, 33.95355
165, 1.65000, 36.53060
166, 1.66000, 37.40221
167, 1.67000, 40.25831
168, 1.68000, 27.84521
169, 1.69000, 20.92868
170, 1.70000, 20.33499
171, 1.71000, 40.12692
172, 1.72000, 33.13486
173, 1.73000, 26.85770
174, 1.74000, 25.78100
175, 1.75000, 27.72490
176, 1.76000, 24.59042
177, 1.77000, 23.02894
178, 1.78000, 29.21104
179, 1.79000, 36.67970
180, 1.80000, 22.77281
181, 1.81000, 28.87697
182, 1.82000, 28.03357
183, 1.83000, 33.97648
184, 1.84000, 33.99786
185, 1.85000, 30.85012
186, 1.86000, 37.02433
187, 1.87000, 37.93947
188, 1.88000, 27.65102
189, 1.89000, 31.10686
190, 1.90000, 31.68571
191, 1.91000, 23.47624
192, 1.92000, 27.08470
193, 1.93000, 27.98522
194, 1.94000, 34.46031
195, 1.95000, 27.45334
196, 1.96000, 31.34766
197, 1.97000, 30.89986
198, 1.98000, 28.36153
199, 1.99000, 34.63152
200, 2.00000, 32.24315
201, 2.01000, 32.85970
202, 2.02000, 41.56251
203, 2.03000, 32.50761
204, 2.04000, 28.52283
205, 2.05000, 28.13218
206, 2.06000, 34.06039
207, 2.07000, 36.40886
208, 2.08000, 38.05240
209, 2.09000, 33.24528
210, 2.10000, 30.70563
211, 2.11000, 35.05265
212, 2.12000, 37.82400
213, 2.13000, 36.59607
214, 2.14000, 37.14977
215, 2.15000, 28.91812
216, 2.16000, 34.44987
217, 2.17000, 41.57223
218, 2.18000, 37.18914
219, 2.19000, 23.97276
220, 2.20000, 25.55227
221, 2.21000, 31.16782
222, 2.22000, 32.27675
223, 2.23000, 33.62420
224, 2.24000, 39.45919
225, 2.25000, 37.77388
226, 2.26000, 41.17431
227, 2.27000, 36.70411
228, 2.28000, 31.31361
229, 2.29000, 35.48746
230, 2.30000, 26.31075
231, 2.31000, 27.75809
232, 2.32000, 25.87198
233, 2.33000, 23.02288
234, 2.34000, 31.18659
235, 2.35000, 31.76852
236, 2.36000, 31.36671
237, 2.37000, 22.20219
238, 2.38000, 32.18702
239, 2.39000, 35.61658
240, 2.40000, 25.56783
241, 2.41000, 21.61879
242, 2.42000, 17.59618
243, 2.43000, 15.27756
244, 2.44000, 20.75105
245, 2.45000, 25.35038
246, 2.46000, 30.24906
247, 2.47000, 30.37391
248, 2.48000, 26.33515
249, 2.49000, 26.67313
250, 2.50000, 25.18604
251, 2.51000, 27.18517
252, 2.52000, 27.45675
253, 2.53000, 24.70580
254, 2.54000, 21.65419
255, 2.55000, 29.61868
256, 2.56000, 27.07874
257, 2.57000, 30.00865
258, 2.58000, 27.36066
259, 2.59000, 17.27185
260, 2.60000, 21.09833
261, 2.61000, 25.50239
262, 2.62000, 27.57180
263, 2.63000, 22.52242
264, 2.64000, 25.85357
265, 2.65000, 22.61495
266, 2.66000, 21.11205
267, 2.67000, 31.11903
268, 2.68000, 36.70665
269, 2.69000, 33.40137
270, 2.70000, 24.94162
271, 2.71000, 28.84859
272, 2.72000, 30.16468
273, 2.73000, 37.21500
274, 2.74000, 21.64098
275, 2.75000, 23.59784
276, 2.76000, 16.95984
277, 2.77000, 26.71259
278, 2.78000, 26.96375
279, 2.79000, 23.77480
280, 2.80000, 27.94960
281, 2.81000, 27.55708
282, 2.82000, 23.95795
283, 2.83000, 36.10088
284, 2.84000, 34.03207
285, 2.85000, 26.98815
286, 2.86000, 25.83837
287, 2.87000, 26.02628
288, 2.88000, 26.94508
289, 2.89000, 22.60776
290, 2.90000, 19.90096
291, 2.91000, 22.66711
292, 2.92000, 20.66315
293, 2.93000, 19.55815
294, 2.94000, 27.57254
295, 2.95000, 27.07235
296, 2.96000, 24.47268
297, 2.97000, 19.69708
298, 2.98000, 22.48447
299, 2.99000, 28.01715
300, 3.00000, 24.07690
301, 3.01000, 32.27268
302, 3.02000, 29.28411
303, 3.03000, 38.52752
304, 3.04000, 35.69765
305, 3.05000, 32.06831
306, 3.06000, 31.44260
307, 3.07000, 23.54644
308, 3.08000, 19.34946
309, 3.09000, 27.13603
310, 3.10000, 24.69007
311, 3.11000, 28.91685
312, 3.12000, 24.58178
313, 3.13000, 24.00812
314, 3.14000, 24.19976
315, 3.15000, 31.06382
316, 3.16000, 28.33849
317, 3.17000, 35.63099
318, 3.18000, 26.94396
319, 3.19000, 21.48894
320, 3.20000, 20.44091
321, 3.21000, 22.81599
322, 3.22000, 20.86835
323, 3.23000, 24.37311
324, 3.24000, 27.94057
325, 3.25000, 24.32522
326, 3.26000, 26.61365
327, 3.27000, 21.82526
328, 3.28000, 21.96254
329, 3.29000, 29.50126
330, 3.30000, 32.52955
331, 3.31000, 29.29378
332, 3.32000, 33.93963
333, 3.33000, 32.30639
334, 3.34000, 33.72675
335, 3.35000, 41.27927
336, 3.36000, 36.00614
337, 3.37000, 31.78567
338, 3.38000, 40.14148
339, 3.39000, 31.69945
340, 3.40000, 26.46616
341, 3.41000, 28.20664
342, 3.42000, 23.80184
343, 3.43000, 30.21043
344, 3.44000, 18.66423
345, 3.45000, 22.53304
346, 3.46000, 17.29590
347, 3.47000, 18.01833
348, 3.48000, 20.19153
349, 3.49000, 24.29051
350, 3.50000, 30.19019
351, 3.51000, 36.31114
352, 3.52000, 32.99229
353, 3.53000, 34.88315
354, 3.54000, 32.49272
355, 3.55000, 30.17897
356, 3.56000, 21.17728
357, 3.57000, 30.44359
358, 3.58000, 32.43069
359, 3.59000, 26.56454
360, 3.60000, 29.32138
361, 3.61000, 32.56985
362, 3.62000, 32.93079
363, 3.63000, 29.10835
364, 3.64000, 31.06389
365, 3.65000, 26.00842
366, 3.66000, 27.62749
367, 3.67000, 41.87183
368, 3.68000, 43.09018
369, 3.69000, 36.81445
370, 3.70000, 31.26665
371, 3.71000, 32.27454
372, 3.72000, 31.23981
373, 3.73000, 22.86446
374, 3.74000, 18.98440
375, 3.75000, 23.37846
376, 3.76000, 25.02247
377, 3.77000, 22.12120
378, 3.78000, 17.47432
379, 3.79000, 18.12460
380, 3.80000, 21.14311
381, 3.81000, 17.28244
382, 3.82000, 25.72248
383, 3.83000, 34.70831
384, 3.84000, 32.82082
385, 3.85000, 37.56189
386, 3.86000, 32.06787
387, 3.87000, 38.42909
388, 3.88000, 31.00782
389, 3.89000, 34.94363
390, 3.90000, 39.18762
391, 3.91000, 41.56925
392, 3.92000, 37.29746
393, 3.93000, 29.77535
394, 3.94000, 27.39955
395, 3.95000, 24.05556
396, 3.96000, 22.01378
397, 3.97000, 28.21080
398, 3.98000, 33.91564
399, 3.99000, 33.22315
400, 4.00000, 26.81859
401, 4.01000, 20.31062
402, 4.02000, 20.12130
403, 4.03000, 18.78405
404, 4.04000, 20.23794
405, 4.05000, 24.09344
406, 4.06000, 23.86000
407, 4.07000, 23.45396
408, 4.08000, 23.68872
409, 4.09000, 27.36645
410, 4.10000, 34.30025
411, 4.11000, 30.17407
412, 4.12000, 27.17014
413, 4.13000, 27.00289
414, 4.14000, 21.56517
415, 4.15000, 25.77614
416, 4.16000, 23.36760
417, 4.17000, 26.32190
418, 4.18000, 33.30070
419, 4.19000, 28.98613
420, 4.20000, 29.36657
421, 4.21000, 34.78058
422, 4.22000, 29.84305
423, 4.23000, 23.96715
424, 4.24000, 22.64230
425, 4.25000, 33.92503
426, 4.26000, 30.95932
427, 4.27000, 24.87001
428, 4.28000, 23.24699
429, 4.29000, 17.54652
430, 4.30000, 18.14105
431, 4.31000, 27.12085
432, 4.32000, 28.68246
433, 4.33000, 24.28151
434, 4.34000, 30.39810
435, 4.35000, 23.64338
436, 4.36000, 22.18290
437, 4.37000, 21.70855
438, 4.38000, 22.02161
439, 4.39000, 27.99445
440, 4.40000, 27.10829
441, 4.41000, 22.38991
442, 4.42000, 28.75782
443, 4.43000, 22.48507
444, 4.44000, 19.70264
445, 4.45000, 23.41085
446, 4.46000, 20.45395
447, 4.47000, 17.02542
448, 4.48000, 17.68969
449, 4.49000, 29.47164
450, 4.50000, 30.20808
451, 4.51000, 31.56885
452, 4.52000, 28.10739
453, 4.53000, 29.39874
454, 4.54000, 29.39127
455, 4.55000, 22.25630
456, 4.56000, 21.05544
457, 4.57000, 24.22352
458, 4.58000, 27.63301
459, 4.59000, 29.71337
460, 4.60000, 20.58550
461, 4.61000, 21.16252
462, 4.62000, 19.88339
463, 4.63000, 24.37855
464, 4.64000, 39.33133
465, 4.65000, 35.92260
466, 4.66000, 30.00635
467, 4.67000, 28.31894
468, 4.68000, 27.96584
469, 4.69000, 23.08654
470, 4.70000, 26.26272
471, 4.71000, 27.68166
472, 4.72000, 28.83611
473, 4.73000, 31.85017
474, 4.74000, 22.29130
475, 4.75000, 23.87149
476, 4.76000, 22.56115
477, 4.77000, 22.67820
478, 4.78000, 16.09198
479, 4.79000, 16.27554
480, 4.80000, 18.91278
481, 4.81000, 21.66705
482, 4.82000, 22.24349
483, 4.83000, 24.36037
484, 4.84000, 28.43619
485, 4.85000, 28.41524
486, 4.86000, 32.60333
487, 4.87000, 29.27599
488, 4.88000, 40.04666
489, 4.89000, 34.88100
490, 4.90000, 27.29243
491, 4.91000, 34.60925
492, 4.92000, 32.98545
493, 4.93000, 33.37669
494, 4.94000, 23.71624
495, 4.95000, 22.70122
496, 4.96000, 24.26304
497, 4.97000, 22.18624
498, 4.98000, 32.86650
499, 4.99000, 33.67465
500, 5.00000, 30.53980
501, 5.01000, 22.53501
502, 5.02000, 20.74655
503, 5.03000, 24.27773
504, 5.04000, 22.81985
505, 5.05000, 21.96148
506, 5.06000, 23.75698
507, 5.07000, 17.39725
508, 5.08000, 12.88861
509, 5.09000, 13.07024
510, 5.10000, 16.03199
511, 5.11000, 20.07193
512, 5.12000, 17.39946
513, 5.13000, 22.89522
514, 5.14000, 22.85248
515, 5.15000, 24.06892
516, 5.16000, 32.58137
517, 5.17000, 26.09136
518, 5.18000, 30.57119
519, 5.19000, 36.92003
520, 5.20000, 31.46029
521, 5.21000, 29.38441
522, 5.22000, 37.78803
523, 5.23000, 36.01568
524, 5.24000, 28.03445
525, 5.25000, 22.32525
526, 5.26000, 26.35809
527, 5.27000, 22.71348
528, 5.28000, 25.24657
529, 5.29000, 21.99796
530, 5.30000, 22.76225
531, 5.31000, 26.94184
532, 5.32000, 32.23917
533, 5.33000, 28.86095
534, 5.34000, 25.59950
535, 5.35000, 28.02026
536, 5.36000, 29.05921
537, 5.37000, 32.22684
538, 5.38000, 33.64517
539, 5.39000, 29.87588
540, 5.40000, 30.12648
541, 5.41000, 25.96016
542, 5.42000, 27.98723
543, 5.43000, 24.48746
544, 5.44000, 20.76797
545, 5.45000, 27.35983
546, 5.46000, 22.75193
547, 5.47000, 26.82835
548, 5.48000, 30.33981
549, 5.49000, 18.60710
550, 5.50000, 29.51351
551, 5.51000, 27.67816
552, 5.52000, 25.59817
553, 5.53000, 29.65650
554, 5.54000, 28.51998
555, 5.55000, 25.33361
556, 5.56000, 32.59033
557, 5.57000, 34.97262
558, 5.58000, 28.20871
559, 5.59000, 27.55807
560, 5.60000, 23.08802
561, 5.61000, 24.41271
562, 5.62000, 23.06949
563, 5.63000, 20.23934
564, 5.64000, 39.56128
565, 5.65000, 30.75646
566, 5.66000, 36.23753
567, 5.67000, 27.60099
568, 5.68000, 29.24772
569, 5.69000, 20.63157
570, 5.70000, 25.94202
571, 5.71000, 27.36121
572, 5.72000, 26.03633
573, 5.73000, 24.94869
574, 5.74000, 30.69252
575, 5.75000, 23.64544
576, 5.76000, 28.46554
577, 5.77000, 28.02639
578, 5.78000, 28.33509
579, 5.79000, 27.24116
580, 5.80000, 19.65288
581, 5.81000, 27.98337
582, 5.82000, 22.74549
583, 5.83000, 28.05559
584, 5.84000, 24.43754
585, 5.85000, 35.51822
586, 5.86000, 34.54227
587, 5.87000, 26.99078
588, 5.88000, 21.92269
589, 5.89000, 29.05649
590, 5.90000, 35.96224
591, 5.91000, 29.77009
592, 5.92000, 28.91869
593, 5.93000, 27.25665
594, 5.94000, 25.03284
595, 5.95000, 25.58770
596, 5.96000, 21.65293
597, 5.97000, 24.14974
598, 5.98000, 31.95894
599, 5.99000, 29.79707
600, 6.00000, 32.49051
601, 6.01000, 28.79306
602, 6.02000, 25.50063
603, 6.03000, 28.03225
604, 6.04000, 24.80224
605, 6.05000, 29.32192
606, 6.06000, 24.94930
607, 6.07000, 24.87275
608, 6.08000, 19.49144
609, 6.09000, 15.35376
610, 6.10000, 17.43090
611, 6.11000, 21.11381
612, 6.12000, 23.07694
613, 6.13000, 28.52042
614, 6.14000, 25.17178
615, 6.15000, 21.73153
616, 6.16000, 35.01095
617, 6.17000, 33.52120
618, 6.18000, 38.91004
619, 6.19000, 31.90593
620, 6.20000, 26.71284
621, 6.21000, 22.35736
622, 6.22000, 27.24013
623, 6.23000, 25.44333
624, 6.24000, 29.56190
625, 6.25000, 24.76609
626, 6.26000, 29.52294
627, 6.27000, 26.25143
628, 6.28000, 25.29470
629, 6.29000, 22.78876
630, 6.30000, 27.15776
631, 6.31000, 22.94193
632, 6.32000, 21.13410
633, 6.33000, 23.01135
634, 6.34000, 27.39778
635, 6.35000, 24.96493
636, 6.36000, 25.67608
637, 6.37000, 34.54356
638, 6.38000, 29.64448
639, 6.39000, 31.19875
640, 6.40000, 27.73468
641, 6.41000, 29.33613
642, 6.42000, 22.99014
643, 6.43000, 26.78010
644, 6.44000, 28.46716
645, 6.45000, 21.82511
646, 6.46000, 29.34346
647, 6.47000, 21.94876
648, 6.48000, 35.87826
649, 6.49000, 25.95863
650, 6.50000, 32.62852
651, 6.51000, 33.18108
652, 6.52000, 29.75092
653, 6.53000, 23.95916
654, 6.54000, 27.56565
655, 6.55000, 25.61152
656, 6.56000, 30.13700
657, 6.57000, 24.11917
658, 6.58000, 21.25851
659, 6.59000, 22.89229
660, 6.60000, 24.86838
661, 6.61000, 19.97126
662, 6.62000, 26.75014
663, 6.63000, 29.26136
664, 6.64000, 29.93214
665, 6.65000, 33.82119
666, 6.66000, 23.40003
667, 6.67000, 30.14752
668, 6.68000, 32.61287
669, 6.69000, 31.85871
670, 6.70000, 31.17582
671, 6.71000, 26.17123
672, 6.72000, 25.78443
673, 6.73000, 28.29641
674, 6.74000, 26.73819
675, 6.75000, 27.87595
676, 6.76000, 22.28928
677, 6.77000, 24.66350
678, 6.78000, 25.41415
679, 6.79000, 26.01602
680, 6.80000, 26.72465
681, 6.81000, 28.08786
682, 6.82000, 21.68278
683, 6.83000, 22.60615
684, 6.84000, 42.66582
685, 6.85000, 31.33168
686, 6.86000, 35.16517
687, 6.87000, 32.24399
688, 6.88000, 31.43811
689, 6.89000, 24.71829
690, 6.90000, 29.74467
691, 6.91000, 31.00918
692, 6.92000, 25.96460
693, 6.93000, 27.31122
694, 6.94000, 19.36448
695, 6.95000, 17.79883
696, 6.96000, 21.62262
697, 6.97000, 26.41676
698, 6.98000, 22.91701
699, 6.99000, 22.33159
700, 7.00000, 21.87807
701, 7.01000, 21.82166
702, 7.02000, 28.98360
703, 7.03000, 33.57489
704, 7.04000, 32.91912
705, 7.05000, 27.53395
706, 7.06000, 27.71389
707, 7.07000, 30.08403
708, 7.08000, 25.40736
709, 7.09000, 28.31093
710, 7.10000, 22.55670
711, 7.11000, 18.43337
712, 7.12000, 18.25755
713, 7.13000, 15.92594
714, 7.14000, 23.56270
715, 7.15000, 28.67152
716, 7.16000, 23.35043
717, 7.17000, 25.15618
718, 7.18000, 26.52290
719, 7.19000, 27.55760
720, 7.20000, 18.75539
721, 7.21000, 26.89964
722, 7.22000, 24.70565
723, 7.23000, 31.06924
724, 7.24000, 25.96777
725, 7.25000, 29.79982
726, 7.26000, 37.80365
727, 7.27000, 31.34728
728, 7.28000, 20.90179
729, 7.29000, 18.91713
730, 7.30000, 22.37149
731, 7.31000, 27.82477
732, 7.32000, 35.68474
733, 7.33000, 36.49284
734, 7.34000, 35.49569
735, 7.35000, 31.28345
736, 7.36000, 27.02479
737, 7.37000, 27.58325
738, 7.38000, 25.73222
739, 7.39000, 26.12663
740, 7.40000, 22.11896
741, 7.41000, 29.53873
742, 7.42000, 22.62840
743, 7.43000, 23.28244
744, 7.44000, 24.47497
745, 7.45000, 20.13227
746, 7.46000, 17.02231
747, 7.47000, 15.88974
748, 7.48000, 23.85081
749, 7.49000, 22.25595
750, 7.50000, 33.13731
751, 7.51000, 27.88424
752, 7.52000, 29.63111
753, 7.53000, 31.94394
754, 7.54000, 31.64681
755, 7.55000, 27.43496
756, 7.56000, 27.80499
757, 7.57000, 25.24310
758, 7.58000, 36.00922
759, 7.59000, 29.81018
760, 7.60000, 23.49059
761, 7.61000, 27.21804
762, 7.62000, 26.38718
763, 7.63000, 25.30555
764, 7.64000, 25.30443
765, 7.65000, 34.69874
766, 7.66000, 29.81782
767, 7.67000, 26.31676
768, 7.68000, 32.46951
769, 7.69000, 32.02381
770, 7.70000, 30.75025
771, 7.71000, 35.99352
772, 7.72000, 33.08860
773, 7.73000, 23.99228
774, 7.74000, 21.74097
775, 7.75000, 21.53865
776, 7.76000, 25.58954
777, 7.77000, 24.53464
778, 7.78000, 26.33046
779, 7.79000, 20.47715
780, 7.80000, 19.93044
781, 7.81000, 17.80621
782, 7.82000, 24.41218
783, 7.83000, 21.66725
784, 7.84000, 23.28182
785, 7.85000, 23.12392
786, 7.86000, 32.90167
787, 7.87000, 34.16969
788, 7.88000, 31.87876
789, 7.89000, 28.40470
790, 7.90000, 28.04420
791, 7.91000, 30.33339
792, 7.92000, 24.55008
793, 7.93000, 24.68434
794, 7.94000, 19.95039
795, 7.95000, 16.83865
796, 7.96000, 25.87518
797, 7.97000, 23.63222
798, 7.98000, 29.14204
799, 7.99000, 37.46853
800, 8.00000, 31.50986
801, 8.01000, 34.22399
802, 8.02000, 34.85982
803, 8.03000, 31.85399
804, 8.04000, 28.12424
805, 8.05000, 33.49434
806, 8.06000, 27.98975
807, 8.07000, 32.13536
808, 8.08000, 29.05181
809, 8.09000, 25.29664
810, 8.10000, 21.76683
811, 8.11000, 19.72943
812, 8.12000, 23.26074
813, 8.13000, 29.64650
814, 8.14000, 27.30737
815, 8.15000, 28.98290
816, 8.16000, 26.77136
817, 8.17000, 30.14941
818, 8.18000, 24.86148
819, 8.19000, 21.37964
820, 8.20000, 25.01126
821, 8.21000, 34.14154
822, 8.22000, 32.04991
823, 8.23000, 28.40433
824, 8.24000, 27.23028
825, 8.25000, 27.62822
826, 8.26000, 31.73076
827, 8.27000, 30.66157
828, 8.28000, 27.14083
829, 8.29000, 27.15383
830, 8.30000, 29.59631
831, 8.31000, 24.09264
832, 8.32000, 24.73387
833, 8.33000, 25.66900
834, 8.34000, 23.82414
835, 8.35000, 20.35993
836, 8.36000, 25.52574
837, 8.37000, 27.94709
838, 8.38000, 30.42127
839, 8.39000, 28.39227
840, 8.40000, 36.34944
841, 8.41000, 36.70927
842, 8.42000, 25.98636
843, 8.43000, 21.10026
844, 8.44000, 21.21982
845, 8.45000, 24.10980
846, 8.46000, 25.72736
847, 8.47000, 22.86157
848, 8.48000, 27.04830
849, 8.49000, 20.85528
850, 8.50000, 27.39927
851, 8.51000, 35.95962
852, 8.52000, 38.98528
853, 8.53000, 35.05123
854, 8.54000, 30.90492
855, 8.55000, 34.02174
856, 8.56000, 28.59021
857, 8.57000, 27.85382
858, 8.58000, 26.58254
859, 8.59000, 32.48128
860, 8.60000, 33.83136
861, 8.61000, 26.67832
862, 8.62000, 23.03259
863, 8.63000, 24.45162
864, 8.64000, 26.52108
865, 8.65000, 30.71135
866, 8.66000, 31.57861
867, 8.67000, 21.45611
868, 8.68000, 25.97015
869, 8.69000, 25.98010
870, 8.70000, 25.15141
871, 8.71000, 25.62321
872, 8.72000, 28.56686
873, 8.73000, 29.47564
874, 8.74000, 23.87635
875, 8.75000, 22.00703
876, 8.76000, 14.66674
877, 8.77000, 19.14155
878, 8.78000, 24.91389
879, 8.79000, 26.53232
880, 8.80000, 26.38322
881, 8.81000, 28.47747
882, 8.82000, 31.98418
883, 8.83000, 26.35405
884, 8.84000, 30.53627
885, 8.85000, 31.51674
886, 8.86000, 33.01317
887, 8.87000, 32.44201
888, 8.88000, 26.24172
889, 8.89000, 26.25721
890, 8.90000, 26.28585
891, 8.91000, 31.64360
892, 8.92000, 29.00266
893, 8.93000, 24.30014
894, 8.94000, 30.88910
895, 8.95000, 28.53720
896, 8.96000, 22.19488
897, 8.97000, 23.40197
898, 8.98000, 28.57509
899, 8.99000, 36.23506
900, 9.00000, 30.28960
901, 9.01000, 23.79960
902, 9.02000, 27.81669
903, 9.03000, 27.75531
904, 9.04000, 31.40822
905, 9.05000, 34.74471
906, 9.06000, 28.58952
907, 9.07000, 34.26497
908, 9.08000, 32.53652
909, 9.09000, 23.36639
910, 9.10000, 25.83518
911, 9.11000, 26.62817
912, 9.12000, 23.42361
913, 9.13000, 22.46880
914, 9.14000, 16.94281
915, 9.15000, 20.88234
916, 9.16000, 16.93422
917, 9.17000, 23.36150
918, 9.18000, 25.41401
919, 9.19000, 21.29232
920, 9.20000, 26.31910
921, 9.21000, 34.21062
922, 9.22000, 32.62128
923, 9.23000, 34.01462
924, 9.24000, 32.63617
925, 9.25000, 29.54773
926, 9.26000, 33.83064
927, 9.27000, 23.41557
928, 9.28000, 21.29367
929, 9.29000, 33.05637
930, 9.30000, 28.22332
931, 9.31000, 25.49164
932, 9.32000, 31.58252
933, 9.33000, 23.65588
934, 9.34000, 27.99540
935, 9.35000, 32.62738
936, 9.36000, 28.03463
937, 9.37000, 27.04704
938, 9.38000, 27.92178
939, 9.39000, 27.16747
940, 9.40000, 26.32851
941, 9.41000, 31.23385
942, 9.42000, 23.61029
943, 9.43000, 24.57355
944, 9.44000, 27.43061
945, 9.45000, 25.99904
946, 9.46000, 25.90160
947, 9.47000, 23.42845
948, 9.48000, 19.06606
949, 9.49000, 25.87821
950, 9.50000, 22.10070
951, 9.51000, 27.58033
952, 9.52000, 32.93298
953, 9.53000, 33.67441
954, 9.54000, 34.10646
955, 9.55000, 23.54038
956, 9.56000, 21.21894
957, 9.57000, 20.57380
958, 9.58000, 24.11230
959, 9.59000, 27.13844
960, 9.60000, 30.97339
961, 9.61000, 33.60047
962, 9.62000, 22.50762
963, 9.63000, 18.64261
964, 9.64000, 19.19173
965, 9.65000, 20.49529
966, 9.66000, 22.71677
967, 9.67000, 20.79097
968, 9.68000, 29.72312
969, 9.69000, 39.76381
970, 9.70000, 36.53315
971, 9.71000, 31.83357
972, 9.72000, 33.07962
973, 9.73000, 30.15039
974, 9.74000, 22.82938
975, 9.75000, 24.16292
976, 9.76000, 22.42939
977, 9.77000, 29.27454
978, 9.78000, 26.61094
979, 9.79000, 28.02409
980, 9.80000, 24.92212
981, 9.81000, 23.06292
982, 9.82000, 27.02810
983, 9.83000, 18.85212
984, 9.84000, 24.67433
985, 9.85000, 20.18684
986, 9.86000, 23.20705
987, 9.87000, 21.63876
988, 9.88000, 24.61090
989, 9.89000, 27.36362
990, 9.90000, 33.05182
991, 9.91000, 30.68971
992, 9.92000, 27.14311
993, 9.93000, 29.88574
994, 9.94000, 22.10978
995, 9.95000, 26.97380
996, 9.96000, 26.09755
997, 9.97000, 30.80322
998, 9.98000, 30.02400
999, 9.99000, 39.45702
1000, 10.00000, 32.87023
1001, 10.01000, 34.99349
1002, 10.02000, 34.22267
1003, 10.03000, 26.61665
1004, 10.04000, 32.66277
1005, 10.05000, 30.58185
1006, 10.06000, 25.40169
1007, 10.07000, 24.68596
1008, 10.08000, 29.35419
1009, 10.09000, 27.57338
1010, 10.10000, 27.06462
1011, 10.11000, 22.52327
1012, 10.12000, 21.14287
1013, 10.13000, 19.79637
1014, 10.14000, 21.92159
1015, 10.15000, 21.81848
1016, 10.16000, 29.07499
1017, 10.17000, 23.92388
1018, 10.18000, 28.20105
1019, 10.19000, 30.77867
1020, 10.20000, 34.02249
1021, 10.21000, 35.32260
1022, 10.22000, 30.03296
1023, 10.23000, 32.80284
1024, 10.24000, 35.76229
1025, 10.25000, 28.00771
1026, 10.26000, 28.47666
1027, 10.27000, 27.97636
1028, 10.28000, 23.35334
1029, 10.29000, 20.98214
1030, 10.30000, 20.73742
1031, 10.31000, 26.43773
1032, 10.32000, 28.63950
1033, 10.33000, 23.80881
1034, 10.34000, 19.53383
1035, 10.35000, 18.14500
1036, 10.36000, 20.90239
1037, 10.37000, 25.64598
1038, 10.38000, 33.23554
1039, 10.39000, 26.15967
1040, 10.40000, 28.82727
1041, 10.41000, 30.23589
1042, 10.42000, 29.89048
1043, 10.43000, 25.32897
1044, 10.44000, 27.24227
1045, 10.45000, 22.66932
1046, 10.46000, 20.13524
1047, 10.47000, 21.76334
1048, 10.48000, 20.66415
1049, 10.49000, 20.44806
1050, 10.50000, 23.64623
1051, 10.51000, 28.68462
1052, 10.52000, 36.84489
1053, 10.53000, 32.93904
1054, 10.54000, 26.58926
1055, 10.55000, 32.16722
1056, 10.56000, 24.35350
1057, 10.57000, 31.86824
1058, 10.58000, 25.18147
1059, 10.59000, 20.98118
1060, 10.60000, 26.32233
1061, 10.61000, 22.36852
1062, 10.62000, 15.07841
1063, 10.63000, 20.27602
1064, 10.64000, 20.69321
1065, 10.65000, 20.48792
1066, 10.66000, 19.71009
1067, 10.67000, 22.83729
1068, 10.68000, 23.14573
1069, 10.69000, 29.69321
1070, 10.70000, 30.27541
1071, 10.71000, 33.99548
1072, 10.72000, 25.82614
1073, 10.73000, 25.54995
1074, 10.74000, 26.35016
1075, 10.75000, 27.95453
1076, 10.76000, 17.57526
1077, 10.77000, 22.83946
1078, 10.78000, 22.53769
1079, 10.79000, 24.45722
1080, 10.80000, 27.58128
1081, 10.81000, 24.61560
1082, 10.82000, 27.62415
1083, 10.83000, 21.17646
1084, 10.84000, 20.30681
1085, 10.85000, 23.49459
1086, 10.86000, 23.23209
1087, 10.87000, 29.78652
1088, 10.88000, 31.85009
1089, 10.89000, 28.01752
1090, 10.90000, 24.65154
1091, 10.91000, 29.05017
1092, 10.92000, 24.90154
1093, 10.93000, 18.90756
1094, 10.94000, 26.41426
1095, 10.95000, 27.03340
1096, 10.96000, 22.43807
1097, 10.97000, 21.52713
1098, 10.98000, 25.61684
1099, 10.99000, 19.43071
1100, 11.00000, 27.56680
1101, 11.01000, 26.12387
1102, 11.02000, 31.24254
1103, 11.03000, 35.51483
1104, 11.04000, 32.77951
1105, 11.05000, 32.51994
1106, 11.06000, 32.82375
1107, 11.07000, 34.95108
1108, 11.08000, 25.22406
1109, 11.09000, 20.62852
1110, 11.10000, 21.36608
1111, 11.11000, 19.88490
1112, 11.12000, 23.98922
1113, 11.13000, 23.93878
1114, 11.14000, 22.86790
1115, 11.15000, 23.25592
1116, 11.16000, 31.03557
1117, 11.17000, 20.59325
1118, 11.18000, 32.58723
1119, 11.19000, 27.59225
1120, 11.20000, 30.64978
1121, 11.21000, 28.11805
1122, 11.22000, 26.58879
1123, 11.23000, 22.82073
1124, 11.24000, 25.03092
1125, 11.25000, 31.73100
1126, 11.26000, 22.42925
1127, 11.27000, 27.55559
1128, 11.28000, 27.25626
1129, 11.29000, 25.05767
1130, 11.30000, 27.32202
1131, 11.31000, 23.66665
1132, 11.32000, 22.77960
1133, 11.33000, 36.96535
1134, 11.34000, 31.31666
1135, 11.35000, 29.05622
1136, 11.36000, 31.06648
1137, 11.37000, 26.94867
1138, 11.38000, 34.44838
1139, 11.39000, 27.79049
1140, 11.40000, 28.80789
1141, 11.41000, 28.20618
1142, 11.42000, 29.62589
1143, 11.43000, 20.56125
1144, 11.44000, 20.53286
1145, 11.45000, 26.23284
1146, 11.46000, 21.51141
1147, 11.47000, 21.79323
1148, 11.48000, 20.99622
1149, 11.49000, 20.28674
1150, 11.50000, 22.46779
1151, 11.51000, 23.55922
1152, 11.52000, 27.57590
1153, 11.53000, 26.22951
1154, 11.54000, 21.59832
1155, 11.55000, 24.22181
1156, 11.56000, 28.96175
1157, 11.57000, 22.89942
1158, 11.58000, 21.69950
1159, 11.59000, 26.02923
1160, 11.60000, 29.64933
1161, 11.61000, 23.60083
1162, 11.62000, 22.78150
1163, 11.63000, 31.33269
1164, 11.64000, 21.09616
1165, 11.65000, 21.80338
1166, 11.66000, 23.54793
1167, 11.67000, 23.69681
1168, 11.68000, 30.80302
1169, 11.69000, 30.07209
1170, 11.70000, 28.50956
1171, 11.71000, 33.25199
1172, 11.72000, 35.96840
1173, 11.73000, 33.56054
1174, 11.74000, 31.26557
1175, 11.75000, 29.35951
1176, 11.76000, 24.99189
1177, 11.77000, 27.45209
1178, 11.78000, 25.43747
1179, 11.79000, 26.00441
1180, 11.80000, 27.67475
1181, 11.81000, 24.69753
1182, 11.82000, 26.56995
1183, 11.83000, 23.74943
1184, 11.84000, 19.97304
1185, 11.85000, 24.36671
1186, 11.86000, 32.30377
1187, 11.87000, 29.59273
1188, 11.88000, 28.02146
1189, 11.89000, 29.20582
1190, 11.90000, 28.93321
1191, 11.91000, 30.62861
1192, 11.92000, 28.82890
1193, 11.93000, 25.31391
1194, 11.94000, 29.74104
1195, 11.95000, 22.55024
1196, 11.96000, 16.48540
1197, 11.97000, 14.31655
1198, 11.98000, 20.48692
1199, 11.99000, 23.05906
1200, 12.00000, 33.44661
1201, 12.01000, 32.77202
1202, 12.02000, 23.83482
1203, 12.03000, 22.02052
1204, 12.04000, 27.14553
1205, 12.05000, 30.28255
1206, 12.06000, 28.11617
1207, 12.07000, 29.39037
1208, 12.08000, 35.99871
1209, 12.09000, 33.56744
1210, 12.10000, 22.93828
1211, 12.11000, 22.25313
1212, 12.12000, 30.13405
1213, 12.13000, 28.15915
1214, 12.14000, 21.90317
1215, 12.15000, 22.92865
1216, 12.16000, 34.48550
1217, 12.17000, 32.03592
1218, 12.18000, 30.62482
1219, 12.19000, 29.10777
1220, 12.20000, 24.25030
1221, 12.21000, 31.29002
1222, 12.22000, 30.96830
1223, 12.23000, 34.03573
1224, 12.24000, 26.58735
1225, 12.25000, 23.66499
1226, 12.26000, 21.14437
1227, 12.27000, 28.22117
1228, 12.28000, 21.13592
1229, 12.29000, 21.08291
1230, 12.30000, 20.41454
1231, 12.31000, 20.81602
1232, 12.32000, 25.72005
1233, 12.33000, 34.84838
1234, 12.34000, 27.32502
1235, 12.35000, 28.55223
1236, 12.36000, 26.65947
1237, 12.37000, 29.33452
1238, 12.38000, 36.61464
1239, 12.39000, 38.13456
1240, 12.40000, 31.15290
1241, 12.41000, 29.16273
1242, 12.42000, 31.67081
1243, 12.43000, 25.59282
1244, 12.44000, 26.85571
1245, 12.45000, 20.53670
1246, 12.46000, 24.07989
1247, 12.47000, 25.78561
1248, 12.48000, 24.28930
1249, 12.49000, 22.55266
1250, 12.50000, 29.29381
1251, 12.51000, 30.43659
1252, 12.52000, 26.56466
1253, 12.53000, 29.21346
1254, 12.54000, 26.54827
1255, 12.55000, 33.25535
1256, 12.56000, 24.85984
1257, 12.57000, 24.02452
1258, 12.58000, 35.11668
1259, 12.59000, 24.31913
1260, 12.60000, 28.16487
1261, 12.61000, 30.33290
1262, 12.62000, 25.00271
1263, 12.63000, 22.81280
1264, 12.64000, 25.58601
1265, 12.65000, 21.60025
1266, 12.66000, 23.55985
1267, 12.67000, 24.79473
1268, 12.68000, 25.39277
1269, 12.69000, 26.67541
1270, 12.70000, 28.16640
1271, 12.71000, 28.87869
1272, 12.72000, 29.74524
1273, 12.73000, 29.08302
1274, 12.74000, 29.71073
1275, 12.75000, 26.82132
1276, 12.76000, 27.51389
1277, 12.77000, 19.12784
1278, 12.78000, 18.55512
1279, 12.79000, 16.65301
1280, 12.80000, 19.32836
1281, 12.81000, 17.90342
1282, 12.82000, 21.40936
1283, 12.83000, 28.99774
1284, 12.84000, 22.46752
1285, 12.85000, 22.58814
1286, 12.86000, 26.34064
1287, 12.87000, 31.03323
1288, 12.88000, 35.30457
1289, 12.89000, 33.88220
1290, 12.90000, 25.71193
1291, 12.91000, 26.72021
1292, 12.92000, 30.07858
1293, 12.93000, 31.90506
1294, 12.94000, 28.29210
1295, 12.95000, 29.88729
1296, 12.96000, 23.53145
1297, 12.97000, 18.50208
1298, 12.98000, 20.50594
1299, 12.99000, 22.40959
1300, 13.00000, 30.39331
1301, 13.01000, 30.70175
1302, 13.02000, 36.28908
1303, 13.03000, 25.45680
1304, 13.04000, 19.71701
1305, 13.05000, 18.47256
1306, 13.06000, 25.80738
1307, 13.07000, 27.04228
1308, 13.08000, 29.54496
1309, 13.09000, 25.94540
1310, 13.10000, 21.64220
1311, 13.11000, 23.51462
1312, 13.12000, 19.97644
1313, 13.13000, 21.70487
1314, 13.14000, 26.30062
1315, 13.15000, 19.26615
1316, 13.16000, 22.07181
1317, 13.17000, 19.03597
1318, 13.18000, 23.98712
1319, 13.19000, 21.09301
1320, 13.20000, 28.91616
1321, 13.21000, 23.13689
1322, 13.22000, 30.32150
1323, 13.23000, 29.21868
1324, 13.24000, 21.82789
1325, 13.25000, 34.79754
1326, 13.26000, 28.81422
1327, 13.27000, 28.45162
1328, 13.28000, 29.16791
1329, 13.29000, 19.76991
1330, 13.30000, 18.92467
1331, 13.31000, 18.81406
1332, 13.32000, 14.66096
1333, 13.33000, 17.93071
1334, 13.34000, 23.07370
1335, 13.35000, 27.23882
1336, 13.36000, 26.85040
1337, 13.37000, 26.77272
1338, 13.38000, 24.53610
1339, 13.39000, 25.29973
1340, 13.40000, 30.29150
1341, 13.41000, 28.83849
1342, 13.42000, 28.00909
1343, 13.43000, 30.03833
1344, 13.44000, 27.97336
1345, 13.45000, 21.47077
1346, 13.46000, 26.30926
1347, 13.47000, 24.33311
1348, 13.48000, 26.02590
1349, 13.49000, 25.75044
1350, 13.50000, 32.43011
1351, 13.51000, 23.49408
1352, 13.52000, 32.10340
1353, 13.53000, 21.61335
1354, 13.54000, 19.97579
1355, 13.55000, 24.14755
1356, 13.56000, 22.53046
1357, 13.57000, 24.65367
1358, 13.58000, 34.19185
1359, 13.59000, 35.41380
1360, 13.60000, 29.55121
1361, 13.61000, 22.33519
1362, 13.62000, 28.01229
1363, 13.63000, 21.54169
1364, 13.64000, 19.59790
1365, 13.65000, 26.97727
1366, 13.66000, 19.39416
1367, 13.67000, 23.31291
1368, 13.68000, 23.62409
1369, 13.69000, 36.84337
1370, 13.70000, 36.04601
1371, 13.71000, 28.15065
1372, 13.72000, 30.19817
1373, 13.73000, 31.80441
1374, 13.74000, 33.52583
1375, 13.75000, 30.46139
1376, 13.76000, 28.05327
1377, 13.77000, 17.01858
1378, 13.78000, 17.59513
1379, 13.79000, 23.57642
1380, 13.80000, 19.58561
1381, 13.81000, 22.67731
1382, 13.82000, 21.64868
1383, 13.83000, 22.60403
1384, 13.84000, 20.91058
1385, 13.85000, 26.49793
1386, 13.86000, 28.93435
1387, 13.87000, 24.89189
1388, 13.88000, 32.77999
1389, 13.89000, 27.98948
1390, 13.90000, 25.98327
1391, 13.91000, 32.12012
1392, 13.92000, 33.51267
1393, 13.93000, 25.77298
1394, 13.94000, 25.53766
1395, 13.95000, 27.03489
1396, 13.96000, 26.26174
1397, 13.97000, 26.34658
1398, 13.98000, 24.76855
1399, 13.99000, 22.01450
1400, 14.00000, 33.89071
1401, 14.01000, 28.25372
1402, 14.02000, 28.24543
1403, 14.03000, 32.22241
1404, 14.04000, 21.73087
1405, 14.05000, 24.70808
1406, 14.06000, 30.00902
1407, 14.07000, 35.80514
1408, 14.08000, 29.63752
1409, 14.09000, 29.82312
1410, 14.10000, 27.68550
1411, 14.11000, 29.19002
1412, 14.12000, 26.94506
1413, 14.13000, 18.75344
1414, 14.14000, 20.10453
1415, 14.15000, 19.47527
1416, 14.16000, 23.40075
1417, 14.17000, 28.46930
1418, 14.18000, 27.58336
1419, 14.19000, 29.66273
1420, 14.20000, 26.04430
1421, 14.21000, 26.24037
1422, 14.22000, 23.69121
1423, 14.23000, 26.34618
1424, 14.24000, 34.36036
1425, 14.25000, 28.16854
1426, 14.26000, 32.11703
1427, 14.27000, 23.46126
1428, 14.28000, 22.33470
1429, 14.29000, 37.57349
1430, 14.30000, 23.81904
1431, 14.31000, 28.02412
1432, 14.32000, 23.12417
1433, 14.33000, 22.05313
1434, 14.34000, 29.98260
1435, 14.35000, 22.24181
1436, 14.36000, 25.22976
1437, 14.37000, 25.69540
1438, 14.38000, 28.51614
1439, 14.39000, 32.18633
1440, 14.40000, 34.02603
1441, 14.41000, 36.45989
1442, 14.42000, 33.97196
1443, 14.43000, 31.43426
1444, 14.44000, 22.07503
1445, 14.45000, 17.96404
1446, 14.46000, 20.13951
1447, 14.47000, 26.35578
1448, 14.48000, 22.66851
1449, 14.49000, 18.55524
1450, 14.50000, 22.87327
1451, 14.51000, 15.54490
1452, 14.52000, 19.40775
1453, 14.53000, 20.49296
1454, 14.54000, 24.70827
1455, 14.55000, 24.33595
1456, 14.56000, 29.78824
1457, 14.57000, 31.29749
1458, 14.58000, 34.61081
1459, 14.59000, 29.34500
1460, 14.60000, 24.42508
1461, 14.61000, 19.97634
1462, 14.62000, 22.46745
1463, 14.63000, 23.71572
1464, 14.64000, 22.51720
1465, 14.65000, 21.74382
1466, 14.66000, 20.53945
1467, 14.67000, 30.71011
1468, 14.68000, 34.17504
1469, 14.69000, 33.28101
1470, 14.70000, 26.51837
1471, 14.71000, 29.36591
1472, 14.72000, 29.31441
1473, 14.73000, 31.66556
1474, 14.74000, 32.54816
1475, 14.75000, 31.06322
1476, 14.76000, 27.87297
1477, 14.77000, 22.05396
1478, 14.78000, 19.17896
1479, 14.79000, 16.73433
1480, 14.80000, 14.84332
1481, 14.81000, 21.43394
1482, 14.82000, 21.45470
1483, 14.83000, 23.02928
1484, 14.84000, 27.79610
1485, 14.85000, 28.16861
1486, 14.86000, 20.25281
1487, 14.87000, 29.31532
1488, 14.88000, 28.14287
1489, 14.89000, 33.29626
1490, 14.90000, 30.24363
1491, 14.91000, 21.35955
1492, 14.92000, 22.16207
1493, 14.93000, 24.39326
1494, 14.94000, 25.37602
1495, 14.95000, 27.78657
1496, 14.96000, 15.96772
1497, 14.97000, 15.47826
1498, 14.98000, 18.06548
1499, 14.99000, 20.06756
1500, 15.00000, 25.99201
1501, 15.01000, 33.52950
1502, 15.02000, 29.41993
1503, 15.03000, 26.51288
1504, 15.04000, 23.04059
1505, 15.05000, 25.66460
1506, 15.06000, 25.38625
1507, 15.07000, 32.38152
1508, 15.08000, 30.40483
1509, 15.09000, 25.16080
1510, 15.10000, 21.85439
1511, 15.11000, 18.66770
1512, 15.12000, 16.07908
1513, 15.13000, 21.72598
1514, 15.14000, 24.76312
1515, 15.15000, 23.46472
1516, 15.16000, 25.18754
1517, 15.17000, 30.62210
1518, 15.18000, 22.58154
1519, 15.19000, 26.08276
1520, 15.20000, 29.56831
1521, 15.21000, 25.20750
1522, 15.22000, 25.99596
1523, 15.23000, 23.14574
1524, 15.24000, 27.08524
1525, 15.25000, 29.88177
1526, 15.26000, 32.73177
1527, 15.27000, 32.12085
1528, 15.28000, 28.51786
1529, 15.29000, 30.05590
1530, 15.30000, 25.11850
1531, 15.31000, 23.34646
1532, 15.32000, 23.65094
1533, 15.33000, 21.38630
1534, 15.34000, 27.41257
1535, 15.35000, 26.94322
1536, 15.36000, 23.97850
1537, 15.37000, 30.43927
1538, 15.38000, 28.68347
1539, 15.39000, 28.95854
1540, 15.40000, 26.76252
1541, 15.41000, 24.64157
1542, 15.42000, 31.83774
1543, 15.43000, 22.68382
1544, 15.44000, 20.94421
1545, 15.45000, 18.33421
1546, 15.46000, 18.83200
1547, 15.47000, 18.28880
1548, 15.48000, 20.84573
1549, 15.49000, 17.77286
1550, 15.50000, 22.49477
1551, 15.51000, 21.56747
1552, 15.52000, 24.33312
1553, 15.53000, 25.73680
1554, 15.54000, 25.93944
1555, 15.55000, 31.21560
1556, 15.56000, 35.37294
1557, 15.57000, 32.00013
1558, 15.58000, 26.45539
1559, 15.59000, 30.34112
1560, 15.60000, 31.58038
1561, 15.61000, 27.50212
1562, 15.62000, 29.66286
1563, 15.63000, 23.19260
1564, 15.64000, 22.98869
1565, 15.65000, 22.14350
1566, 15.66000, 17.54729
1567, 15.67000, 21.65913
1568, 15.68000, 27.11702
1569, 15.69000, 29.84998
1570, 15.70000, 28.48824
1571, 15.71000, 26.72857
1572, 15.72000, 21.47982
1573, 15.73000, 23.30640
1574, 15.74000, 22.31185
1575, 15.75000, 29.50070
1576, 15.76000, 32.13577
1577, 15.77000, 32.57311
1578, 15.78000, 26.08308
1579, 15.79000, 16.95223
1580, 15.80000, 27.17624
1581, 15.81000, 20.88739
1582, 15.82000, 22.19389
1583, 15.83000, 19.42536
1584, 15.84000, 28.61620
1585, 15.85000, 27.72328
1586, 15.86000, 27.86587
1587, 15.87000, 25.99523
1588, 15.88000, 28.92511
1589, 15.89000, 28.77777
1590, 15.90000, 29.60898
1591, 15.91000, 28.30375
1592, 15.92000, 33.34892
1593, 15.93000, 29.02469
1594, 15.94000, 25.98272
1595, 15.95000, 25.72075
1596, 15.96000, 26.34051
1597, 15.97000, 21.20994
1598, 15.98000, 21.43435
1599, 15.99000, 21.52109
1600, 16.00000, 21.14987
1601, 16.01000, 28.23968
1602, 16.02000, 30.62183
1603, 16.03000, 29.97885
1604, 16.04000, 32.97576
1605, 16.05000, 24.11891
1606, 16.06000, 22.67582
1607, 16.07000, 19.57448
1608, 16.08000, 22.22129
1609, 16.09000, 24.66187
1610, 16.10000, 28.90746
1611, 16.11000, 16.95154
1612, 16.12000, 21.73203
1613, 16.13000, 23.61761
1614, 16.14000, 24.18594
1615, 16.15000, 23.31292
1616, 16.16000, 24.53082
1617, 16.17000, 23.71279
1618, 16.18000, 27.57205
1619, 16.19000, 33.24019
1620, 16.20000, 31.23238
1621, 16.21000, 28.09418
1622, 16.22000, 28.48675
1623, 16.23000, 30.49707
1624, 16.24000, 22.33281
1625, 16.25000, 32.98119
1626, 16.26000, 26.18669
1627, 16.27000, 24.64082
1628, 16.28000, 22.88987
1629, 16.29000, 19.52432
1630, 16.30000, 18.74474
1631, 16.31000, 23.76066
1632, 16.32000, 29.35420
1633, 16.33000, 24.31385
1634, 16.34000, 32.05191
1635, 16.35000, 31.42763
1636, 16.36000, 30.08280
1637, 16.37000, 25.23937
1638, 16.38000, 27.74500
1639, 16.39000, 25.38084
1640, 16.40000, 23.89458
1641, 16.41000, 22.31936
1642, 16.42000, 27.50027
1643, 16.43000, 21.46534
1644, 16.44000, 16.96653
1645, 16.45000, 19.25319
1646, 16.46000, 22.26194
1647, 16.47000, 23.37185
1648, 16.48000, 22.17391
1649, 16.49000, 24.41409
1650, 16.50000, 30.37881
1651, 16.51000, 39.61709
1652, 16.52000, 27.24269
1653, 16.53000, 27.24333
1654, 16.54000, 25.38335
1655, 16.55000, 28.51126
1656, 16.56000, 31.09057
1657, 16.57000, 33.39079
1658, 16.58000, 34.59067
1659, 16.59000, 36.61781
1660, 16.60000, 30.33073
1661, 16.61000, 32.95884
1662, 16.62000, 31.07408
1663, 16.63000, 29.31831
1664, 16.64000, 17.33561
1665, 16.65000, 15.37965
1666, 16.66000, 21.36283
1667, 16.67000, 21.66462
1668, 16.68000, 26.29760
1669, 16.69000, 24.17793
1670, 16.70000, 30.25741
1671, 16.71000, 36.56357
1672, 16.72000, 28.62401
1673, 16.73000, 26.20992
1674, 16.74000, 27.24187
1675, 16.75000, 27.27841
1676, 16.76000, 25.97594
1677, 16.77000, 24.83834
1678, 16.78000, 16.71207
1679, 16.79000, 23.63978
1680, 16.80000, 26.38091
1681, 16.81000, 23.04913
1682, 16.82000, 27.21875
1683, 16.83000, 26.84815
1684, 16.84000, 21.77466
1685, 16.85000, 21.79298
1686, 16.86000, 24.53335
1687, 16.87000, 21.59207
1688, 16.88000, 22.06760
1689, 16.89000, 23.20795
1690, 16.90000, 21.48506
1691, 16.91000, 22.12463
1692, 16.92000, 28.94229
1693, 16.93000, 30.95471
1694, 16.94000, 24.79391
1695, 16.95000, 31.10501
1696, 16.96000, 23.43253
1697, 16.97000, 23.34359
1698, 16.98000, 22.20687
1699, 16.99000, 17.24024
1700, 17.00000, 18.72039
1701, 17.01000, 37.81150
1702, 17.02000, 29.04656
1703, 17.03000, 23.39960
1704, 17.04000, 25.56161
1705, 17.05000, 23.97148
1706, 17.06000, 25.87750
1707, 17.07000, 24.76799
1708, 17.08000, 25.50734
1709, 17.09000, 32.90323
1710, 17.10000, 28.40487
1711, 17.11000, 24.05369
1712, 17.12000, 28.82881
1713, 17.13000, 21.93694
1714, 17.14000, 24.09526
1715, 17.15000, 25.96961
1716, 17.16000, 26.36286
1717, 17.17000, 28.02216
1718, 17.18000, 29.26924
1719, 17.19000, 23.38449
1720, 17.20000, 26.33567
1721, 17.21000, 22.49919
1722, 17.22000, 21.51743
1723, 17.23000, 17.52938
1724, 17.24000, 19.56960
1725, 17.25000, 26.16797
1726, 17.26000, 32.10823
1727, 17.27000, 30.49458
1728, 17.28000, 27.50765
1729, 17.29000, 31.26440
1730, 17.30000, 22.60557
1731, 17.31000, 20.54905
1732, 17.32000, 27.10738
1733, 17.33000, 26.14796
1734, 17.34000, 27.38826
1735, 17.35000, 35.57214
1736, 17.36000, 35.30264
1737, 17.37000, 34.29772
1738, 17.38000, 26.76112
1739, 17.39000, 33.68615
1740, 17.40000, 34.64635
1741, 17.41000, 23.75604
1742, 17.42000, 24.16962
1743, 17.43000, 23.44103
1744, 17.44000, 29.35504
1745, 17.45000, 26.43570
1746, 17.46000, 19.15373
1747, 17.47000, 19.59441
1748, 17.48000, 20.78772
1749, 17.49000, 29.87935
1750, 17.50000, 24.40588
1751, 17.51000, 25.64985
1752, 17.52000, 19.76696
1753, 17.53000, 26.00468
1754, 17.54000, 24.41416
1755, 17.55000, 32.49070
1756, 17.56000, 29.95706
1757, 17.57000, 30.19933
1758, 17.58000, 21.59405
1759, 17.59000, 25.90326
1760, 17.60000, 29.38402
1761, 17.61000, 28.89110
1762, 17.62000, 25.95725
1763, 17.63000, 24.16160
1764, 17.64000, 27.62679
1765, 17.65000, 22.26222
1766, 17.66000, 24.48822
1767, 17.67000, 22.08648
1768, 17.68000, 30.29663
1769, 17.69000, 28.38544
1770, 17.70000, 33.87770
1771, 17.71000, 29.51779
1772, 17.72000, 26.41283
1773, 17.73000, 32.23901
1774, 17.74000, 29.59165
1775, 17.75000, 28.82205
1776, 17.76000, 25.12714
1777, 17.77000, 33.23110
1778, 17.78000, 29.85238
1779, 17.79000, 21.25019
1780, 17.80000, 16.71004
1781, 17.81000, 15.14441
1782, 17.82000, 19.41007
1783, 17.83000, 21.47730
1784, 17.84000, 30.37813
1785, 17.85000, 24.52777
1786, 17.86000, 37.25591
1787, 17.87000, 31.55141
1788, 17.88000, 28.20502
1789, 17.89000, 33.23983
1790, 17.90000, 32.29959
1791, 17.91000, 22.96097
1792, 17.92000, 22.99036
1793, 17.93000, 25.26060
1794, 17.94000, 27.76995
1795, 17.95000, 29.16430
1796, 17.96000, 27.88150
1797, 17.97000, 23.87198
1798, 17.98000, 22.33116
1799, 17.99000, 24.82779
1800, 18.00000, 20.16457
1801, 18.01000, 24.40985
1802, 18.02000, 23.32287
1803, 18.03000, 21.92226
1804, 18.04000, 23.32462
1805, 18.05000, 27.29562
1806, 18.06000, 23.11937
1807, 18.07000, 21.68082
1808, 18.08000, 28.54941
1809, 18.09000, 27.31355
1810, 18.10000, 26.44974
1811, 18.11000, 25.94801
1812, 18.12000, 22.79137
1813, 18.13000, 21.14912
1814, 18.14000, 17.87669
1815, 18.15000, 17.57740
1816, 18.16000, 21.71437
1817, 18.17000, 20.40108
1818, 18.18000, 22.32366
1819, 18.19000, 16.59812
1820, 18.20000, 21.78611
1821, 18.21000, 20.18426
1822, 18.22000, 24.72829
1823, 18.23000, 22.84999
1824, 18.24000, 20.39301
1825, 18.25000, 23.39401
1826, 18.26000, 20.68391
1827, 18.27000, 27.07255
1828, 18.28000, 25.26525
1829, 18.29000, 27.30322
1830, 18.30000, 21.08835
1831, 18.31000, 19.61919
1832, 18.32000, 17.18638
1833, 18.33000, 17.83929
1834, 18.34000, 19.32919
1835, 18.35000, 25.05894
1836, 18.36000, 26.03850
1837, 18.37000, 24.15801
1838, 18.38000, 25.70972
1839, 18.39000, 24.15267
1840, 18.40000, 19.85509
1841, 18.41000, 26.24177
1842, 18.42000, 20.20222
1843, 18.43000, 24.45630
1844, 18.44000, 25.48246
1845, 18.45000, 18.51633
1846, 18.46000, 21.59988
1847, 18.47000, 21.77931
1848, 18.48000, 19.17656
1849, 18.49000, 19.07210
1850, 18.50000, 20.31530
1851, 18.51000, 17.74781
1852, 18.52000, 20.68304
1853, 18.53000, 22.93672
1854, 18.54000, 25.84985
1855, 18.55000, 29.16763
1856, 18.56000, 21.56405
1857, 18.57000, 20.81126
1858, 18.58000, 19.77756
1859, 18.59000, 18.58593
1860, 18.60000, 22.17698
1861, 18.61000, 22.75184
1862, 18.62000, 22.11619
1863, 18.63000, 17.25250
1864, 18.64000, 16.86426
1865, 18.65000, 15.88022
1866, 18.66000, 19.22911
1867, 18.67000, 19.31750
1868, 18.68000, 26.68955
1869, 18.69000, 25.17888
1870, 18.70000, 21.81932
1871, 18.71000, 19.79809
1872, 18.72000, 18.46948
1873, 18.73000, 21.38317
1874, 18.74000, 18.70264
1875, 18.75000, 20.90542
1876, 18.76000, 17.43074
1877, 18.77000, 15.34677
1878, 18.78000, 15.82304
1879, 18.79000, 20.49890
1880, 18.80000, 17.56004
1881, 18.81000, 17.53385
1882, 18.82000, 19.29216
1883, 18.83000, 18.28087
1884, 18.84000, 14.01536
1885, 18.85000, 21.04104
1886, 18.86000, 17.86304
1887, 18.87000, 18.58205
1888, 18.88000, 17.02329
1889, 18.89000, 20.04968
1890, 18.90000, 17.63432
1891, 18.91000, 16.79044
1892, 18.92000, 20.72637
1893, 18.93000, 23.72986
1894, 18.94000, 20.89688
1895, 18.95000, 18.56738
1896, 18.96000, 18.01037
1897, 18.97000, 16.71643
1898, 18.98000, 15.41109
1899, 18.99000, 13.81711
1900, 19.00000, 15.77836
1901, 19.01000, 23.08443
1902, 19.02000, 25.04644
1903, 19.03000, 20.31178
1904, 19.04000, 20.63205
1905, 19.05000, 18.55769
1906, 19.06000, 19.80502
1907, 19.07000, 21.72444
1908, 19.08000, 21.17531
1909, 19.09000, 20.51298
1910, 19.10000, 14.64202
1911, 19.11000, 18.72403
1912, 19.12000, 16.19174
1913, 19.13000, 15.84475
1914, 19.14000, 14.61079
1915, 19.15000, 12.08766
1916, 19.16000, 18.67016
1917, 19.17000, 15.00766
1918, 19.18000, 23.47453
1919, 19.19000, 14.74870
1920, 19.20000, 18.86554
1921, 19.21000, 20.71637
1922, 19.22000, 21.15342
1923, 19.23000, 18.73276
1924, 19.24000, 19.28739
1925, 19.25000, 27.05765
1926, 19.26000, 22.37455
1927, 19.27000, 20.38600
1928, 19.28000, 17.79165
1929, 19.29000, 22.82688
1930, 19.30000, 15.77597
1931, 19.31000, 15.49188
1932, 19.32000, 14.02349
1933, 19.33000, 13.91548
1934, 19.34000, 14.00852
1935, 19.35000, 15.08370
1936, 19.36000, 25.18088
1937, 19.37000, 26.49617
1938, 19.38000, 20.54796
1939, 19.39000, 18.94583
1940, 19.40000, 17.18107
1941, 19.41000, 17.91378
1942, 19.42000, 17.58400
1943, 19.43000, 19.65587
1944, 19.44000, 16.73450
1945, 19.45000, 12.84187
1946, 19.46000, 12.87482
1947, 19.47000, 16.50092
1948, 19.48000, 14.39129
1949, 19.49000, 12.71661
1950, 19.50000, 14.65093
1951, 19.51000, 14.49087
1952, 19.52000, 18.60214
1953, 19.53000, 16.76678
1954, 19.54000, 17.17657
1955, 19.55000, 15.20026
1956, 19.56000, 16.35833
1957, 19.57000, 16.12597
1958, 19.58000, 16.07963
1959, 19.59000, 19.75693
1960, 19.60000, 18.94093
1961, 19.61000, 15.47526
1962, 19.62000, 17.71171
1963, 19.63000, 17.31582
1964, 19.64000, 15.42430
1965, 19.65000, 13.60840
1966, 19.66000, 13.01975
1967, 19.67000, 12.57080
1968, 19.68000, 14.45744
1969, 19.69000, 15.85849
1970, 19.70000, 14.47296
1971, 19.71000, 16.14169
1972, 19.72000, 18.33653
1973, 19.73000, 13.00460
1974, 19.74000, 15.45014
1975, 19.75000, 15.14669
1976, 19.76000, 15.24025
1977, 19.77000, 14.34741
1978, 19.78000, 16.44023
1979, 19.79000, 11.95885
1980, 19.80000, 9.61135
1981, 19.81000, 13.19099
1982, 19.82000, 9.82188
1983, 19.83000, 12.89155
1984, 19.84000, 12.01217
1985, 19.85000, 13.22832
1986, 19.86000, 12.08372
1987, 19.87000, 13.40974
1988, 19.88000, 15.66684
1989, 19.89000, 13.06640
1990, 19.90000, 12.97314
1991, 19.91000, 15.64772
1992, 19.92000, 14.19447
1993, 19.93000, 14.58817
1994, 19.94000, 15.32506
1995, 19.95000, 14.69353
1996, 19.96000, 15.35463
1997, 19.97000, 11.64205
1998, 19.98000, 14.70669
1999, 19.99000, 14.35934
2000, 20.00000, 12.05206
2001, 20.01000, 10.74360
