nt, t, solve_time
1, 0.01000, 43.77285
2, 0.02000, 41.32703
3, 0.03000, 56.28952
4, 0.04000, 59.42359
5, 0.05000, 56.65807
6, 0.06000, 36.34281
7, 0.07000, 58.98286
8, 0.08000, 39.66995
9, 0.09000, 30.53532
10, 0.10000, 32.93801
11, 0.11000, 27.77751
12, 0.12000, 35.20287
13, 0.13000, 26.87265
14, 0.14000, 34.05360
15, 0.15000, 36.06605
16, 0.16000, 27.13239
17, 0.17000, 27.99404
18, 0.18000, 29.88171
19, 0.19000, 37.14799
20, 0.20000, 33.81707
21, 0.21000, 54.08724
22, 0.22000, 39.50070
23, 0.23000, 48.66447
24, 0.24000, 54.73282
25, 0.25000, 44.74520
26, 0.26000, 46.78041
27, 0.27000, 46.63464
28, 0.28000, 56.27729
29, 0.29000, 35.47364
30, 0.30000, 37.13774
31, 0.31000, 38.11231
32, 0.32000, 34.37063
33, 0.33000, 30.30265
34, 0.34000, 25.02131
35, 0.35000, 36.71351
36, 0.36000, 28.27376
37, 0.37000, 29.52043
38, 0.38000, 41.54027
39, 0.39000, 38.55441
40, 0.40000, 36.69363
41, 0.41000, 30.02668
42, 0.42000, 39.46869
43, 0.43000, 20.64084
44, 0.44000, 30.40076
45, 0.45000, 41.53880
46, 0.46000, 27.71944
47, 0.47000, 29.34527
48, 0.48000, 22.37632
49, 0.49000, 21.50359
50, 0.50000, 15.77075
51, 0.51000, 13.54890
52, 0.52000, 14.94054
53, 0.53000, 17.42942
54, 0.54000, 17.24582
55, 0.55000, 19.22842
56, 0.56000, 23.58130
57, 0.57000, 18.49185
58, 0.58000, 21.49286
59, 0.59000, 16.51975
60, 0.60000, 22.12251
61, 0.61000, 21.24284
62, 0.62000, 21.99196
63, 0.63000, 25.97550
64, 0.64000, 24.58728
65, 0.65000, 19.15410
66, 0.66000, 28.02379
67, 0.67000, 25.17773
68, 0.68000, 37.87917
69, 0.69000, 32.50252
70, 0.70000, 20.33445
71, 0.71000, 21.18562
72, 0.72000, 16.42090
73, 0.73000, 26.57777
74, 0.74000, 27.16979
75, 0.75000, 27.01424
76, 0.76000, 18.76460
77, 0.77000, 24.57597
78, 0.78000, 31.59441
79, 0.79000, 27.41914
80, 0.80000, 29.25071
81, 0.81000, 31.52662
82, 0.82000, 42.14849
83, 0.83000, 26.63493
84, 0.84000, 34.10606
85, 0.85000, 32.17520
86, 0.86000, 28.41276
87, 0.87000, 24.38377
88, 0.88000, 20.26132
89, 0.89000, 33.91498
90, 0.90000, 30.13672
91, 0.91000, 29.09348
92, 0.92000, 29.17716
93, 0.93000, 28.62167
94, 0.94000, 26.19870
95, 0.95000, 17.98138
96, 0.96000, 27.89584
97, 0.97000, 29.91233
98, 0.98000, 20.86619
99, 0.99000, 22.55481
100, 1.00000, 27.89703
101, 1.01000, 20.38053
102, 1.02000, 22.81996
103, 1.03000, 22.08317
104, 1.04000, 20.74397
105, 1.05000, 23.06376
106, 1.06000, 49.80006
107, 1.07000, 35.95049
108, 1.08000, 20.44639
109, 1.09000, 27.98691
110, 1.10000, 17.95144
111, 1.11000, 34.63503
112, 1.12000, 28.26275
113, 1.13000, 44.81253
114, 1.14000, 40.34259
115, 1.15000, 28.53073
116, 1.16000, 40.52045
117, 1.17000, 36.35777
118, 1.18000, 37.23356
119, 1.19000, 26.10222
120, 1.20000, 26.38863
121, 1.21000, 24.31837
122, 1.22000, 35.88002
123, 1.23000, 35.11084
124, 1.24000, 29.32305
125, 1.25000, 29.96249
126, 1.26000, 44.94388
127, 1.27000, 36.57516
128, 1.28000, 42.95842
129, 1.29000, 35.25601
130, 1.30000, 40.18726
131, 1.31000, 35.17584
132, 1.32000, 40.21305
133, 1.33000, 36.75671
134, 1.34000, 39.12811
135, 1.35000, 47.13562
136, 1.36000, 47.55132
137, 1.37000, 42.64966
138, 1.38000, 43.89083
139, 1.39000, 34.03833
140, 1.40000, 32.91645
141, 1.41000, 44.37850
142, 1.42000, 33.48258
143, 1.43000, 49.23075
144, 1.44000, 40.51590
145, 1.45000, 48.42039
146, 1.46000, 39.22540
147, 1.47000, 42.51986
148, 1.48000, 34.02734
149, 1.49000, 35.36285
150, 1.50000, 39.04852
151, 1.51000, 44.11020
152, 1.52000, 44.31683
153, 1.53000, 32.02461
154, 1.54000, 35.59912
155, 1.55000, 33.68854
156, 1.56000, 31.69019
157, 1.57000, 29.16391
158, 1.58000, 43.45930
159, 1.59000, 35.77369
160, 1.60000, 29.36267
161, 1.61000, 30.35390
162, 1.62000, 36.52597
163, 1.63000, 32.25811
164, 1.64000, 38.08685
165, 1.65000, 27.10768
166, 1.66000, 30.09111
167, 1.67000, 27.46993
168, 1.68000, 36.62116
169, 1.69000, 41.53218
170, 1.70000, 36.81060
171, 1.71000, 46.42121
172, 1.72000, 30.12137
173, 1.73000, 35.10821
174, 1.74000, 25.50140
175, 1.75000, 37.50636
176, 1.76000, 35.18342
177, 1.77000, 32.66053
178, 1.78000, 51.72430
179, 1.79000, 41.67843
180, 1.80000, 36.03120
181, 1.81000, 31.78103
182, 1.82000, 37.42956
183, 1.83000, 36.39530
184, 1.84000, 37.50413
185, 1.85000, 33.54524
186, 1.86000, 33.58079
187, 1.87000, 40.82048
188, 1.88000, 33.66778
189, 1.89000, 43.56044
190, 1.90000, 34.25600
191, 1.91000, 34.61941
192, 1.92000, 37.87633
193, 1.93000, 37.14600
194, 1.94000, 29.57097
195, 1.95000, 24.71864
196, 1.96000, 27.36691
197, 1.97000, 40.24453
198, 1.98000, 35.24455
199, 1.99000, 34.77603
200, 2.00000, 25.02622
201, 2.01000, 36.54860
202, 2.02000, 33.31599
203, 2.03000, 35.20929
204, 2.04000, 30.56946
205, 2.05000, 29.90711
206, 2.06000, 31.97630
207, 2.07000, 32.55379
208, 2.08000, 33.62779
209, 2.09000, 40.24259
210, 2.10000, 42.35608
211, 2.11000, 42.03457
212, 2.12000, 42.15517
213, 2.13000, 34.47290
214, 2.14000, 27.71115
215, 2.15000, 29.04294
216, 2.16000, 27.11692
217, 2.17000, 28.97058
218, 2.18000, 36.56139
219, 2.19000, 36.68344
220, 2.20000, 31.14082
221, 2.21000, 45.79384
222, 2.22000, 48.18316
223, 2.23000, 36.43710
224, 2.24000, 32.74794
225, 2.25000, 28.01075
226, 2.26000, 30.03146
227, 2.27000, 30.49031
228, 2.28000, 24.52795
229, 2.29000, 29.05621
230, 2.30000, 24.00537
231, 2.31000, 24.70020
232, 2.32000, 16.73316
233, 2.33000, 14.16932
234, 2.34000, 21.95647
235, 2.35000, 19.26575
236, 2.36000, 22.84277
237, 2.37000, 25.35047
238, 2.38000, 30.44640
239, 2.39000, 31.06776
240, 2.40000, 32.83724
241, 2.41000, 34.85074
242, 2.42000, 25.25343
243, 2.43000, 36.88371
244, 2.44000, 26.71642
245, 2.45000, 28.13674
246, 2.46000, 21.84049
247, 2.47000, 27.91169
248, 2.48000, 24.76773
249, 2.49000, 33.31948
250, 2.50000, 29.83869
251, 2.51000, 31.69412
252, 2.52000, 25.62185
253, 2.53000, 28.61912
254, 2.54000, 32.25421
255, 2.55000, 35.56555
256, 2.56000, 33.94504
257, 2.57000, 34.14526
258, 2.58000, 31.29275
259, 2.59000, 40.33998
260, 2.60000, 34.70457
261, 2.61000, 35.92653
262, 2.62000, 27.00550
263, 2.63000, 30.74917
264, 2.64000, 28.13074
265, 2.65000, 34.77178
266, 2.66000, 35.89614
267, 2.67000, 25.86680
268, 2.68000, 28.86246
269, 2.69000, 33.77104
270, 2.70000, 34.33489
271, 2.71000, 30.99257
272, 2.72000, 41.43863
273, 2.73000, 33.79274
274, 2.74000, 34.70343
275, 2.75000, 22.40606
276, 2.76000, 26.46436
277, 2.77000, 20.82047
278, 2.78000, 19.95860
279, 2.79000, 24.77201
280, 2.80000, 22.06324
281, 2.81000, 20.13331
282, 2.82000, 31.95356
283, 2.83000, 36.77181
284, 2.84000, 35.84737
285, 2.85000, 32.20794
286, 2.86000, 32.03011
287, 2.87000, 32.36142
288, 2.88000, 39.88444
289, 2.89000, 31.97356
290, 2.90000, 25.03989
291, 2.91000, 27.71233
292, 2.92000, 21.71532
293, 2.93000, 24.64163
294, 2.94000, 26.23702
295, 2.95000, 21.38283
296, 2.96000, 17.97458
297, 2.97000, 29.57922
298, 2.98000, 28.71654
299, 2.99000, 37.60121
300, 3.00000, 27.91088
301, 3.01000, 34.29470
302, 3.02000, 33.79360
303, 3.03000, 28.64160
304, 3.04000, 23.43363
305, 3.05000, 20.43755
306, 3.06000, 25.52244
307, 3.07000, 24.48610
308, 3.08000, 25.77526
309, 3.09000, 33.18225
310, 3.10000, 26.40054
311, 3.11000, 31.45816
312, 3.12000, 26.98860
313, 3.13000, 26.38846
314, 3.14000, 32.57397
315, 3.15000, 43.67427
316, 3.16000, 35.06566
317, 3.17000, 28.37901
318, 3.18000, 29.15860
319, 3.19000, 38.44235
320, 3.20000, 51.42428
321, 3.21000, 32.26327
322, 3.22000, 37.74097
323, 3.23000, 38.89453
324, 3.24000, 32.57368
325, 3.25000, 38.48652
326, 3.26000, 33.34123
327, 3.27000, 29.55665
328, 3.28000, 29.77598
329, 3.29000, 30.37073
330, 3.30000, 29.55537
331, 3.31000, 34.41748
332, 3.32000, 37.14569
333, 3.33000, 40.20597
334, 3.34000, 38.54961
335, 3.35000, 37.95476
336, 3.36000, 35.97063
337, 3.37000, 39.16014
338, 3.38000, 30.91639
339, 3.39000, 22.32421
340, 3.40000, 19.46645
341, 3.41000, 18.91549
342, 3.42000, 33.89824
343, 3.43000, 37.87190
344, 3.44000, 40.28308
345, 3.45000, 25.79472
346, 3.46000, 36.93959
347, 3.47000, 46.68300
348, 3.48000, 51.05302
349, 3.49000, 37.74720
350, 3.50000, 33.69286
351, 3.51000, 38.54313
352, 3.52000, 33.11482
353, 3.53000, 30.37100
354, 3.54000, 29.26074
355, 3.55000, 20.11811
356, 3.56000, 25.28684
357, 3.57000, 24.82371
358, 3.58000, 26.93965
359, 3.59000, 22.99865
360, 3.60000, 17.70773
361, 3.61000, 21.41919
362, 3.62000, 29.99187
363, 3.63000, 33.44461
364, 3.64000, 31.61924
365, 3.65000, 23.61829
366, 3.66000, 34.30141
367, 3.67000, 32.19808
368, 3.68000, 26.06964
369, 3.69000, 27.60499
370, 3.70000, 24.58969
371, 3.71000, 24.10129
372, 3.72000, 26.70770
373, 3.73000, 27.67005
374, 3.74000, 29.32266
375, 3.75000, 27.97447
376, 3.76000, 27.78705
377, 3.77000, 26.00936
378, 3.78000, 20.83695
379, 3.79000, 21.27375
380, 3.80000, 22.29065
381, 3.81000, 26.69378
382, 3.82000, 29.24104
383, 3.83000, 38.90037
384, 3.84000, 32.51998
385, 3.85000, 31.90635
386, 3.86000, 28.09767
387, 3.87000, 26.79524
388, 3.88000, 20.35050
389, 3.89000, 24.60662
390, 3.90000, 23.29217
391, 3.91000, 27.53699
392, 3.92000, 26.90518
393, 3.93000, 22.47056
394, 3.94000, 24.89494
395, 3.95000, 34.12464
396, 3.96000, 22.03278
397, 3.97000, 22.20230
398, 3.98000, 29.86111
399, 3.99000, 33.15074
400, 4.00000, 20.21892
401, 4.01000, 19.68167
402, 4.02000, 22.59286
403, 4.03000, 24.26032
404, 4.04000, 25.72431
405, 4.05000, 21.05588
406, 4.06000, 17.59627
407, 4.07000, 16.51926
408, 4.08000, 17.85023
409, 4.09000, 17.55185
410, 4.10000, 18.04176
411, 4.11000, 26.28723
412, 4.12000, 39.06270
413, 4.13000, 32.82620
414, 4.14000, 26.98361
415, 4.15000, 24.98449
416, 4.16000, 28.70791
417, 4.17000, 32.25226
418, 4.18000, 22.71794
419, 4.19000, 25.48770
420, 4.20000, 20.82283
421, 4.21000, 27.79923
422, 4.22000, 23.03446
423, 4.23000, 23.03217
424, 4.24000, 24.64834
425, 4.25000, 21.93523
426, 4.26000, 20.01684
427, 4.27000, 18.10782
428, 4.28000, 16.57864
429, 4.29000, 17.59001
430, 4.30000, 24.05641
431, 4.31000, 28.07265
432, 4.32000, 33.15846
433, 4.33000, 33.60317
434, 4.34000, 27.43757
435, 4.35000, 26.16817
436, 4.36000, 16.31491
437, 4.37000, 22.28277
438, 4.38000, 22.51267
439, 4.39000, 21.64181
440, 4.40000, 19.95292
441, 4.41000, 23.66631
442, 4.42000, 23.10063
443, 4.43000, 27.31577
444, 4.44000, 29.00098
445, 4.45000, 27.89962
446, 4.46000, 28.55178
447, 4.47000, 33.13088
448, 4.48000, 29.13071
449, 4.49000, 29.52861
450, 4.50000, 37.30478
451, 4.51000, 30.10730
452, 4.52000, 26.69897
453, 4.53000, 24.86478
454, 4.54000, 22.23737
455, 4.55000, 25.63686
456, 4.56000, 22.33988
457, 4.57000, 24.44815
458, 4.58000, 21.51468
459, 4.59000, 33.69489
460, 4.60000, 34.22605
461, 4.61000, 33.60686
462, 4.62000, 29.80822
463, 4.63000, 27.78636
464, 4.64000, 28.51069
465, 4.65000, 24.83443
466, 4.66000, 25.42434
467, 4.67000, 28.45366
468, 4.68000, 22.24771
469, 4.69000, 22.04979
470, 4.70000, 25.14457
471, 4.71000, 21.47923
472, 4.72000, 22.48692
473, 4.73000, 21.94796
474, 4.74000, 15.06702
475, 4.75000, 24.41915
476, 4.76000, 33.83853
477, 4.77000, 23.40615
478, 4.78000, 22.89673
479, 4.79000, 26.81104
480, 4.80000, 30.47354
481, 4.81000, 29.45659
482, 4.82000, 37.57516
483, 4.83000, 29.19870
484, 4.84000, 28.27239
485, 4.85000, 23.77167
486, 4.86000, 27.00177
487, 4.87000, 31.19326
488, 4.88000, 26.42318
489, 4.89000, 22.46051
490, 4.90000, 30.97128
491, 4.91000, 35.42466
492, 4.92000, 32.11176
493, 4.93000, 32.86327
494, 4.94000, 33.72207
495, 4.95000, 33.78930
496, 4.96000, 38.57362
497, 4.97000, 31.46622
498, 4.98000, 31.30332
499, 4.99000, 29.11701
500, 5.00000, 24.31595
501, 5.01000, 22.43328
502, 5.02000, 19.51797
503, 5.03000, 18.11701
504, 5.04000, 24.78861
505, 5.05000, 29.97143
506, 5.06000, 22.69700
507, 5.07000, 30.03967
508, 5.08000, 32.73168
509, 5.09000, 37.52191
510, 5.10000, 26.80293
511, 5.11000, 20.83068
512, 5.12000, 28.13823
513, 5.13000, 29.33800
514, 5.14000, 35.79990
515, 5.15000, 30.50030
516, 5.16000, 16.68344
517, 5.17000, 15.06128
518, 5.18000, 14.06010
519, 5.19000, 23.52855
520, 5.20000, 26.63371
521, 5.21000, 29.06374
522, 5.22000, 31.39048
523, 5.23000, 30.55267
524, 5.24000, 26.09560
525, 5.25000, 35.05117
526, 5.26000, 28.16144
527, 5.27000, 26.14833
528, 5.28000, 27.64292
529, 5.29000, 31.85379
530, 5.30000, 33.07035
531, 5.31000, 36.20636
532, 5.32000, 21.11590
533, 5.33000, 24.05266
534, 5.34000, 23.31881
535, 5.35000, 24.00980
536, 5.36000, 19.52562
537, 5.37000, 19.45939
538, 5.38000, 20.60839
539, 5.39000, 25.36856
540, 5.40000, 30.29019
541, 5.41000, 28.60331
542, 5.42000, 30.11154
543, 5.43000, 31.61418
544, 5.44000, 31.34965
545, 5.45000, 30.50279
546, 5.46000, 25.61489
547, 5.47000, 19.27076
548, 5.48000, 15.58372
549, 5.49000, 16.54951
550, 5.50000, 22.86409
551, 5.51000, 25.49552
552, 5.52000, 26.73824
553, 5.53000, 24.86967
554, 5.54000, 22.83810
555, 5.55000, 25.74284
556, 5.56000, 31.56177
557, 5.57000, 36.67947
558, 5.58000, 34.27151
559, 5.59000, 32.89831
560, 5.60000, 28.44603
561, 5.61000, 23.74007
562, 5.62000, 21.96940
563, 5.63000, 19.15646
564, 5.64000, 24.77804
565, 5.65000, 21.35790
566, 5.66000, 18.84826
567, 5.67000, 18.49603
568, 5.68000, 25.43899
569, 5.69000, 25.09135
570, 5.70000, 22.08708
571, 5.71000, 26.59518
572, 5.72000, 33.73287
573, 5.73000, 37.16819
574, 5.74000, 23.99473
575, 5.75000, 26.33587
576, 5.76000, 30.20730
577, 5.77000, 32.17520
578, 5.78000, 36.73445
579, 5.79000, 31.83275
580, 5.80000, 27.00212
581, 5.81000, 27.63297
582, 5.82000, 26.03124
583, 5.83000, 24.70720
584, 5.84000, 28.30760
585, 5.85000, 24.54483
586, 5.86000, 26.53497
587, 5.87000, 18.10575
588, 5.88000, 24.81891
589, 5.89000, 29.53226
590, 5.90000, 33.57321
591, 5.91000, 31.70458
592, 5.92000, 29.63071
593, 5.93000, 39.01483
594, 5.94000, 33.41702
595, 5.95000, 40.56551
596, 5.96000, 32.74812
597, 5.97000, 32.22531
598, 5.98000, 29.55753
599, 5.99000, 20.80990
600, 6.00000, 19.51570
601, 6.01000, 25.17318
602, 6.02000, 24.88743
603, 6.03000, 25.65307
604, 6.04000, 27.22759
605, 6.05000, 27.35134
606, 6.06000, 30.39789
607, 6.07000, 30.29918
608, 6.08000, 34.68187
609, 6.09000, 30.11503
610, 6.10000, 33.00045
611, 6.11000, 30.96807
612, 6.12000, 27.34095
613, 6.13000, 26.48191
614, 6.14000, 25.44960
615, 6.15000, 22.35062
616, 6.16000, 25.41598
617, 6.17000, 25.91510
618, 6.18000, 29.29580
619, 6.19000, 31.90219
620, 6.20000, 29.33609
621, 6.21000, 22.96633
622, 6.22000, 31.30400
623, 6.23000, 34.76508
624, 6.24000, 30.58061
625, 6.25000, 28.66857
626, 6.26000, 30.61657
627, 6.27000, 35.44044
628, 6.28000, 38.35532
629, 6.29000, 24.91125
630, 6.30000, 20.68152
631, 6.31000, 23.41421
632, 6.32000, 21.95657
633, 6.33000, 18.14165
634, 6.34000, 23.87539
635, 6.35000, 31.22536
636, 6.36000, 25.82429
637, 6.37000, 26.76910
638, 6.38000, 28.79695
639, 6.39000, 23.12396
640, 6.40000, 20.03148
641, 6.41000, 25.51835
642, 6.42000, 32.85299
643, 6.43000, 33.50971
644, 6.44000, 22.64897
645, 6.45000, 25.26717
646, 6.46000, 25.39046
647, 6.47000, 26.25798
648, 6.48000, 23.70137
649, 6.49000, 23.10418
650, 6.50000, 32.05093
651, 6.51000, 25.45525
652, 6.52000, 34.09531
653, 6.53000, 37.76884
654, 6.54000, 30.44983
655, 6.55000, 34.30140
656, 6.56000, 30.87030
657, 6.57000, 31.39332
658, 6.58000, 23.31018
659, 6.59000, 28.86584
660, 6.60000, 30.40590
661, 6.61000, 33.29048
662, 6.62000, 20.39872
663, 6.63000, 21.54875
664, 6.64000, 21.06860
665, 6.65000, 25.64354
666, 6.66000, 27.99870
667, 6.67000, 31.89062
668, 6.68000, 32.72482
669, 6.69000, 30.33486
670, 6.70000, 24.77162
671, 6.71000, 29.87967
672, 6.72000, 20.72584
673, 6.73000, 23.26491
674, 6.74000, 19.42641
675, 6.75000, 25.06763
676, 6.76000, 27.17640
677, 6.77000, 23.44972
678, 6.78000, 23.84587
679, 6.79000, 25.78528
680, 6.80000, 23.18356
681, 6.81000, 30.46990
682, 6.82000, 31.12963
683, 6.83000, 24.73918
684, 6.84000, 23.91193
685, 6.85000, 31.49409
686, 6.86000, 32.56570
687, 6.87000, 32.95265
688, 6.88000, 33.64137
689, 6.89000, 30.49533
690, 6.90000, 31.06090
691, 6.91000, 28.22454
692, 6.92000, 33.23722
693, 6.93000, 33.01325
694, 6.94000, 23.86570
695, 6.95000, 28.91885
696, 6.96000, 32.66212
697, 6.97000, 27.78728
698, 6.98000, 22.32834
699, 6.99000, 24.07654
700, 7.00000, 20.81603
701, 7.01000, 35.46482
702, 7.02000, 33.92553
703, 7.03000, 28.75443
704, 7.04000, 26.00792
705, 7.05000, 21.65558
706, 7.06000, 21.49843
707, 7.07000, 26.42476
708, 7.08000, 30.25490
709, 7.09000, 27.55382
710, 7.10000, 23.35034
711, 7.11000, 23.95744
712, 7.12000, 25.81802
713, 7.13000, 26.96387
714, 7.14000, 26.29700
715, 7.15000, 30.11780
716, 7.16000, 29.35896
717, 7.17000, 28.73046
718, 7.18000, 28.87439
719, 7.19000, 31.75991
720, 7.20000, 33.33147
721, 7.21000, 28.76258
722, 7.22000, 26.87222
723, 7.23000, 29.38517
724, 7.24000, 24.15046
725, 7.25000, 26.21097
726, 7.26000, 22.79389
727, 7.27000, 26.81212
728, 7.28000, 23.52317
729, 7.29000, 29.74382
730, 7.30000, 25.03522
731, 7.31000, 23.29156
732, 7.32000, 22.54919
733, 7.33000, 21.14801
734, 7.34000, 20.97730
735, 7.35000, 21.85163
736, 7.36000, 31.04721
737, 7.37000, 35.13398
738, 7.38000, 32.12700
739, 7.39000, 30.01393
740, 7.40000, 36.57902
741, 7.41000, 28.62768
742, 7.42000, 26.77558
743, 7.43000, 21.87714
744, 7.44000, 30.40855
745, 7.45000, 24.42746
746, 7.46000, 24.67682
747, 7.47000, 21.50488
748, 7.48000, 23.86954
749, 7.49000, 24.89580
750, 7.50000, 26.39057
751, 7.51000, 28.26929
752, 7.52000, 29.54940
753, 7.53000, 34.84033
754, 7.54000, 33.33425
755, 7.55000, 33.95680
756, 7.56000, 27.71779
757, 7.57000, 29.52952
758, 7.58000, 21.57497
759, 7.59000, 27.16334
760, 7.60000, 30.53506
761, 7.61000, 25.00096
762, 7.62000, 27.65784
763, 7.63000, 34.75075
764, 7.64000, 34.57426
765, 7.65000, 30.10635
766, 7.66000, 33.69475
767, 7.67000, 27.47996
768, 7.68000, 25.04309
769, 7.69000, 33.27312
770, 7.70000, 32.02197
771, 7.71000, 29.33717
772, 7.72000, 30.90879
773, 7.73000, 27.06466
774, 7.74000, 27.65553
775, 7.75000, 27.51462
776, 7.76000, 23.77159
777, 7.77000, 31.49882
778, 7.78000, 29.06650
779, 7.79000, 26.70359
780, 7.80000, 20.22662
781, 7.81000, 19.03993
782, 7.82000, 29.54683
783, 7.83000, 31.24825
784, 7.84000, 34.18997
785, 7.85000, 33.96227
786, 7.86000, 29.06258
787, 7.87000, 26.82175
788, 7.88000, 35.11369
789, 7.89000, 27.60214
790, 7.90000, 38.44622
791, 7.91000, 25.35155
792, 7.92000, 27.03212
793, 7.93000, 22.95393
794, 7.94000, 21.67591
795, 7.95000, 22.00239
796, 7.96000, 22.40681
797, 7.97000, 20.66461
798, 7.98000, 24.44208
799, 7.99000, 27.08059
800, 8.00000, 33.50137
801, 8.01000, 24.83225
802, 8.02000, 34.64469
803, 8.03000, 32.29109
804, 8.04000, 29.43993
805, 8.05000, 25.99146
806, 8.06000, 20.47584
807, 8.07000, 23.57425
808, 8.08000, 27.83834
809, 8.09000, 26.85096
810, 8.10000, 27.09907
811, 8.11000, 26.77016
812, 8.12000, 28.82067
813, 8.13000, 28.90870
814, 8.14000, 32.26779
815, 8.15000, 29.73594
816, 8.16000, 33.81630
817, 8.17000, 28.68137
818, 8.18000, 23.00795
819, 8.19000, 30.03433
820, 8.20000, 30.79710
821, 8.21000, 39.47335
822, 8.22000, 34.96273
823, 8.23000, 25.09388
824, 8.24000, 26.57008
825, 8.25000, 27.90585
826, 8.26000, 27.34767
827, 8.27000, 27.46867
828, 8.28000, 25.65755
829, 8.29000, 19.46655
830, 8.30000, 23.05102
831, 8.31000, 34.75028
832, 8.32000, 26.29852
833, 8.33000, 23.80349
834, 8.34000, 30.71734
835, 8.35000, 32.94581
836, 8.36000, 29.55597
837, 8.37000, 29.00330
838, 8.38000, 22.18565
839, 8.39000, 18.21585
840, 8.40000, 22.57731
841, 8.41000, 21.62373
842, 8.42000, 23.71372
843, 8.43000, 17.50798
844, 8.44000, 16.49684
845, 8.45000, 21.03968
846, 8.46000, 30.72966
847, 8.47000, 27.22894
848, 8.48000, 27.33928
849, 8.49000, 34.22837
850, 8.50000, 25.82187
851, 8.51000, 22.91052
852, 8.52000, 27.05092
853, 8.53000, 32.45414
854, 8.54000, 29.14628
855, 8.55000, 26.83870
856, 8.56000, 29.46860
857, 8.57000, 26.50301
858, 8.58000, 23.79808
859, 8.59000, 28.01877
860, 8.60000, 23.75553
861, 8.61000, 28.51329
862, 8.62000, 24.73107
863, 8.63000, 36.86351
864, 8.64000, 32.35613
865, 8.65000, 31.55228
866, 8.66000, 32.51277
867, 8.67000, 28.97792
868, 8.68000, 30.25314
869, 8.69000, 32.04315
870, 8.70000, 24.57971
871, 8.71000, 28.38805
872, 8.72000, 27.33438
873, 8.73000, 21.59098
874, 8.74000, 21.10872
875, 8.75000, 29.84327
876, 8.76000, 29.85775
877, 8.77000, 26.42633
878, 8.78000, 28.73687
879, 8.79000, 24.73992
880, 8.80000, 35.57350
881, 8.81000, 24.16717
882, 8.82000, 20.49806
883, 8.83000, 22.71727
884, 8.84000, 22.15864
885, 8.85000, 30.41859
886, 8.86000, 27.73889
887, 8.87000, 17.68986
888, 8.88000, 20.87301
889, 8.89000, 20.90520
890, 8.90000, 16.72127
891, 8.91000, 17.48773
892, 8.92000, 19.82767
893, 8.93000, 27.70953
894, 8.94000, 22.71185
895, 8.95000, 35.74931
896, 8.96000, 35.04609
897, 8.97000, 32.38727
898, 8.98000, 26.96354
899, 8.99000, 26.08955
900, 9.00000, 30.22303
901, 9.01000, 27.32378
902, 9.02000, 38.66039
903, 9.03000, 27.45838
904, 9.04000, 31.67882
905, 9.05000, 33.88261
906, 9.06000, 25.48383
907, 9.07000, 23.23173
908, 9.08000, 25.20580
909, 9.09000, 21.96422
910, 9.10000, 22.47439
911, 9.11000, 34.37589
912, 9.12000, 23.62265
913, 9.13000, 25.74362
914, 9.14000, 32.18952
915, 9.15000, 29.64061
916, 9.16000, 26.45947
917, 9.17000, 34.50227
918, 9.18000, 32.29041
919, 9.19000, 38.13956
920, 9.20000, 25.26599
921, 9.21000, 18.20510
922, 9.22000, 18.73963
923, 9.23000, 20.11980
924, 9.24000, 16.82999
925, 9.25000, 26.87569
926, 9.26000, 23.32345
927, 9.27000, 21.39199
928, 9.28000, 21.96193
929, 9.29000, 16.93423
930, 9.30000, 20.29710
931, 9.31000, 26.23731
932, 9.32000, 25.75583
933, 9.33000, 31.75145
934, 9.34000, 30.74230
935, 9.35000, 23.62632
936, 9.36000, 29.43179
937, 9.37000, 29.30234
938, 9.38000, 18.99557
939, 9.39000, 19.35739
940, 9.40000, 19.66165
941, 9.41000, 27.81020
942, 9.42000, 21.54801
943, 9.43000, 27.55527
944, 9.44000, 29.06041
945, 9.45000, 27.23115
946, 9.46000, 29.01246
947, 9.47000, 29.84883
948, 9.48000, 32.83639
949, 9.49000, 22.56961
950, 9.50000, 24.18684
951, 9.51000, 23.28324
952, 9.52000, 23.48587
953, 9.53000, 28.49564
954, 9.54000, 25.43916
955, 9.55000, 23.35389
956, 9.56000, 24.90116
957, 9.57000, 27.17423
958, 9.58000, 23.08689
959, 9.59000, 24.25097
960, 9.60000, 23.48225
961, 9.61000, 24.45260
962, 9.62000, 26.96559
963, 9.63000, 18.05603
964, 9.64000, 24.55999
965, 9.65000, 28.14600
966, 9.66000, 31.44420
967, 9.67000, 21.88640
968, 9.68000, 21.27575
969, 9.69000, 22.78593
970, 9.70000, 21.97930
971, 9.71000, 23.71000
972, 9.72000, 20.67739
973, 9.73000, 19.32587
974, 9.74000, 21.86625
975, 9.75000, 29.26636
976, 9.76000, 20.95694
977, 9.77000, 21.47927
978, 9.78000, 22.12909
979, 9.79000, 28.72848
980, 9.80000, 28.68657
981, 9.81000, 32.90687
982, 9.82000, 41.57751
983, 9.83000, 34.62549
984, 9.84000, 34.17705
985, 9.85000, 32.20172
986, 9.86000, 29.95276
987, 9.87000, 26.66724
988, 9.88000, 29.49107
989, 9.89000, 21.40798
990, 9.90000, 27.51776
991, 9.91000, 29.86529
992, 9.92000, 32.94580
993, 9.93000, 31.10304
994, 9.94000, 33.72117
995, 9.95000, 33.06306
996, 9.96000, 30.47505
997, 9.97000, 32.78698
998, 9.98000, 36.95233
999, 9.99000, 29.72100
1000, 10.00000, 26.07163
1001, 10.01000, 31.05872
1002, 10.02000, 29.83126
1003, 10.03000, 24.63259
1004, 10.04000, 33.39070
1005, 10.05000, 24.41984
1006, 10.06000, 32.51853
1007, 10.07000, 26.26486
1008, 10.08000, 31.26379
1009, 10.09000, 28.23304
1010, 10.10000, 25.80951
1011, 10.11000, 23.78618
1012, 10.12000, 29.28792
1013, 10.13000, 22.89395
1014, 10.14000, 21.67654
1015, 10.15000, 24.34139
1016, 10.16000, 23.82522
1017, 10.17000, 15.24402
1018, 10.18000, 19.49524
1019, 10.19000, 24.25279
1020, 10.20000, 25.93528
1021, 10.21000, 27.99501
1022, 10.22000, 24.38953
1023, 10.23000, 25.99399
1024, 10.24000, 32.27074
1025, 10.25000, 25.69922
1026, 10.26000, 20.67881
1027, 10.27000, 22.25562
1028, 10.28000, 24.90314
1029, 10.29000, 23.25383
1030, 10.30000, 37.41732
1031, 10.31000, 35.90369
1032, 10.32000, 28.41286
1033, 10.33000, 28.90922
1034, 10.34000, 18.96551
1035, 10.35000, 20.86047
1036, 10.36000, 17.48342
1037, 10.37000, 24.50703
1038, 10.38000, 27.47491
1039, 10.39000, 21.77292
1040, 10.40000, 26.53504
1041, 10.41000, 24.31619
1042, 10.42000, 27.47186
1043, 10.43000, 27.69530
1044, 10.44000, 27.62553
1045, 10.45000, 26.42068
1046, 10.46000, 25.05225
1047, 10.47000, 27.78667
1048, 10.48000, 25.23233
1049, 10.49000, 18.37165
1050, 10.50000, 18.90365
1051, 10.51000, 16.86268
1052, 10.52000, 20.99686
1053, 10.53000, 23.78923
1054, 10.54000, 23.70150
1055, 10.55000, 28.35498
1056, 10.56000, 21.86197
1057, 10.57000, 30.14018
1058, 10.58000, 27.04177
1059, 10.59000, 32.83318
1060, 10.60000, 32.90106
1061, 10.61000, 31.88893
1062, 10.62000, 38.71852
1063, 10.63000, 31.98208
1064, 10.64000, 28.70400
1065, 10.65000, 21.73909
1066, 10.66000, 20.57436
1067, 10.67000, 19.65065
1068, 10.68000, 17.64787
1069, 10.69000, 14.60382
1070, 10.70000, 15.82414
1071, 10.71000, 20.94504
1072, 10.72000, 29.54366
1073, 10.73000, 29.70031
1074, 10.74000, 29.68811
1075, 10.75000, 37.75652
1076, 10.76000, 33.03353
1077, 10.77000, 28.23278
1078, 10.78000, 25.31334
1079, 10.79000, 25.94141
1080, 10.80000, 25.15623
1081, 10.81000, 21.08592
1082, 10.82000, 21.95818
1083, 10.83000, 28.58653
1084, 10.84000, 24.13905
1085, 10.85000, 24.17734
1086, 10.86000, 23.10786
1087, 10.87000, 22.14270
1088, 10.88000, 26.61078
1089, 10.89000, 29.08257
1090, 10.90000, 28.84206
1091, 10.91000, 27.25177
1092, 10.92000, 34.36101
1093, 10.93000, 35.86551
1094, 10.94000, 39.55791
1095, 10.95000, 36.19842
1096, 10.96000, 27.56780
1097, 10.97000, 30.57191
1098, 10.98000, 24.59514
1099, 10.99000, 26.37238
1100, 11.00000, 25.42582
1101, 11.01000, 19.88281
1102, 11.02000, 24.21683
1103, 11.03000, 31.13982
1104, 11.04000, 34.01086
1105, 11.05000, 34.49811
1106, 11.06000, 34.54043
1107, 11.07000, 29.64076
1108, 11.08000, 36.97714
1109, 11.09000, 29.15118
1110, 11.10000, 26.49639
1111, 11.11000, 25.64398
1112, 11.12000, 27.74104
1113, 11.13000, 28.86081
1114, 11.14000, 26.14700
1115, 11.15000, 24.21846
1116, 11.16000, 28.55000
1117, 11.17000, 34.04625
1118, 11.18000, 24.74429
1119, 11.19000, 18.39350
1120, 11.20000, 17.90095
1121, 11.21000, 29.41508
1122, 11.22000, 27.54959
1123, 11.23000, 28.63218
1124, 11.24000, 28.70994
1125, 11.25000, 25.39848
1126, 11.26000, 27.21341
1127, 11.27000, 29.63809
1128, 11.28000, 35.40558
1129, 11.29000, 25.47779
1130, 11.30000, 24.37235
1131, 11.31000, 23.81455
1132, 11.32000, 29.61713
1133, 11.33000, 24.49983
1134, 11.34000, 24.39260
1135, 11.35000, 22.80495
1136, 11.36000, 26.27837
1137, 11.37000, 34.36174
1138, 11.38000, 33.94642
1139, 11.39000, 31.88187
1140, 11.40000, 23.10290
1141, 11.41000, 22.62466
1142, 11.42000, 23.79181
1143, 11.43000, 20.04099
1144, 11.44000, 24.36829
1145, 11.45000, 24.40249
1146, 11.46000, 22.83269
1147, 11.47000, 22.63306
1148, 11.48000, 26.00138
1149, 11.49000, 28.41260
1150, 11.50000, 18.41222
1151, 11.51000, 26.74540
1152, 11.52000, 26.81415
1153, 11.53000, 21.95068
1154, 11.54000, 29.74931
1155, 11.55000, 21.44462
1156, 11.56000, 34.76633
1157, 11.57000, 33.47793
1158, 11.58000, 34.18634
1159, 11.59000, 35.70622
1160, 11.60000, 31.54412
1161, 11.61000, 21.87822
1162, 11.62000, 24.25697
1163, 11.63000, 19.73780
1164, 11.64000, 21.93822
1165, 11.65000, 23.68766
1166, 11.66000, 27.00986
1167, 11.67000, 35.65847
1168, 11.68000, 27.10225
1169, 11.69000, 32.59941
1170, 11.70000, 31.50148
1171, 11.71000, 30.06866
1172, 11.72000, 28.36420
1173, 11.73000, 29.54963
1174, 11.74000, 27.92975
1175, 11.75000, 28.27167
1176, 11.76000, 31.51183
1177, 11.77000, 35.43877
1178, 11.78000, 23.59668
1179, 11.79000, 23.59334
1180, 11.80000, 25.05888
1181, 11.81000, 30.65741
1182, 11.82000, 28.11320
1183, 11.83000, 32.32708
1184, 11.84000, 28.45514
1185, 11.85000, 39.88857
1186, 11.86000, 34.01418
1187, 11.87000, 23.29583
1188, 11.88000, 24.13661
1189, 11.89000, 21.86078
1190, 11.90000, 31.84168
1191, 11.91000, 33.00531
1192, 11.92000, 34.62555
1193, 11.93000, 28.53456
1194, 11.94000, 28.48932
1195, 11.95000, 23.63995
1196, 11.96000, 28.25955
1197, 11.97000, 26.82370
1198, 11.98000, 24.91293
1199, 11.99000, 24.03770
1200, 12.00000, 23.41563
1201, 12.01000, 28.08583
1202, 12.02000, 26.22930
1203, 12.03000, 20.84163
1204, 12.04000, 34.28937
1205, 12.05000, 29.31480
1206, 12.06000, 31.28692
1207, 12.07000, 34.18991
1208, 12.08000, 29.25025
1209, 12.09000, 33.56933
1210, 12.10000, 19.15221
1211, 12.11000, 25.26963
1212, 12.12000, 23.87314
1213, 12.13000, 23.89184
1214, 12.14000, 20.83221
1215, 12.15000, 21.21457
1216, 12.16000, 22.55831
1217, 12.17000, 29.68996
1218, 12.18000, 39.97782
1219, 12.19000, 30.73467
1220, 12.20000, 28.21577
1221, 12.21000, 28.77057
1222, 12.22000, 30.65086
1223, 12.23000, 30.64494
1224, 12.24000, 36.14254
1225, 12.25000, 29.01720
1226, 12.26000, 22.76401
1227, 12.27000, 21.24303
1228, 12.28000, 25.35048
1229, 12.29000, 23.88376
1230, 12.30000, 13.36778
1231, 12.31000, 16.80993
1232, 12.32000, 17.27269
1233, 12.33000, 15.61801
1234, 12.34000, 31.12295
1235, 12.35000, 31.15492
1236, 12.36000, 36.53816
1237, 12.37000, 32.25023
1238, 12.38000, 29.35866
1239, 12.39000, 23.92229
1240, 12.40000, 26.29771
1241, 12.41000, 24.68749
1242, 12.42000, 33.70776
1243, 12.43000, 23.98395
1244, 12.44000, 24.63399
1245, 12.45000, 28.40582
1246, 12.46000, 27.78271
1247, 12.47000, 21.02564
1248, 12.48000, 20.51529
1249, 12.49000, 22.32512
1250, 12.50000, 32.67991
1251, 12.51000, 30.11594
1252, 12.52000, 24.08328
1253, 12.53000, 19.20322
1254, 12.54000, 24.12824
1255, 12.55000, 29.03877
1256, 12.56000, 33.51803
1257, 12.57000, 25.47605
1258, 12.58000, 21.26506
1259, 12.59000, 22.26278
1260, 12.60000, 25.24727
1261, 12.61000, 27.16851
1262, 12.62000, 21.50660
1263, 12.63000, 22.02862
1264, 12.64000, 19.44504
1265, 12.65000, 25.19143
1266, 12.66000, 33.10287
1267, 12.67000, 27.71464
1268, 12.68000, 33.16706
1269, 12.69000, 31.86791
1270, 12.70000, 28.87564
1271, 12.71000, 29.71848
1272, 12.72000, 33.29241
1273, 12.73000, 31.23361
1274, 12.74000, 33.35201
1275, 12.75000, 24.44408
1276, 12.76000, 27.24764
1277, 12.77000, 26.08566
1278, 12.78000, 18.92192
1279, 12.79000, 19.91505
1280, 12.80000, 22.89716
1281, 12.81000, 19.26365
1282, 12.82000, 16.83336
1283, 12.83000, 22.87716
1284, 12.84000, 26.83451
1285, 12.85000, 26.79476
1286, 12.86000, 26.07329
1287, 12.87000, 30.47209
1288, 12.88000, 39.65206
1289, 12.89000, 31.17012
1290, 12.90000, 16.72903
1291, 12.91000, 21.27857
1292, 12.92000, 22.47129
1293, 12.93000, 21.28261
1294, 12.94000, 19.18198
1295, 12.95000, 23.91612
1296, 12.96000, 22.64640
1297, 12.97000, 24.55218
1298, 12.98000, 26.13082
1299, 12.99000, 26.93208
1300, 13.00000, 29.66722
1301, 13.01000, 27.28272
1302, 13.02000, 25.84497
1303, 13.03000, 31.02125
1304, 13.04000, 34.77736
1305, 13.05000, 25.73162
1306, 13.06000, 28.19882
1307, 13.07000, 26.46464
1308, 13.08000, 29.34005
1309, 13.09000, 28.47730
1310, 13.10000, 28.87609
1311, 13.11000, 27.15332
1312, 13.12000, 23.98867
1313, 13.13000, 31.08414
1314, 13.14000, 28.07288
1315, 13.15000, 32.78109
1316, 13.16000, 32.55361
1317, 13.17000, 31.84440
1318, 13.18000, 32.77500
1319, 13.19000, 27.77913
1320, 13.20000, 28.34448
1321, 13.21000, 27.85656
1322, 13.22000, 25.14257
1323, 13.23000, 26.99976
1324, 13.24000, 30.45609
1325, 13.25000, 23.12294
1326, 13.26000, 28.87105
1327, 13.27000, 22.62029
1328, 13.28000, 23.45862
1329, 13.29000, 22.36814
1330, 13.30000, 24.73420
1331, 13.31000, 34.69598
1332, 13.32000, 35.93664
1333, 13.33000, 31.25962
1334, 13.34000, 26.94242
1335, 13.35000, 30.42583
1336, 13.36000, 28.89145
1337, 13.37000, 27.17485
1338, 13.38000, 22.96501
1339, 13.39000, 23.77657
1340, 13.40000, 26.87628
1341, 13.41000, 27.76204
1342, 13.42000, 26.10608
1343, 13.43000, 22.39144
1344, 13.44000, 27.04907
1345, 13.45000, 26.07872
1346, 13.46000, 25.07650
1347, 13.47000, 31.16049
1348, 13.48000, 28.53322
1349, 13.49000, 25.72048
1350, 13.50000, 26.96803
1351, 13.51000, 30.44555
1352, 13.52000, 29.41534
1353, 13.53000, 35.58311
1354, 13.54000, 31.00286
1355, 13.55000, 23.44044
1356, 13.56000, 27.86460
1357, 13.57000, 23.69207
1358, 13.58000, 20.54026
1359, 13.59000, 17.89334
1360, 13.60000, 21.79660
1361, 13.61000, 20.82852
1362, 13.62000, 18.69003
1363, 13.63000, 23.97246
1364, 13.64000, 31.95763
1365, 13.65000, 24.91642
1366, 13.66000, 31.93780
1367, 13.67000, 29.54140
1368, 13.68000, 33.90631
1369, 13.69000, 30.96932
1370, 13.70000, 27.81028
1371, 13.71000, 31.41724
1372, 13.72000, 24.59545
1373, 13.73000, 21.66455
1374, 13.74000, 24.24644
1375, 13.75000, 25.53342
1376, 13.76000, 27.45547
1377, 13.77000, 27.82699
1378, 13.78000, 28.62944
1379, 13.79000, 30.06148
1380, 13.80000, 37.67149
1381, 13.81000, 32.81218
1382, 13.82000, 31.46498
1383, 13.83000, 30.18038
1384, 13.84000, 26.36346
1385, 13.85000, 25.26644
1386, 13.86000, 27.25089
1387, 13.87000, 18.77605
1388, 13.88000, 20.51332
1389, 13.89000, 19.88120
1390, 13.90000, 18.29034
1391, 13.91000, 21.74879
1392, 13.92000, 26.93944
1393, 13.93000, 30.21945
1394, 13.94000, 25.96393
1395, 13.95000, 22.44521
1396, 13.96000, 30.29063
1397, 13.97000, 34.75921
1398, 13.98000, 28.68884
1399, 13.99000, 29.94051
1400, 14.00000, 23.16759
1401, 14.01000, 27.14581
1402, 14.02000, 25.96676
1403, 14.03000, 35.07810
1404, 14.04000, 21.72352
1405, 14.05000, 17.71132
1406, 14.06000, 21.60831
1407, 14.07000, 20.90279
1408, 14.08000, 22.82165
1409, 14.09000, 28.02405
1410, 14.10000, 21.19636
1411, 14.11000, 28.91362
1412, 14.12000, 23.37021
1413, 14.13000, 24.18497
1414, 14.14000, 25.06401
1415, 14.15000, 24.91357
1416, 14.16000, 34.14008
1417, 14.17000, 33.03244
1418, 14.18000, 26.68566
1419, 14.19000, 34.14828
1420, 14.20000, 29.90590
1421, 14.21000, 21.70154
1422, 14.22000, 22.46140
1423, 14.23000, 19.90730
1424, 14.24000, 32.54409
1425, 14.25000, 23.28071
1426, 14.26000, 28.78320
1427, 14.27000, 30.81525
1428, 14.28000, 20.76474
1429, 14.29000, 29.52755
1430, 14.30000, 33.83612
1431, 14.31000, 29.92185
1432, 14.32000, 29.36119
1433, 14.33000, 35.15630
1434, 14.34000, 24.95461
1435, 14.35000, 19.27423
1436, 14.36000, 16.68404
1437, 14.37000, 18.89030
1438, 14.38000, 18.60376
1439, 14.39000, 15.11899
1440, 14.40000, 18.21871
1441, 14.41000, 23.01126
1442, 14.42000, 24.30166
1443, 14.43000, 18.30200
1444, 14.44000, 24.97569
1445, 14.45000, 25.53017
1446, 14.46000, 32.15456
1447, 14.47000, 27.12948
1448, 14.48000, 30.12794
1449, 14.49000, 33.49244
1450, 14.50000, 30.41646
1451, 14.51000, 26.91815
1452, 14.52000, 25.51270
1453, 14.53000, 26.98496
1454, 14.54000, 29.64409
1455, 14.55000, 27.69475
1456, 14.56000, 21.50994
1457, 14.57000, 19.94417
1458, 14.58000, 19.53064
1459, 14.59000, 20.80328
1460, 14.60000, 26.53893
1461, 14.61000, 26.78625
1462, 14.62000, 26.95408
1463, 14.63000, 29.81871
1464, 14.64000, 25.80614
1465, 14.65000, 24.95079
1466, 14.66000, 20.87056
1467, 14.67000, 25.79599
1468, 14.68000, 25.75698
1469, 14.69000, 22.98235
1470, 14.70000, 22.84930
1471, 14.71000, 28.96955
1472, 14.72000, 28.38189
1473, 14.73000, 26.29180
1474, 14.74000, 26.85591
1475, 14.75000, 22.73990
1476, 14.76000, 28.20925
1477, 14.77000, 29.12865
1478, 14.78000, 28.59098
1479, 14.79000, 25.33314
1480, 14.80000, 28.41717
1481, 14.81000, 27.92799
1482, 14.82000, 30.99706
1483, 14.83000, 36.31647
1484, 14.84000, 26.15129
1485, 14.85000, 22.34470
1486, 14.86000, 22.68259
1487, 14.87000, 23.19276
1488, 14.88000, 28.22643
1489, 14.89000, 22.81007
1490, 14.90000, 18.92537
1491, 14.91000, 16.98079
1492, 14.92000, 29.03906
1493, 14.93000, 32.12944
1494, 14.94000, 29.22748
1495, 14.95000, 25.73871
1496, 14.96000, 28.96582
1497, 14.97000, 25.09369
1498, 14.98000, 32.79575
1499, 14.99000, 28.61967
1500, 15.00000, 33.76532
1501, 15.01000, 28.38738
1502, 15.02000, 28.51089
1503, 15.03000, 21.63502
1504, 15.04000, 22.96669
1505, 15.05000, 21.17547
1506, 15.06000, 27.80821
1507, 15.07000, 23.36832
1508, 15.08000, 24.33099
1509, 15.09000, 33.76901
1510, 15.10000, 29.98234
1511, 15.11000, 33.28591
1512, 15.12000, 25.81033
1513, 15.13000, 21.79321
1514, 15.14000, 20.50948
1515, 15.15000, 21.55828
1516, 15.16000, 26.33227
1517, 15.17000, 23.52760
1518, 15.18000, 25.78779
1519, 15.19000, 24.84914
1520, 15.20000, 22.34080
1521, 15.21000, 24.11841
1522, 15.22000, 30.77851
1523, 15.23000, 26.87523
1524, 15.24000, 34.26924
1525, 15.25000, 23.43187
1526, 15.26000, 34.33564
1527, 15.27000, 34.04919
1528, 15.28000, 30.70191
1529, 15.29000, 26.68846
1530, 15.30000, 24.99583
1531, 15.31000, 26.81276
1532, 15.32000, 27.81719
1533, 15.33000, 21.35937
1534, 15.34000, 23.81787
1535, 15.35000, 24.51303
1536, 15.36000, 21.99577
1537, 15.37000, 19.57709
1538, 15.38000, 15.76885
1539, 15.39000, 21.20079
1540, 15.40000, 24.71139
1541, 15.41000, 28.80386
1542, 15.42000, 27.24763
1543, 15.43000, 32.39877
1544, 15.44000, 30.48777
1545, 15.45000, 31.33730
1546, 15.46000, 27.41123
1547, 15.47000, 28.90725
1548, 15.48000, 26.60124
1549, 15.49000, 28.65921
1550, 15.50000, 24.53792
1551, 15.51000, 25.27293
1552, 15.52000, 22.79373
1553, 15.53000, 24.95669
1554, 15.54000, 23.28055
1555, 15.55000, 20.42068
1556, 15.56000, 28.98423
1557, 15.57000, 24.61912
1558, 15.58000, 22.65125
1559, 15.59000, 29.40092
1560, 15.60000, 25.90472
1561, 15.61000, 19.84027
1562, 15.62000, 18.17683
1563, 15.63000, 24.35184
1564, 15.64000, 25.91205
1565, 15.65000, 28.92328
1566, 15.66000, 20.71223
1567, 15.67000, 20.03250
1568, 15.68000, 25.51504
1569, 15.69000, 27.83580
1570, 15.70000, 23.08697
1571, 15.71000, 25.04858
1572, 15.72000, 24.80530
1573, 15.73000, 30.66317
1574, 15.74000, 31.00463
1575, 15.75000, 37.94865
1576, 15.76000, 33.56283
1577, 15.77000, 33.14735
1578, 15.78000, 29.33233
1579, 15.79000, 26.46483
1580, 15.80000, 26.08891
1581, 15.81000, 27.86402
1582, 15.82000, 30.61269
1583, 15.83000, 23.28182
1584, 15.84000, 23.22873
1585, 15.85000, 23.14914
1586, 15.86000, 22.76796
1587, 15.87000, 23.17148
1588, 15.88000, 19.31525
1589, 15.89000, 31.54588
1590, 15.90000, 29.55363
1591, 15.91000, 25.72811
1592, 15.92000, 28.22048
1593, 15.93000, 29.47279
1594, 15.94000, 30.75944
1595, 15.95000, 33.00123
1596, 15.96000, 36.57785
1597, 15.97000, 33.24452
1598, 15.98000, 20.83988
1599, 15.99000, 19.38397
1600, 16.00000, 15.84581
1601, 16.01000, 19.58941
1602, 16.02000, 22.16530
1603, 16.03000, 19.39543
1604, 16.04000, 19.40722
1605, 16.05000, 22.23874
1606, 16.06000, 28.44863
1607, 16.07000, 35.86395
1608, 16.08000, 28.18765
1609, 16.09000, 27.16068
1610, 16.10000, 32.37330
1611, 16.11000, 21.54002
1612, 16.12000, 29.56680
1613, 16.13000, 22.41804
1614, 16.14000, 25.68637
1615, 16.15000, 26.79536
1616, 16.16000, 21.86362
1617, 16.17000, 22.70058
1618, 16.18000, 20.35536
1619, 16.19000, 26.14881
1620, 16.20000, 26.54171
1621, 16.21000, 26.78766
1622, 16.22000, 33.39060
1623, 16.23000, 26.19806
1624, 16.24000, 27.39359
1625, 16.25000, 22.09079
1626, 16.26000, 24.95452
1627, 16.27000, 30.59033
1628, 16.28000, 31.88041
1629, 16.29000, 21.51360
1630, 16.30000, 18.16466
1631, 16.31000, 16.33820
1632, 16.32000, 17.31453
1633, 16.33000, 15.61999
1634, 16.34000, 21.53109
1635, 16.35000, 23.44056
1636, 16.36000, 28.42758
1637, 16.37000, 26.30259
1638, 16.38000, 29.39484
1639, 16.39000, 32.36473
1640, 16.40000, 31.30735
1641, 16.41000, 29.49173
1642, 16.42000, 30.46729
1643, 16.43000, 29.07974
1644, 16.44000, 30.54444
1645, 16.45000, 22.11424
1646, 16.46000, 21.04946
1647, 16.47000, 20.42934
1648, 16.48000, 19.18104
1649, 16.49000, 23.14053
1650, 16.50000, 27.56238
1651, 16.51000, 26.08411
1652, 16.52000, 25.13204
1653, 16.53000, 34.19134
1654, 16.54000, 25.25592
1655, 16.55000, 20.56938
1656, 16.56000, 18.20412
1657, 16.57000, 21.86223
1658, 16.58000, 23.54940
1659, 16.59000, 28.61238
1660, 16.60000, 31.92936
1661, 16.61000, 35.92276
1662, 16.62000, 27.72261
1663, 16.63000, 26.39631
1664, 16.64000, 18.81770
1665, 16.65000, 19.38357
1666, 16.66000, 23.48903
1667, 16.67000, 23.75369
1668, 16.68000, 26.31870
1669, 16.69000, 27.04217
1670, 16.70000, 29.11242
1671, 16.71000, 31.97409
1672, 16.72000, 28.77764
1673, 16.73000, 23.70976
1674, 16.74000, 19.64114
1675, 16.75000, 26.04104
1676, 16.76000, 35.38157
1677, 16.77000, 26.95944
1678, 16.78000, 24.19020
1679, 16.79000, 22.87318
1680, 16.80000, 21.23089
1681, 16.81000, 20.36833
1682, 16.82000, 25.81405
1683, 16.83000, 20.76534
1684, 16.84000, 22.72276
1685, 16.85000, 26.43546
1686, 16.86000, 32.34929
1687, 16.87000, 30.04253
1688, 16.88000, 24.46597
1689, 16.89000, 20.11633
1690, 16.90000, 22.51997
1691, 16.91000, 27.56989
1692, 16.92000, 25.83170
1693, 16.93000, 28.05838
1694, 16.94000, 25.27887
1695, 16.95000, 20.25715
1696, 16.96000, 14.91150
1697, 16.97000, 18.57869
1698, 16.98000, 17.04592
1699, 16.99000, 16.33889
1700, 17.00000, 15.41268
1701, 17.01000, 19.83668
1702, 17.02000, 23.02778
1703, 17.03000, 26.04911
1704, 17.04000, 29.18016
1705, 17.05000, 25.68933
1706, 17.06000, 26.28589
1707, 17.07000, 31.82025
1708, 17.08000, 28.70791
1709, 17.09000, 30.37335
1710, 17.10000, 24.56300
1711, 17.11000, 25.02561
1712, 17.12000, 17.26773
1713, 17.13000, 20.91912
1714, 17.14000, 26.23230
1715, 17.15000, 24.16284
1716, 17.16000, 27.99796
1717, 17.17000, 27.87895
1718, 17.18000, 26.64930
1719, 17.19000, 24.13801
1720, 17.20000, 22.07868
1721, 17.21000, 23.64237
1722, 17.22000, 22.26172
1723, 17.23000, 25.72440
1724, 17.24000, 24.15804
1725, 17.25000, 29.17712
1726, 17.26000, 30.72802
1727, 17.27000, 30.41621
1728, 17.28000, 28.26239
1729, 17.29000, 24.48784
1730, 17.30000, 22.87018
1731, 17.31000, 17.59978
1732, 17.32000, 21.58019
1733, 17.33000, 21.06344
1734, 17.34000, 20.11883
1735, 17.35000, 22.57873
1736, 17.36000, 21.20692
1737, 17.37000, 17.76213
1738, 17.38000, 18.05261
1739, 17.39000, 20.48690
1740, 17.40000, 25.17726
1741, 17.41000, 28.30346
1742, 17.42000, 24.57525
1743, 17.43000, 21.79433
1744, 17.44000, 19.16230
1745, 17.45000, 21.52992
1746, 17.46000, 18.51050
1747, 17.47000, 18.17573
1748, 17.48000, 25.39487
1749, 17.49000, 21.53567
1750, 17.50000, 24.11302
1751, 17.51000, 22.55710
1752, 17.52000, 35.62995
1753, 17.53000, 30.42611
1754, 17.54000, 22.96894
1755, 17.55000, 22.53694
1756, 17.56000, 25.11355
1757, 17.57000, 25.35196
1758, 17.58000, 23.53444
1759, 17.59000, 19.80533
1760, 17.60000, 17.90721
1761, 17.61000, 20.34219
1762, 17.62000, 16.61796
1763, 17.63000, 16.41137
1764, 17.64000, 15.47975
1765, 17.65000, 18.32969
1766, 17.66000, 20.57417
1767, 17.67000, 29.76967
1768, 17.68000, 23.94076
1769, 17.69000, 22.53175
1770, 17.70000, 26.77297
1771, 17.71000, 27.87116
1772, 17.72000, 20.36386
1773, 17.73000, 21.45914
1774, 17.74000, 18.59062
1775, 17.75000, 19.51368
1776, 17.76000, 22.28416
1777, 17.77000, 23.44347
1778, 17.78000, 18.52915
1779, 17.79000, 18.09845
1780, 17.80000, 16.60670
1781, 17.81000, 15.95938
1782, 17.82000, 20.02365
1783, 17.83000, 21.08369
1784, 17.84000, 23.07644
1785, 17.85000, 23.89131
1786, 17.86000, 22.49597
1787, 17.87000, 25.30623
1788, 17.88000, 23.80465
1789, 17.89000, 22.92244
1790, 17.90000, 20.66917
1791, 17.91000, 21.49629
1792, 17.92000, 18.23710
1793, 17.93000, 17.17632
1794, 17.94000, 21.98742
1795, 17.95000, 21.43715
1796, 17.96000, 20.63288
1797, 17.97000, 19.38889
1798, 17.98000, 16.93867
1799, 17.99000, 17.34241
1800, 18.00000, 17.33512
1801, 18.01000, 23.58652
1802, 18.02000, 23.58471
1803, 18.03000, 21.38364
1804, 18.04000, 24.33663
1805, 18.05000, 27.55314
1806, 18.06000, 24.86408
1807, 18.07000, 19.21256
1808, 18.08000, 22.43922
1809, 18.09000, 13.83414
1810, 18.10000, 18.21499
1811, 18.11000, 12.18248
1812, 18.12000, 16.86011
1813, 18.13000, 14.34619
1814, 18.14000, 16.22967
1815, 18.15000, 20.44832
1816, 18.16000, 24.95883
1817, 18.17000, 19.00960
1818, 18.18000, 21.14764
1819, 18.19000, 20.59832
1820, 18.20000, 22.78164
1821, 18.21000, 24.59700
1822, 18.22000, 17.05210
1823, 18.23000, 18.40396
1824, 18.24000, 20.13877
1825, 18.25000, 17.87649
1826, 18.26000, 19.62122
1827, 18.27000, 17.04700
1828, 18.28000, 19.10854
1829, 18.29000, 15.53355
1830, 18.30000, 18.84218
1831, 18.31000, 19.80665
1832, 18.32000, 23.04576
1833, 18.33000, 23.01343
1834, 18.34000, 20.17005
1835, 18.35000, 19.54106
1836, 18.36000, 23.87894
1837, 18.37000, 20.87911
1838, 18.38000, 18.50194
1839, 18.39000, 13.38625
1840, 18.40000, 16.05191
1841, 18.41000, 18.18316
1842, 18.42000, 20.30007
1843, 18.43000, 18.72529
1844, 18.44000, 17.64062
1845, 18.45000, 19.81101
1846, 18.46000, 14.83710
1847, 18.47000, 16.51048
1848, 18.48000, 21.04590
1849, 18.49000, 20.40867
1850, 18.50000, 22.75877
1851, 18.51000, 21.71544
1852, 18.52000, 20.69262
1853, 18.53000, 20.25000
1854, 18.54000, 17.54230
1855, 18.55000, 17.09599
1856, 18.56000, 16.29277
1857, 18.57000, 14.81950
1858, 18.58000, 15.57272
1859, 18.59000, 12.50150
1860, 18.60000, 16.48137
1861, 18.61000, 16.40418
1862, 18.62000, 14.71864
1863, 18.63000, 17.52173
1864, 18.64000, 21.96204
1865, 18.65000, 18.49350
1866, 18.66000, 16.69825
1867, 18.67000, 18.57589
1868, 18.68000, 18.68263
1869, 18.69000, 23.43421
1870, 18.70000, 21.46092
1871, 18.71000, 17.86635
1872, 18.72000, 16.75964
1873, 18.73000, 14.88371
1874, 18.74000, 15.00605
1875, 18.75000, 16.39609
1876, 18.76000, 15.05276
1877, 18.77000, 16.86256
1878, 18.78000, 19.06938
1879, 18.79000, 18.71228
1880, 18.80000, 23.02719
1881, 18.81000, 21.23216
1882, 18.82000, 17.58327
1883, 18.83000, 20.56788
1884, 18.84000, 22.84082
1885, 18.85000, 18.31354
1886, 18.86000, 19.39884
1887, 18.87000, 20.55585
1888, 18.88000, 14.34761
1889, 18.89000, 14.91915
1890, 18.90000, 17.76385
1891, 18.91000, 13.69286
1892, 18.92000, 12.99588
1893, 18.93000, 12.21050
1894, 18.94000, 11.97158
1895, 18.95000, 15.22607
1896, 18.96000, 21.57656
1897, 18.97000, 18.20021
1898, 18.98000, 16.72812
1899, 18.99000, 15.15624
1900, 19.00000, 18.58009
1901, 19.01000, 19.05846
1902, 19.02000, 14.55494
1903, 19.03000, 20.00952
1904, 19.04000, 11.74385
1905, 19.05000, 14.31052
1906, 19.06000, 14.52599
1907, 19.07000, 11.78128
1908, 19.08000, 10.80344
1909, 19.09000, 14.10505
1910, 19.10000, 14.15001
1911, 19.11000, 15.47371
1912, 19.12000, 17.47837
1913, 19.13000, 16.23138
1914, 19.14000, 16.11697
1915, 19.15000, 17.45107
1916, 19.16000, 16.11535
1917, 19.17000, 12.83317
1918, 19.18000, 15.10763
1919, 19.19000, 16.23896
1920, 19.20000, 13.72170
1921, 19.21000, 11.40892
1922, 19.22000, 12.41062
1923, 19.23000, 12.32774
1924, 19.24000, 11.62805
1925, 19.25000, 10.75842
1926, 19.26000, 14.86303
1927, 19.27000, 12.21179
1928, 19.28000, 13.66326
1929, 19.29000, 13.74858
1930, 19.30000, 17.58761
1931, 19.31000, 16.11245
1932, 19.32000, 16.00874
1933, 19.33000, 13.60047
1934, 19.34000, 17.35405
1935, 19.35000, 15.47489
1936, 19.36000, 12.04665
1937, 19.37000, 13.28850
1938, 19.38000, 12.13251
1939, 19.39000, 12.02325
1940, 19.40000, 11.48071
1941, 19.41000, 13.22824
1942, 19.42000, 12.45466
1943, 19.43000, 14.05317
1944, 19.44000, 13.97863
1945, 19.45000, 14.47387
1946, 19.46000, 12.24438
1947, 19.47000, 13.81193
1948, 19.48000, 15.51893
1949, 19.49000, 13.83988
1950, 19.50000, 15.88879
1951, 19.51000, 13.71230
1952, 19.52000, 13.78573
1953, 19.53000, 10.95372
1954, 19.54000, 10.90314
1955, 19.55000, 12.05607
1956, 19.56000, 8.41738
1957, 19.57000, 9.42206
1958, 19.58000, 11.69021
1959, 19.59000, 12.18934
1960, 19.60000, 11.72267
1961, 19.61000, 14.82538
1962, 19.62000, 13.36365
1963, 19.63000, 12.44434
1964, 19.64000, 13.28848
1965, 19.65000, 13.39679
1966, 19.66000, 11.88461
1967, 19.67000, 10.85642
1968, 19.68000, 11.58773
1969, 19.69000, 13.00405
1970, 19.70000, 9.78945
1971, 19.71000, 9.83889
1972, 19.72000, 11.01905
1973, 19.73000, 10.49907
1974, 19.74000, 9.83634
1975, 19.75000, 9.73156
1976, 19.76000, 11.93389
1977, 19.77000, 9.63312
1978, 19.78000, 12.43350
1979, 19.79000, 11.92718
1980, 19.80000, 10.83110
1981, 19.81000, 11.16308
1982, 19.82000, 13.71129
1983, 19.83000, 11.28436
1984, 19.84000, 11.83875
1985, 19.85000, 8.07877
1986, 19.86000, 8.62290
1987, 19.87000, 8.39322
1988, 19.88000, 8.65202
1989, 19.89000, 8.80891
1990, 19.90000, 11.23776
1991, 19.91000, 8.74598
1992, 19.92000, 9.11521
1993, 19.93000, 11.12469
1994, 19.94000, 10.71049
1995, 19.95000, 9.97546
1996, 19.96000, 10.70466
1997, 19.97000, 9.50508
1998, 19.98000, 9.68711
1999, 19.99000, 11.30104
2000, 20.00000, 8.63898
2001, 20.01000, 8.38808
