nt, t, solve_time
1, 0.01000, 64.29843
2, 0.02000, 48.65994
3, 0.03000, 49.86646
4, 0.04000, 48.89872
5, 0.05000, 36.67452
6, 0.06000, 38.67460
7, 0.07000, 36.96986
8, 0.08000, 36.99769
9, 0.09000, 36.57876
10, 0.10000, 36.80500
11, 0.11000, 36.74403
12, 0.12000, 35.63003
13, 0.13000, 38.79178
14, 0.14000, 26.36783
15, 0.15000, 26.21245
16, 0.16000, 25.43600
17, 0.17000, 26.01686
18, 0.18000, 25.30359
19, 0.19000, 37.02088
20, 0.20000, 37.00227
21, 0.21000, 37.09928
22, 0.22000, 36.71269
23, 0.23000, 25.67865
24, 0.24000, 25.26460
25, 0.25000, 25.96610
26, 0.26000, 25.87660
27, 0.27000, 24.89183
28, 0.28000, 25.94373
29, 0.29000, 26.07508
30, 0.30000, 25.85720
31, 0.31000, 25.26239
32, 0.32000, 25.79244
33, 0.33000, 25.67718
34, 0.34000, 25.65264
35, 0.35000, 26.85883
36, 0.36000, 25.62576
37, 0.37000, 25.64368
38, 0.38000, 25.89951
39, 0.39000, 25.78411
40, 0.40000, 25.31247
41, 0.41000, 25.14662
42, 0.42000, 26.13757
43, 0.43000, 25.62838
44, 0.44000, 26.27865
45, 0.45000, 26.18642
46, 0.46000, 26.04745
47, 0.47000, 25.28329
48, 0.48000, 26.98656
49, 0.49000, 25.82478
50, 0.50000, 27.18838
51, 0.51000, 26.02665
52, 0.52000, 25.86896
53, 0.53000, 25.26239
54, 0.54000, 25.85580
55, 0.55000, 25.81077
56, 0.56000, 25.85327
57, 0.57000, 25.97535
58, 0.58000, 25.62246
59, 0.59000, 25.50996
60, 0.60000, 25.64339
61, 0.61000, 25.52568
62, 0.62000, 25.63239
63, 0.63000, 25.99888
64, 0.64000, 25.53490
65, 0.65000, 26.41729
66, 0.66000, 25.84016
67, 0.67000, 25.06649
68, 0.68000, 25.33063
69, 0.69000, 25.65708
70, 0.70000, 25.56431
71, 0.71000, 26.09614
72, 0.72000, 26.42472
73, 0.73000, 26.24731
74, 0.74000, 26.07777
75, 0.75000, 25.55425
76, 0.76000, 25.36813
77, 0.77000, 25.69758
78, 0.78000, 25.72463
79, 0.79000, 25.64843
80, 0.80000, 25.78282
81, 0.81000, 26.36115
82, 0.82000, 25.63234
83, 0.83000, 25.98392
84, 0.84000, 25.73199
85, 0.85000, 25.91254
86, 0.86000, 27.47660
87, 0.87000, 25.99018
88, 0.88000, 26.54236
89, 0.89000, 25.94006
90, 0.90000, 26.24444
91, 0.91000, 26.05014
92, 0.92000, 25.67663
93, 0.93000, 26.06397
94, 0.94000, 25.82860
95, 0.95000, 26.49743
96, 0.96000, 25.76097
97, 0.97000, 25.77128
98, 0.98000, 25.91447
99, 0.99000, 26.14162
100, 1.00000, 25.70697
101, 1.01000, 25.42704
102, 1.02000, 26.01238
103, 1.03000, 25.30710
104, 1.04000, 25.62604
105, 1.05000, 25.22910
106, 1.06000, 25.74667
107, 1.07000, 25.74716
108, 1.08000, 26.93045
109, 1.09000, 25.78855
110, 1.10000, 25.48125
111, 1.11000, 25.72002
112, 1.12000, 26.32016
113, 1.13000, 25.49493
114, 1.14000, 25.37873
115, 1.15000, 25.16704
116, 1.16000, 25.38827
117, 1.17000, 36.65949
118, 1.18000, 36.97836
119, 1.19000, 36.74541
120, 1.20000, 37.11847
121, 1.21000, 36.85474
122, 1.22000, 38.89253
123, 1.23000, 36.87745
124, 1.24000, 39.22522
125, 1.25000, 37.26361
126, 1.26000, 37.15392
127, 1.27000, 37.16798
128, 1.28000, 36.41604
129, 1.29000, 37.16796
130, 1.30000, 36.89757
131, 1.31000, 36.53581
132, 1.32000, 37.22076
133, 1.33000, 36.24370
134, 1.34000, 36.80269
135, 1.35000, 36.23631
136, 1.36000, 37.33802
137, 1.37000, 36.60768
138, 1.38000, 37.22910
139, 1.39000, 36.27895
140, 1.40000, 36.68336
141, 1.41000, 36.83071
142, 1.42000, 37.68887
143, 1.43000, 37.13305
144, 1.44000, 38.26933
145, 1.45000, 36.93831
146, 1.46000, 37.47161
147, 1.47000, 36.90151
148, 1.48000, 39.42778
149, 1.49000, 41.40012
150, 1.50000, 42.29268
151, 1.51000, 37.82333
152, 1.52000, 37.45473
153, 1.53000, 36.66573
154, 1.54000, 36.73003
155, 1.55000, 37.36834
156, 1.56000, 37.56647
157, 1.57000, 37.01640
158, 1.58000, 37.10911
159, 1.59000, 37.03974
160, 1.60000, 36.89894
161, 1.61000, 37.26253
162, 1.62000, 38.25732
163, 1.63000, 36.87104
164, 1.64000, 37.16582
165, 1.65000, 36.32418
166, 1.66000, 36.49050
167, 1.67000, 37.38675
168, 1.68000, 37.40498
169, 1.69000, 36.70698
170, 1.70000, 38.26564
171, 1.71000, 37.28341
172, 1.72000, 37.50924
173, 1.73000, 36.73341
174, 1.74000, 51.87628
175, 1.75000, 50.24475
176, 1.76000, 36.74255
177, 1.77000, 48.73005
178, 1.78000, 47.93529
179, 1.79000, 36.61581
180, 1.80000, 36.23112
181, 1.81000, 37.01588
182, 1.82000, 35.75069
183, 1.83000, 37.27659
184, 1.84000, 36.75571
185, 1.85000, 36.61124
186, 1.86000, 36.27342
187, 1.87000, 37.31636
188, 1.88000, 36.90339
189, 1.89000, 36.83975
190, 1.90000, 37.53083
191, 1.91000, 36.80227
192, 1.92000, 36.95212
193, 1.93000, 37.37090
194, 1.94000, 37.55735
195, 1.95000, 37.07004
196, 1.96000, 37.11797
197, 1.97000, 37.78677
198, 1.98000, 37.90451
199, 1.99000, 38.74400
200, 2.00000, 38.49400
201, 2.01000, 38.10288
202, 2.02000, 37.33907
203, 2.03000, 37.21537
204, 2.04000, 37.37358
205, 2.05000, 36.94669
206, 2.06000, 36.52345
207, 2.07000, 36.88132
208, 2.08000, 48.50879
209, 2.09000, 47.62795
210, 2.10000, 48.25899
211, 2.11000, 47.37554
212, 2.12000, 48.84250
213, 2.13000, 48.48222
214, 2.14000, 48.88236
215, 2.15000, 47.74010
216, 2.16000, 37.25631
217, 2.17000, 37.25303
218, 2.18000, 38.36302
219, 2.19000, 36.71954
220, 2.20000, 36.41492
221, 2.21000, 36.59557
222, 2.22000, 37.75932
223, 2.23000, 37.22416
224, 2.24000, 50.01960
225, 2.25000, 48.37850
226, 2.26000, 37.06677
227, 2.27000, 37.19093
228, 2.28000, 36.77807
229, 2.29000, 37.21047
230, 2.30000, 37.17389
231, 2.31000, 36.85284
232, 2.32000, 36.75574
233, 2.33000, 36.90608
234, 2.34000, 37.67975
235, 2.35000, 36.80637
236, 2.36000, 38.19303
237, 2.37000, 37.07415
238, 2.38000, 36.47999
239, 2.39000, 36.21410
240, 2.40000, 48.12241
241, 2.41000, 48.26056
242, 2.42000, 48.07119
243, 2.43000, 48.09607
244, 2.44000, 48.08760
245, 2.45000, 48.10967
246, 2.46000, 49.08014
247, 2.47000, 39.36701
248, 2.48000, 37.95578
249, 2.49000, 38.11632
250, 2.50000, 37.38933
251, 2.51000, 36.63258
252, 2.52000, 36.98899
253, 2.53000, 36.65414
254, 2.54000, 37.13504
255, 2.55000, 36.62811
256, 2.56000, 37.12093
257, 2.57000, 48.13401
258, 2.58000, 47.87375
259, 2.59000, 47.41065
260, 2.60000, 37.20472
261, 2.61000, 36.86009
262, 2.62000, 36.95764
263, 2.63000, 36.61387
264, 2.64000, 36.00854
265, 2.65000, 36.94781
266, 2.66000, 36.88023
267, 2.67000, 36.37451
268, 2.68000, 37.80805
269, 2.69000, 37.28163
270, 2.70000, 38.44964
271, 2.71000, 38.01376
272, 2.72000, 38.86761
273, 2.73000, 50.95981
274, 2.74000, 47.45144
275, 2.75000, 48.34080
276, 2.76000, 48.68427
277, 2.77000, 48.19357
278, 2.78000, 48.55149
279, 2.79000, 48.05711
280, 2.80000, 37.31722
281, 2.81000, 36.02091
282, 2.82000, 36.53319
283, 2.83000, 36.34795
284, 2.84000, 37.04532
285, 2.85000, 37.08399
286, 2.86000, 37.68815
287, 2.87000, 37.12245
288, 2.88000, 37.14472
289, 2.89000, 48.48768
290, 2.90000, 48.79883
291, 2.91000, 48.12608
292, 2.92000, 49.07022
293, 2.93000, 48.67292
294, 2.94000, 38.07008
295, 2.95000, 49.27683
296, 2.96000, 37.44312
297, 2.97000, 36.68888
298, 2.98000, 37.56694
299, 2.99000, 36.67103
300, 3.00000, 37.50886
301, 3.01000, 37.90100
302, 3.02000, 37.26529
303, 3.03000, 37.38873
304, 3.04000, 38.01519
305, 3.05000, 37.15591
306, 3.06000, 48.19028
307, 3.07000, 47.64093
308, 3.08000, 49.05466
309, 3.09000, 48.29759
310, 3.10000, 47.91767
311, 3.11000, 48.08351
312, 3.12000, 48.62220
313, 3.13000, 48.58907
314, 3.14000, 36.69325
315, 3.15000, 37.69873
316, 3.16000, 38.41363
317, 3.17000, 38.06616
318, 3.18000, 37.98089
319, 3.19000, 37.19046
320, 3.20000, 36.81460
321, 3.21000, 36.88225
322, 3.22000, 48.83288
323, 3.23000, 48.61150
324, 3.24000, 48.69267
325, 3.25000, 48.19339
326, 3.26000, 47.58279
327, 3.27000, 48.07904
328, 3.28000, 48.72592
329, 3.29000, 49.25507
330, 3.30000, 37.65665
331, 3.31000, 36.90755
332, 3.32000, 37.21150
333, 3.33000, 37.20062
334, 3.34000, 37.61811
335, 3.35000, 37.01038
336, 3.36000, 37.79811
337, 3.37000, 37.53999
338, 3.38000, 36.82302
339, 3.39000, 47.91663
340, 3.40000, 47.57093
341, 3.41000, 47.79921
342, 3.42000, 48.78484
343, 3.43000, 48.73947
344, 3.44000, 48.30401
345, 3.45000, 49.47543
346, 3.46000, 49.04477
347, 3.47000, 48.13270
348, 3.48000, 36.97336
349, 3.49000, 36.96903
350, 3.50000, 37.11724
351, 3.51000, 36.97806
352, 3.52000, 36.98351
353, 3.53000, 37.60735
354, 3.54000, 38.27003
355, 3.55000, 49.04585
356, 3.56000, 48.91520
357, 3.57000, 48.91614
358, 3.58000, 48.30556
359, 3.59000, 47.98428
360, 3.60000, 48.90068
361, 3.61000, 48.34480
362, 3.62000, 49.16478
363, 3.63000, 48.68749
364, 3.64000, 36.68181
365, 3.65000, 36.63629
366, 3.66000, 37.85659
367, 3.67000, 36.71268
368, 3.68000, 37.89749
369, 3.69000, 38.18600
370, 3.70000, 37.13694
371, 3.71000, 36.35617
372, 3.72000, 48.01785
373, 3.73000, 50.09778
374, 3.74000, 48.74005
375, 3.75000, 48.03130
376, 3.76000, 48.71665
377, 3.77000, 48.50056
378, 3.78000, 48.37618
379, 3.79000, 48.62486
380, 3.80000, 47.63064
381, 3.81000, 37.53037
382, 3.82000, 37.77224
383, 3.83000, 37.60988
384, 3.84000, 37.15050
385, 3.85000, 37.39936
386, 3.86000, 37.25583
387, 3.87000, 36.91062
388, 3.88000, 36.44734
389, 3.89000, 49.14689
390, 3.90000, 49.37054
391, 3.91000, 48.89635
392, 3.92000, 47.99454
393, 3.93000, 47.99624
394, 3.94000, 48.13888
395, 3.95000, 48.24495
396, 3.96000, 37.71671
397, 3.97000, 37.16231
398, 3.98000, 37.56189
399, 3.99000, 37.31754
400, 4.00000, 37.37097
401, 4.01000, 37.15690
402, 4.02000, 38.72806
403, 4.03000, 37.41484
404, 4.04000, 38.67049
405, 4.05000, 49.43096
406, 4.06000, 49.27385
407, 4.07000, 47.55485
408, 4.08000, 48.63990
409, 4.09000, 48.65735
410, 4.10000, 48.36178
411, 4.11000, 49.71828
412, 4.12000, 49.51495
413, 4.13000, 49.01346
414, 4.14000, 37.25469
415, 4.15000, 38.19313
416, 4.16000, 36.32590
417, 4.17000, 36.65143
418, 4.18000, 38.50389
419, 4.19000, 37.89471
420, 4.20000, 37.08282
421, 4.21000, 37.61393
422, 4.22000, 49.31733
423, 4.23000, 47.86429
424, 4.24000, 48.09513
425, 4.25000, 49.49559
426, 4.26000, 48.94098
427, 4.27000, 47.39854
428, 4.28000, 49.31828
429, 4.29000, 37.65580
430, 4.30000, 37.34180
431, 4.31000, 37.91687
432, 4.32000, 37.02383
433, 4.33000, 37.39104
434, 4.34000, 37.02466
435, 4.35000, 37.02174
436, 4.36000, 37.22721
437, 4.37000, 37.04187
438, 4.38000, 37.05044
439, 4.39000, 48.44459
440, 4.40000, 49.09135
441, 4.41000, 47.43902
442, 4.42000, 49.99703
443, 4.43000, 47.53478
444, 4.44000, 48.20140
445, 4.45000, 46.77594
446, 4.46000, 49.14567
447, 4.47000, 37.62576
448, 4.48000, 36.11953
449, 4.49000, 36.96236
450, 4.50000, 37.16439
451, 4.51000, 37.44806
452, 4.52000, 36.87438
453, 4.53000, 38.20451
454, 4.54000, 38.61464
455, 4.55000, 48.41587
456, 4.56000, 49.26929
457, 4.57000, 48.51231
458, 4.58000, 48.14594
459, 4.59000, 48.69123
460, 4.60000, 49.38762
461, 4.61000, 48.65652
462, 4.62000, 48.38636
463, 4.63000, 36.85798
464, 4.64000, 36.99700
465, 4.65000, 37.32566
466, 4.66000, 37.56498
467, 4.67000, 39.63434
468, 4.68000, 37.07614
469, 4.69000, 37.70347
470, 4.70000, 36.89279
471, 4.71000, 36.89928
472, 4.72000, 49.60476
473, 4.73000, 48.13143
474, 4.74000, 48.92604
475, 4.75000, 49.64541
476, 4.76000, 49.10390
477, 4.77000, 48.63563
478, 4.78000, 49.93544
479, 4.79000, 48.19455
480, 4.80000, 37.88003
481, 4.81000, 38.16746
482, 4.82000, 37.27112
483, 4.83000, 36.59632
484, 4.84000, 37.72165
485, 4.85000, 36.77881
486, 4.86000, 36.74765
487, 4.87000, 38.03602
488, 4.88000, 48.46761
489, 4.89000, 47.88595
490, 4.90000, 48.37879
491, 4.91000, 48.89875
492, 4.92000, 47.86713
493, 4.93000, 48.13456
494, 4.94000, 48.12397
495, 4.95000, 48.45518
496, 4.96000, 37.79675
497, 4.97000, 37.86139
498, 4.98000, 36.81591
499, 4.99000, 37.25316
500, 5.00000, 37.04768
501, 5.01000, 37.12674
502, 5.02000, 36.91234
503, 5.03000, 37.43364
504, 5.04000, 37.10057
505, 5.05000, 48.37978
506, 5.06000, 47.52019
507, 5.07000, 48.37361
508, 5.08000, 47.55273
509, 5.09000, 49.29688
510, 5.10000, 48.34272
511, 5.11000, 48.68026
512, 5.12000, 47.68994
513, 5.13000, 48.27299
514, 5.14000, 36.60330
515, 5.15000, 36.37144
516, 5.16000, 37.03285
517, 5.17000, 37.11298
518, 5.18000, 38.09053
519, 5.19000, 37.58739
520, 5.20000, 37.82574
521, 5.21000, 49.35549
522, 5.22000, 47.62499
523, 5.23000, 48.01957
524, 5.24000, 47.73884
525, 5.25000, 48.21197
526, 5.26000, 48.12261
527, 5.27000, 48.92557
528, 5.28000, 37.13733
529, 5.29000, 37.36034
530, 5.30000, 37.00300
531, 5.31000, 37.47204
532, 5.32000, 37.96183
533, 5.33000, 37.39834
534, 5.34000, 36.35214
535, 5.35000, 37.50331
536, 5.36000, 36.80841
537, 5.37000, 37.17063
538, 5.38000, 49.81290
539, 5.39000, 47.19222
540, 5.40000, 47.79304
541, 5.41000, 48.58466
542, 5.42000, 47.89369
543, 5.43000, 48.20884
544, 5.44000, 49.33574
545, 5.45000, 49.44559
546, 5.46000, 48.85976
547, 5.47000, 37.19038
548, 5.48000, 36.58309
549, 5.49000, 37.58803
550, 5.50000, 37.33292
551, 5.51000, 37.34582
552, 5.52000, 36.80037
553, 5.53000, 36.98925
554, 5.54000, 36.41130
555, 5.55000, 47.37619
556, 5.56000, 48.49432
557, 5.57000, 47.56517
558, 5.58000, 48.34384
559, 5.59000, 49.18137
560, 5.60000, 47.98022
561, 5.61000, 48.41358
562, 5.62000, 38.20459
563, 5.63000, 37.34419
564, 5.64000, 36.55147
565, 5.65000, 37.67823
566, 5.66000, 37.70293
567, 5.67000, 37.31958
568, 5.68000, 37.96421
569, 5.69000, 36.55559
570, 5.70000, 37.33406
571, 5.71000, 37.69177
572, 5.72000, 48.14129
573, 5.73000, 48.14393
574, 5.74000, 47.56653
575, 5.75000, 47.40822
576, 5.76000, 49.42133
577, 5.77000, 47.50183
578, 5.78000, 48.32552
579, 5.79000, 47.98992
580, 5.80000, 37.05361
581, 5.81000, 37.79994
582, 5.82000, 37.72968
583, 5.83000, 37.41834
584, 5.84000, 36.94334
585, 5.85000, 38.48423
586, 5.86000, 37.57431
587, 5.87000, 37.54653
588, 5.88000, 48.84908
589, 5.89000, 48.44995
590, 5.90000, 48.34854
591, 5.91000, 48.16527
592, 5.92000, 49.19164
593, 5.93000, 47.76636
594, 5.94000, 47.87538
595, 5.95000, 48.34395
596, 5.96000, 37.76525
597, 5.97000, 37.63240
598, 5.98000, 37.71780
599, 5.99000, 38.23529
600, 6.00000, 37.04629
601, 6.01000, 37.64099
602, 6.02000, 37.27920
603, 6.03000, 37.21379
604, 6.04000, 36.73202
605, 6.05000, 48.63979
606, 6.06000, 48.56882
607, 6.07000, 48.39612
608, 6.08000, 48.50238
609, 6.09000, 48.74735
610, 6.10000, 48.50094
611, 6.11000, 49.54601
612, 6.12000, 48.03640
613, 6.13000, 36.01478
614, 6.14000, 37.10690
615, 6.15000, 36.84295
616, 6.16000, 37.51385
617, 6.17000, 36.97860
618, 6.18000, 37.63998
619, 6.19000, 36.63330
620, 6.20000, 36.85512
621, 6.21000, 47.84731
622, 6.22000, 49.22042
623, 6.23000, 48.06843
624, 6.24000, 49.12781
625, 6.25000, 48.66360
626, 6.26000, 48.54005
627, 6.27000, 48.41519
628, 6.28000, 48.42284
629, 6.29000, 38.12874
630, 6.30000, 37.38091
631, 6.31000, 37.52589
632, 6.32000, 37.05820
633, 6.33000, 37.76604
634, 6.34000, 37.18696
635, 6.35000, 37.38478
636, 6.36000, 37.72550
637, 6.37000, 37.06207
638, 6.38000, 49.53639
639, 6.39000, 48.32755
640, 6.40000, 47.98251
641, 6.41000, 47.94819
642, 6.42000, 48.91098
643, 6.43000, 48.81576
644, 6.44000, 48.88136
645, 6.45000, 47.64452
646, 6.46000, 48.50892
647, 6.47000, 37.65533
648, 6.48000, 37.34913
649, 6.49000, 36.98626
650, 6.50000, 36.73516
651, 6.51000, 36.74085
652, 6.52000, 38.17243
653, 6.53000, 36.79192
654, 6.54000, 47.80339
655, 6.55000, 48.61691
656, 6.56000, 48.64301
657, 6.57000, 48.24851
658, 6.58000, 48.93320
659, 6.59000, 48.03096
660, 6.60000, 48.07219
661, 6.61000, 36.99041
662, 6.62000, 48.53788
663, 6.63000, 37.04838
664, 6.64000, 37.07550
665, 6.65000, 36.81124
666, 6.66000, 37.44528
667, 6.67000, 36.90920
668, 6.68000, 37.38808
669, 6.69000, 36.78622
670, 6.70000, 38.31665
671, 6.71000, 48.66773
672, 6.72000, 49.22422
673, 6.73000, 49.17969
674, 6.74000, 47.76660
675, 6.75000, 47.99325
676, 6.76000, 48.05632
677, 6.77000, 49.19846
678, 6.78000, 48.73236
679, 6.79000, 48.14530
680, 6.80000, 37.36040
681, 6.81000, 36.54159
682, 6.82000, 37.13331
683, 6.83000, 37.52713
684, 6.84000, 37.17356
685, 6.85000, 37.45671
686, 6.86000, 37.84463
687, 6.87000, 37.39978
688, 6.88000, 49.72239
689, 6.89000, 49.35579
690, 6.90000, 48.67492
691, 6.91000, 48.93953
692, 6.92000, 49.14404
693, 6.93000, 48.55214
694, 6.94000, 47.93307
695, 6.95000, 36.45644
696, 6.96000, 37.14711
697, 6.97000, 36.81812
698, 6.98000, 37.24033
699, 6.99000, 37.75071
700, 7.00000, 36.67130
701, 7.01000, 37.34038
702, 7.02000, 36.37550
703, 7.03000, 36.58827
704, 7.04000, 37.10335
705, 7.05000, 50.11038
706, 7.06000, 49.17798
707, 7.07000, 48.47621
708, 7.08000, 48.68322
709, 7.09000, 49.04069
710, 7.10000, 48.99745
711, 7.11000, 49.37546
712, 7.12000, 49.28016
713, 7.13000, 38.12802
714, 7.14000, 39.04357
715, 7.15000, 42.05400
716, 7.16000, 43.03539
717, 7.17000, 43.75859
718, 7.18000, 44.90761
719, 7.19000, 40.43620
720, 7.20000, 39.93159
721, 7.21000, 52.18316
722, 7.22000, 51.89054
723, 7.23000, 54.69079
724, 7.24000, 53.33643
725, 7.25000, 57.62450
726, 7.26000, 57.60856
727, 7.27000, 58.95973
728, 7.28000, 58.47727
729, 7.29000, 45.58409
730, 7.30000, 45.25256
731, 7.31000, 45.05099
732, 7.32000, 43.50689
733, 7.33000, 44.05549
734, 7.34000, 44.00470
735, 7.35000, 44.65912
736, 7.36000, 44.53038
737, 7.37000, 45.36555
738, 7.38000, 58.25179
739, 7.39000, 58.37506
740, 7.40000, 56.41325
741, 7.41000, 57.58095
742, 7.42000, 58.05860
743, 7.43000, 57.56259
744, 7.44000, 57.65991
745, 7.45000, 57.07920
746, 7.46000, 43.74865
747, 7.47000, 43.58496
748, 7.48000, 43.89864
749, 7.49000, 42.27222
750, 7.50000, 42.40585
751, 7.51000, 43.17011
752, 7.52000, 43.06650
753, 7.53000, 43.08309
754, 7.54000, 57.04476
755, 7.55000, 57.83199
756, 7.56000, 58.10550
757, 7.57000, 57.42500
758, 7.58000, 57.82253
759, 7.59000, 57.99670
760, 7.60000, 57.41813
761, 7.61000, 57.76421
762, 7.62000, 44.51074
763, 7.63000, 43.96884
764, 7.64000, 44.68647
765, 7.65000, 44.04895
766, 7.66000, 44.13733
767, 7.67000, 44.25597
768, 7.68000, 44.42357
769, 7.69000, 44.31652
770, 7.70000, 44.72545
771, 7.71000, 57.15065
772, 7.72000, 57.45370
773, 7.73000, 59.17240
774, 7.74000, 58.60072
775, 7.75000, 57.17649
776, 7.76000, 50.50607
777, 7.77000, 50.36143
778, 7.78000, 51.57451
779, 7.79000, 50.06545
780, 7.80000, 37.66800
781, 7.81000, 37.83447
782, 7.82000, 40.31205
783, 7.83000, 40.51356
784, 7.84000, 42.35597
785, 7.85000, 47.94071
786, 7.86000, 47.86829
787, 7.87000, 63.15840
788, 7.88000, 62.99708
789, 7.89000, 63.76691
790, 7.90000, 62.60859
791, 7.91000, 63.61251
792, 7.92000, 61.91223
793, 7.93000, 63.32466
794, 7.94000, 48.10161
795, 7.95000, 62.92825
796, 7.96000, 47.83331
797, 7.97000, 48.10563
798, 7.98000, 47.68312
799, 7.99000, 48.33015
800, 8.00000, 48.18736
801, 8.01000, 48.45160
802, 8.02000, 48.16716
803, 8.03000, 48.33195
804, 8.04000, 62.95405
805, 8.05000, 63.23086
806, 8.06000, 63.31011
807, 8.07000, 63.56057
808, 8.08000, 62.57232
809, 8.09000, 64.02712
810, 8.10000, 63.61880
811, 8.11000, 63.75578
812, 8.12000, 63.82790
813, 8.13000, 47.59954
814, 8.14000, 46.52891
815, 8.15000, 45.60275
816, 8.16000, 44.92493
817, 8.17000, 45.96123
818, 8.18000, 45.56083
819, 8.19000, 45.85289
820, 8.20000, 45.75998
821, 8.21000, 59.61069
822, 8.22000, 60.91963
823, 8.23000, 61.44042
824, 8.24000, 61.85084
825, 8.25000, 59.89180
826, 8.26000, 60.64163
827, 8.27000, 60.43494
828, 8.28000, 46.45122
829, 8.29000, 46.24615
830, 8.30000, 47.00729
831, 8.31000, 46.73402
832, 8.32000, 46.53344
833, 8.33000, 46.37721
834, 8.34000, 46.19383
835, 8.35000, 46.88164
836, 8.36000, 46.48372
837, 8.37000, 61.40581
838, 8.38000, 59.38686
839, 8.39000, 58.57606
840, 8.40000, 58.64314
841, 8.41000, 53.02730
842, 8.42000, 49.15079
843, 8.43000, 50.56458
844, 8.44000, 50.29773
845, 8.45000, 38.48069
846, 8.46000, 38.68295
847, 8.47000, 37.90823
848, 8.48000, 37.40598
849, 8.49000, 37.85961
850, 8.50000, 39.66430
851, 8.51000, 38.71116
852, 8.52000, 37.66379
853, 8.53000, 40.16266
854, 8.54000, 54.16219
855, 8.55000, 51.50645
856, 8.56000, 53.32140
857, 8.57000, 52.06040
858, 8.58000, 52.93993
859, 8.59000, 52.86643
860, 8.60000, 51.39915
861, 8.61000, 51.91918
862, 8.62000, 41.67846
863, 8.63000, 41.63290
864, 8.64000, 41.48487
865, 8.65000, 42.03340
866, 8.66000, 41.54053
867, 8.67000, 41.42463
868, 8.68000, 42.20866
869, 8.69000, 40.63557
870, 8.70000, 40.44351
871, 8.71000, 55.27831
872, 8.72000, 55.87551
873, 8.73000, 54.47128
874, 8.74000, 57.80863
875, 8.75000, 56.13845
876, 8.76000, 56.88245
877, 8.77000, 56.12559
878, 8.78000, 56.81932
879, 8.79000, 43.64937
880, 8.80000, 43.54040
881, 8.81000, 42.69094
882, 8.82000, 40.82940
883, 8.83000, 41.92348
884, 8.84000, 42.68067
885, 8.85000, 41.60295
886, 8.86000, 41.08544
887, 8.87000, 56.90640
888, 8.88000, 57.72317
889, 8.89000, 53.94553
890, 8.90000, 53.85133
891, 8.91000, 55.78011
892, 8.92000, 57.43563
893, 8.93000, 52.32052
894, 8.94000, 55.00585
895, 8.95000, 42.64535
896, 8.96000, 42.33509
897, 8.97000, 45.34102
898, 8.98000, 42.67900
899, 8.99000, 44.16815
900, 9.00000, 42.73530
901, 9.01000, 41.51083
902, 9.02000, 45.08723
903, 9.03000, 43.70997
904, 9.04000, 54.61300
905, 9.05000, 56.14304
906, 9.06000, 57.96970
907, 9.07000, 57.16091
908, 9.08000, 58.41095
909, 9.09000, 57.77468
910, 9.10000, 55.62929
911, 9.11000, 56.91373
912, 9.12000, 54.84358
913, 9.13000, 43.00097
914, 9.14000, 41.53194
915, 9.15000, 42.25452
916, 9.16000, 42.62310
917, 9.17000, 44.20317
918, 9.18000, 44.81689
919, 9.19000, 44.99443
920, 9.20000, 58.32954
921, 9.21000, 60.83745
922, 9.22000, 61.61878
923, 9.23000, 62.51635
924, 9.24000, 62.12382
925, 9.25000, 61.80311
926, 9.26000, 61.00692
927, 9.27000, 61.58808
928, 9.28000, 61.01528
929, 9.29000, 46.71137
930, 9.30000, 46.77210
931, 9.31000, 47.08624
932, 9.32000, 46.79792
933, 9.33000, 47.63333
934, 9.34000, 47.68015
935, 9.35000, 47.08363
936, 9.36000, 47.06433
937, 9.37000, 61.89782
938, 9.38000, 61.48293
939, 9.39000, 62.46008
940, 9.40000, 61.32101
941, 9.41000, 59.96685
942, 9.42000, 61.07508
943, 9.43000, 61.89952
944, 9.44000, 61.62565
945, 9.45000, 61.48282
946, 9.46000, 46.93779
947, 9.47000, 47.83709
948, 9.48000, 47.09338
949, 9.49000, 47.16617
950, 9.50000, 45.66866
951, 9.51000, 46.72032
952, 9.52000, 46.72800
953, 9.53000, 45.80128
954, 9.54000, 61.72944
955, 9.55000, 61.59874
956, 9.56000, 61.07772
957, 9.57000, 61.19716
958, 9.58000, 61.75322
959, 9.59000, 63.11845
960, 9.60000, 59.73057
961, 9.61000, 46.81590
962, 9.62000, 46.96393
963, 9.63000, 46.59823
964, 9.64000, 47.16060
965, 9.65000, 46.77400
966, 9.66000, 44.72010
967, 9.67000, 42.98576
968, 9.68000, 44.54088
969, 9.69000, 43.94863
970, 9.70000, 57.82854
971, 9.71000, 60.38527
972, 9.72000, 59.22438
973, 9.73000, 59.08363
974, 9.74000, 55.81805
975, 9.75000, 58.12615
976, 9.76000, 59.07179
977, 9.77000, 59.59750
978, 9.78000, 44.00857
979, 9.79000, 46.12273
980, 9.80000, 43.74742
981, 9.81000, 44.18725
982, 9.82000, 44.35034
983, 9.83000, 44.51312
984, 9.84000, 43.46860
985, 9.85000, 44.40711
986, 9.86000, 44.43928
987, 9.87000, 58.67232
988, 9.88000, 58.42067
989, 9.89000, 58.73167
990, 9.90000, 58.61187
991, 9.91000, 58.51733
992, 9.92000, 56.73992
993, 9.93000, 56.60696
994, 9.94000, 58.35894
995, 9.95000, 44.64868
996, 9.96000, 42.87595
997, 9.97000, 44.25173
998, 9.98000, 44.09472
999, 9.99000, 44.05800
1000, 10.00000, 44.08490
1001, 10.01000, 43.94777
1002, 10.02000, 43.50466
1003, 10.03000, 44.37040
1004, 10.04000, 58.21726
1005, 10.05000, 57.46713
1006, 10.06000, 56.97010
1007, 10.07000, 57.68958
1008, 10.08000, 58.19926
1009, 10.09000, 58.85196
1010, 10.10000, 58.58388
1011, 10.11000, 55.81014
1012, 10.12000, 43.99692
1013, 10.13000, 43.59032
1014, 10.14000, 43.67267
1015, 10.15000, 43.67108
1016, 10.16000, 43.80946
1017, 10.17000, 41.92423
1018, 10.18000, 37.67214
1019, 10.19000, 38.42738
1020, 10.20000, 50.67478
1021, 10.21000, 50.21045
1022, 10.22000, 50.33582
1023, 10.23000, 48.84396
1024, 10.24000, 49.25512
1025, 10.25000, 51.14776
1026, 10.26000, 50.09495
1027, 10.27000, 49.99299
1028, 10.28000, 38.00849
1029, 10.29000, 38.17061
1030, 10.30000, 39.42134
1031, 10.31000, 39.15009
1032, 10.32000, 38.45259
1033, 10.33000, 39.55719
1034, 10.34000, 39.06607
1035, 10.35000, 39.16486
1036, 10.36000, 38.77050
1037, 10.37000, 49.94977
1038, 10.38000, 49.95139
1039, 10.39000, 49.67346
1040, 10.40000, 49.00951
1041, 10.41000, 49.65318
1042, 10.42000, 49.02643
1043, 10.43000, 49.87918
1044, 10.44000, 48.28857
1045, 10.45000, 49.60803
1046, 10.46000, 37.75401
1047, 10.47000, 38.68330
1048, 10.48000, 38.21664
1049, 10.49000, 37.62786
1050, 10.50000, 38.47093
1051, 10.51000, 37.23640
1052, 10.52000, 38.51934
1053, 10.53000, 49.79347
1054, 10.54000, 50.32186
1055, 10.55000, 50.80471
1056, 10.56000, 50.02585
1057, 10.57000, 49.71435
1058, 10.58000, 50.00910
1059, 10.59000, 49.10211
1060, 10.60000, 49.14324
1061, 10.61000, 49.87989
1062, 10.62000, 38.04412
1063, 10.63000, 39.75883
1064, 10.64000, 44.20327
1065, 10.65000, 46.13169
1066, 10.66000, 43.36080
1067, 10.67000, 45.82515
1068, 10.68000, 44.42925
1069, 10.69000, 44.69034
1070, 10.70000, 59.59684
1071, 10.71000, 59.41561
1072, 10.72000, 58.74366
1073, 10.73000, 59.97697
1074, 10.74000, 59.16847
1075, 10.75000, 59.77766
1076, 10.76000, 57.57491
1077, 10.77000, 58.41621
1078, 10.78000, 57.07729
1079, 10.79000, 43.42317
1080, 10.80000, 45.41307
1081, 10.81000, 45.71098
1082, 10.82000, 44.44670
1083, 10.83000, 45.88845
1084, 10.84000, 44.80725
1085, 10.85000, 44.16542
1086, 10.86000, 44.60339
1087, 10.87000, 59.89734
1088, 10.88000, 59.75731
1089, 10.89000, 57.57969
1090, 10.90000, 57.97645
1091, 10.91000, 57.53204
1092, 10.92000, 58.27213
1093, 10.93000, 60.30805
1094, 10.94000, 44.06903
1095, 10.95000, 44.12207
1096, 10.96000, 45.02207
1097, 10.97000, 45.94372
1098, 10.98000, 44.96435
1099, 10.99000, 43.57603
1100, 11.00000, 44.59310
1101, 11.01000, 43.76144
1102, 11.02000, 44.93831
1103, 11.03000, 59.26249
1104, 11.04000, 59.31309
1105, 11.05000, 55.59858
1106, 11.06000, 52.82680
1107, 11.07000, 56.53168
1108, 11.08000, 58.10546
1109, 11.09000, 57.92952
1110, 11.10000, 58.22637
1111, 11.11000, 56.05076
1112, 11.12000, 42.15874
1113, 11.13000, 41.05475
1114, 11.14000, 40.55028
1115, 11.15000, 41.61723
1116, 11.16000, 42.35815
1117, 11.17000, 40.08022
1118, 11.18000, 42.43692
1119, 11.19000, 41.77025
1120, 11.20000, 57.04095
1121, 11.21000, 57.40381
1122, 11.22000, 57.18501
1123, 11.23000, 56.02367
1124, 11.24000, 56.10729
1125, 11.25000, 54.42159
1126, 11.26000, 55.14406
1127, 11.27000, 42.49466
1128, 11.28000, 41.97611
1129, 11.29000, 44.37372
1130, 11.30000, 42.50721
1131, 11.31000, 43.57350
1132, 11.32000, 42.76474
1133, 11.33000, 43.44633
1134, 11.34000, 43.67888
1135, 11.35000, 42.60392
1136, 11.36000, 43.64079
1137, 11.37000, 56.53269
1138, 11.38000, 57.65915
1139, 11.39000, 56.73354
1140, 11.40000, 57.12983
1141, 11.41000, 57.79873
1142, 11.42000, 57.75049
1143, 11.43000, 57.10202
1144, 11.44000, 57.85594
1145, 11.45000, 43.80834
1146, 11.46000, 43.84105
1147, 11.47000, 43.31564
1148, 11.48000, 43.51736
1149, 11.49000, 47.50604
1150, 11.50000, 47.88824
1151, 11.51000, 47.84487
1152, 11.52000, 48.05153
1153, 11.53000, 61.99324
1154, 11.54000, 63.33784
1155, 11.55000, 62.80744
1156, 11.56000, 62.62185
1157, 11.57000, 61.90900
1158, 11.58000, 62.57565
1159, 11.59000, 61.73131
1160, 11.60000, 60.25195
1161, 11.61000, 46.63795
1162, 11.62000, 47.15441
1163, 11.63000, 46.71382
1164, 11.64000, 47.06267
1165, 11.65000, 45.61061
1166, 11.66000, 46.17782
1167, 11.67000, 45.20081
1168, 11.68000, 47.19489
1169, 11.69000, 45.94983
1170, 11.70000, 61.46293
1171, 11.71000, 60.27380
1172, 11.72000, 60.72728
1173, 11.73000, 60.73637
1174, 11.74000, 60.77827
1175, 11.75000, 60.55339
1176, 11.76000, 60.48371
1177, 11.77000, 60.16818
1178, 11.78000, 60.89910
1179, 11.79000, 45.95396
1180, 11.80000, 45.63958
1181, 11.81000, 46.93815
1182, 11.82000, 46.80050
1183, 11.83000, 46.63915
1184, 11.84000, 46.94346
1185, 11.85000, 46.46025
1186, 11.86000, 62.14969
1187, 11.87000, 61.72086
1188, 11.88000, 61.92301
1189, 11.89000, 61.21398
1190, 11.90000, 61.59716
1191, 11.91000, 61.39108
1192, 11.92000, 61.71798
1193, 11.93000, 61.31590
1194, 11.94000, 61.95972
1195, 11.95000, 46.84105
1196, 11.96000, 47.33840
1197, 11.97000, 46.58894
1198, 11.98000, 46.52843
1199, 11.99000, 47.40911
1200, 12.00000, 47.83467
1201, 12.01000, 47.37775
1202, 12.02000, 46.74172
1203, 12.03000, 60.27073
1204, 12.04000, 60.38331
1205, 12.05000, 60.20133
1206, 12.06000, 61.66693
1207, 12.07000, 61.95495
1208, 12.08000, 61.95800
1209, 12.09000, 61.35805
1210, 12.10000, 61.56986
1211, 12.11000, 61.60491
1212, 12.12000, 47.03766
1213, 12.13000, 46.91788
1214, 12.14000, 47.34285
1215, 12.15000, 46.41064
1216, 12.16000, 47.56149
1217, 12.17000, 47.52299
1218, 12.18000, 47.04899
1219, 12.19000, 59.65233
1220, 12.20000, 58.51534
1221, 12.21000, 59.31348
1222, 12.22000, 59.98733
1223, 12.23000, 59.77235
1224, 12.24000, 60.42629
1225, 12.25000, 59.98084
1226, 12.26000, 60.09757
1227, 12.27000, 45.47548
1228, 12.28000, 46.42852
1229, 12.29000, 45.15194
1230, 12.30000, 46.06655
1231, 12.31000, 45.66745
1232, 12.32000, 45.92724
1233, 12.33000, 45.01146
1234, 12.34000, 46.23972
1235, 12.35000, 45.54256
1236, 12.36000, 59.82454
1237, 12.37000, 59.15079
1238, 12.38000, 59.79471
1239, 12.39000, 61.93084
1240, 12.40000, 61.41396
1241, 12.41000, 61.59574
1242, 12.42000, 60.82595
1243, 12.43000, 60.66361
1244, 12.44000, 61.05120
1245, 12.45000, 46.44935
1246, 12.46000, 46.76981
1247, 12.47000, 46.32883
1248, 12.48000, 46.73217
1249, 12.49000, 46.87506
1250, 12.50000, 47.34041
1251, 12.51000, 46.82507
1252, 12.52000, 46.72236
1253, 12.53000, 61.89281
1254, 12.54000, 60.85830
1255, 12.55000, 60.15936
1256, 12.56000, 60.88285
1257, 12.57000, 60.62136
1258, 12.58000, 60.29932
1259, 12.59000, 60.34517
1260, 12.60000, 46.22005
1261, 12.61000, 46.12922
1262, 12.62000, 46.31499
1263, 12.63000, 46.22001
1264, 12.64000, 46.46396
1265, 12.65000, 45.55457
1266, 12.66000, 46.07907
1267, 12.67000, 45.88493
1268, 12.68000, 46.79216
1269, 12.69000, 46.44020
1270, 12.70000, 61.05382
1271, 12.71000, 60.68681
1272, 12.72000, 60.92324
1273, 12.73000, 59.44675
1274, 12.74000, 59.89723
1275, 12.75000, 60.26787
1276, 12.76000, 61.25872
1277, 12.77000, 56.96635
1278, 12.78000, 43.55930
1279, 12.79000, 43.89586
1280, 12.80000, 44.56521
1281, 12.81000, 42.80744
1282, 12.82000, 43.87027
1283, 12.83000, 44.15386
1284, 12.84000, 43.82295
1285, 12.85000, 43.82223
1286, 12.86000, 58.12136
1287, 12.87000, 58.39704
1288, 12.88000, 58.23012
1289, 12.89000, 56.91031
1290, 12.90000, 58.36230
1291, 12.91000, 58.61465
1292, 12.92000, 58.28298
1293, 12.93000, 59.23917
1294, 12.94000, 44.41843
1295, 12.95000, 45.29871
1296, 12.96000, 45.90848
1297, 12.97000, 43.78430
1298, 12.98000, 44.95710
1299, 12.99000, 45.41872
1300, 13.00000, 45.52024
1301, 13.01000, 45.79942
1302, 13.02000, 45.53888
1303, 13.03000, 59.09537
1304, 13.04000, 60.70902
1305, 13.05000, 59.16974
1306, 13.06000, 58.98649
1307, 13.07000, 59.34996
1308, 13.08000, 60.86088
1309, 13.09000, 61.68692
1310, 13.10000, 59.91420
1311, 13.11000, 46.07474
1312, 13.12000, 46.42381
1313, 13.13000, 45.74576
1314, 13.14000, 46.52113
1315, 13.15000, 46.33364
1316, 13.16000, 46.58752
1317, 13.17000, 45.67714
1318, 13.18000, 45.75266
1319, 13.19000, 60.29631
1320, 13.20000, 60.64276
1321, 13.21000, 60.38461
1322, 13.22000, 61.02849
1323, 13.23000, 60.38005
1324, 13.24000, 61.71158
1325, 13.25000, 61.04653
1326, 13.26000, 61.16217
1327, 13.27000, 46.84659
1328, 13.28000, 46.93643
1329, 13.29000, 46.33243
1330, 13.30000, 46.55120
1331, 13.31000, 47.37467
1332, 13.32000, 46.62174
1333, 13.33000, 46.37810
1334, 13.34000, 46.62717
1335, 13.35000, 46.38312
1336, 13.36000, 61.65978
1337, 13.37000, 60.74208
1338, 13.38000, 62.01896
1339, 13.39000, 60.84290
1340, 13.40000, 60.88938
1341, 13.41000, 59.55893
1342, 13.42000, 61.21368
1343, 13.43000, 61.51636
1344, 13.44000, 61.28772
1345, 13.45000, 46.21215
1346, 13.46000, 46.38579
1347, 13.47000, 46.79804
1348, 13.48000, 46.97964
1349, 13.49000, 46.60851
1350, 13.50000, 47.25632
1351, 13.51000, 45.23496
1352, 13.52000, 60.27857
1353, 13.53000, 59.04403
1354, 13.54000, 60.39735
1355, 13.55000, 60.39539
1356, 13.56000, 59.88980
1357, 13.57000, 59.63593
1358, 13.58000, 59.26783
1359, 13.59000, 58.14638
1360, 13.60000, 44.99781
1361, 13.61000, 44.79058
1362, 13.62000, 45.52729
1363, 13.63000, 44.61581
1364, 13.64000, 44.82523
1365, 13.65000, 44.83738
1366, 13.66000, 45.67061
1367, 13.67000, 44.63362
1368, 13.68000, 44.19587
1369, 13.69000, 58.85193
1370, 13.70000, 58.64158
1371, 13.71000, 60.88108
1372, 13.72000, 61.89950
1373, 13.73000, 61.60732
1374, 13.74000, 61.77809
1375, 13.75000, 62.05836
1376, 13.76000, 60.19542
1377, 13.77000, 60.82854
1378, 13.78000, 47.01587
1379, 13.79000, 47.26414
1380, 13.80000, 46.75681
1381, 13.81000, 46.46902
1382, 13.82000, 47.52841
1383, 13.83000, 47.30221
1384, 13.84000, 46.38492
1385, 13.85000, 47.00576
1386, 13.86000, 60.55174
1387, 13.87000, 60.64113
1388, 13.88000, 58.52681
1389, 13.89000, 49.35352
1390, 13.90000, 50.12687
1391, 13.91000, 50.90851
1392, 13.92000, 49.52952
1393, 13.93000, 38.58501
1394, 13.94000, 37.65185
1395, 13.95000, 37.69478
1396, 13.96000, 37.71949
1397, 13.97000, 37.67652
1398, 13.98000, 37.00455
1399, 13.99000, 37.68307
1400, 14.00000, 40.19049
1401, 14.01000, 41.37895
1402, 14.02000, 41.17989
1403, 14.03000, 54.12534
1404, 14.04000, 55.04814
1405, 14.05000, 54.07126
1406, 14.06000, 56.18489
1407, 14.07000, 54.29801
1408, 14.08000, 56.44307
1409, 14.09000, 53.30440
1410, 14.10000, 54.12883
1411, 14.11000, 43.37451
1412, 14.12000, 42.93426
1413, 14.13000, 40.19696
1414, 14.14000, 41.62411
1415, 14.15000, 40.08941
1416, 14.16000, 42.61861
1417, 14.17000, 41.88888
1418, 14.18000, 43.51493
1419, 14.19000, 58.81472
1420, 14.20000, 55.75742
1421, 14.21000, 56.50150
1422, 14.22000, 57.55238
1423, 14.23000, 56.15931
1424, 14.24000, 57.99488
1425, 14.25000, 58.24557
1426, 14.26000, 58.07834
1427, 14.27000, 44.85406
1428, 14.28000, 44.47030
1429, 14.29000, 42.31295
1430, 14.30000, 43.54217
1431, 14.31000, 42.71210
1432, 14.32000, 43.13139
1433, 14.33000, 42.59360
1434, 14.34000, 42.63191
1435, 14.35000, 42.11031
1436, 14.36000, 55.91393
1437, 14.37000, 54.34266
1438, 14.38000, 54.82690
1439, 14.39000, 55.62210
1440, 14.40000, 55.58972
1441, 14.41000, 55.55383
1442, 14.42000, 56.30816
1443, 14.43000, 54.65338
1444, 14.44000, 43.28884
1445, 14.45000, 42.69152
1446, 14.46000, 43.01991
1447, 14.47000, 43.22010
1448, 14.48000, 42.85078
1449, 14.49000, 43.10526
1450, 14.50000, 42.09429
1451, 14.51000, 43.18486
1452, 14.52000, 57.11794
1453, 14.53000, 55.89877
1454, 14.54000, 57.35185
1455, 14.55000, 57.88420
1456, 14.56000, 57.63014
1457, 14.57000, 56.63619
1458, 14.58000, 57.45727
1459, 14.59000, 57.38922
1460, 14.60000, 43.28535
1461, 14.61000, 43.21250
1462, 14.62000, 43.77651
1463, 14.63000, 43.67761
1464, 14.64000, 43.72846
1465, 14.65000, 43.50938
1466, 14.66000, 43.36563
1467, 14.67000, 44.22565
1468, 14.68000, 43.24674
1469, 14.69000, 57.12729
1470, 14.70000, 56.34403
1471, 14.71000, 56.96927
1472, 14.72000, 57.52235
1473, 14.73000, 49.93662
1474, 14.74000, 50.41905
1475, 14.75000, 49.83045
1476, 14.76000, 49.27996
1477, 14.77000, 49.42063
1478, 14.78000, 38.09779
1479, 14.79000, 38.22419
1480, 14.80000, 38.34521
1481, 14.81000, 37.53325
1482, 14.82000, 38.91241
1483, 14.83000, 38.18828
1484, 14.84000, 37.85295
1485, 14.85000, 48.89810
1486, 14.86000, 49.75437
1487, 14.87000, 49.71178
1488, 14.88000, 49.79689
1489, 14.89000, 50.97839
1490, 14.90000, 49.92187
1491, 14.91000, 50.51541
1492, 14.92000, 39.34388
1493, 14.93000, 54.37029
1494, 14.94000, 44.62434
1495, 14.95000, 46.26468
1496, 14.96000, 45.32155
1497, 14.97000, 46.28537
1498, 14.98000, 45.75565
1499, 14.99000, 46.01218
1500, 15.00000, 45.79662
1501, 15.01000, 43.94761
1502, 15.02000, 61.06849
1503, 15.03000, 60.27609
1504, 15.04000, 60.44899
1505, 15.05000, 59.98844
1506, 15.06000, 60.74138
1507, 15.07000, 59.83769
1508, 15.08000, 60.76530
1509, 15.09000, 61.74487
1510, 15.10000, 59.73091
1511, 15.11000, 46.59679
1512, 15.12000, 38.11988
1513, 15.13000, 38.49642
1514, 15.14000, 38.61662
1515, 15.15000, 38.25312
1516, 15.16000, 38.14774
1517, 15.17000, 37.87567
1518, 15.18000, 38.01699
1519, 15.19000, 50.54668
1520, 15.20000, 50.02696
1521, 15.21000, 49.55436
1522, 15.22000, 49.81086
1523, 15.23000, 49.34220
1524, 15.24000, 50.06038
1525, 15.25000, 50.37257
1526, 15.26000, 37.97668
1527, 15.27000, 38.01474
1528, 15.28000, 37.99650
1529, 15.29000, 38.26472
1530, 15.30000, 38.18643
1531, 15.31000, 38.07567
1532, 15.32000, 37.92005
1533, 15.33000, 38.44508
1534, 15.34000, 37.74673
1535, 15.35000, 38.62646
1536, 15.36000, 48.81924
1537, 15.37000, 49.90862
1538, 15.38000, 49.45568
1539, 15.39000, 49.81644
1540, 15.40000, 48.42015
1541, 15.41000, 50.20753
1542, 15.42000, 49.77569
1543, 15.43000, 50.24484
1544, 15.44000, 38.32774
1545, 15.45000, 37.44685
1546, 15.46000, 38.29272
1547, 15.47000, 38.14492
1548, 15.48000, 37.95562
1549, 15.49000, 37.71705
1550, 15.50000, 37.53301
1551, 15.51000, 39.25154
1552, 15.52000, 49.20775
1553, 15.53000, 50.19987
1554, 15.54000, 49.17692
1555, 15.55000, 49.17133
1556, 15.56000, 50.28303
1557, 15.57000, 49.38865
1558, 15.58000, 50.47065
1559, 15.59000, 49.11766
1560, 15.60000, 38.47163
1561, 15.61000, 38.02188
1562, 15.62000, 39.41462
1563, 15.63000, 38.50302
1564, 15.64000, 39.06374
1565, 15.65000, 37.19782
1566, 15.66000, 38.35808
1567, 15.67000, 38.85761
1568, 15.68000, 38.33126
1569, 15.69000, 51.19716
1570, 15.70000, 50.97006
1571, 15.71000, 50.87607
1572, 15.72000, 50.06637
1573, 15.73000, 52.49919
1574, 15.74000, 50.33893
1575, 15.75000, 51.37953
1576, 15.76000, 52.04905
1577, 15.77000, 38.91117
1578, 15.78000, 38.24591
1579, 15.79000, 38.86487
1580, 15.80000, 44.06513
1581, 15.81000, 44.92292
1582, 15.82000, 46.77616
1583, 15.83000, 47.20387
1584, 15.84000, 47.06810
1585, 15.85000, 58.98006
1586, 15.86000, 59.92271
1587, 15.87000, 59.52182
1588, 15.88000, 60.95087
1589, 15.89000, 60.33785
1590, 15.90000, 61.54416
1591, 15.91000, 57.67976
1592, 15.92000, 61.49016
1593, 15.93000, 46.91718
1594, 15.94000, 37.81792
1595, 15.95000, 36.97799
1596, 15.96000, 37.48503
1597, 15.97000, 39.40647
1598, 15.98000, 39.63630
1599, 15.99000, 40.07786
1600, 16.00000, 39.73300
1601, 16.01000, 41.90667
1602, 16.02000, 55.31690
1603, 16.03000, 53.58763
1604, 16.04000, 54.45633
1605, 16.05000, 53.28996
1606, 16.06000, 51.83988
1607, 16.07000, 52.43081
1608, 16.08000, 54.03863
1609, 16.09000, 55.75813
1610, 16.10000, 55.70003
1611, 16.11000, 42.50504
1612, 16.12000, 41.35103
1613, 16.13000, 40.64669
1614, 16.14000, 41.08422
1615, 16.15000, 43.50971
1616, 16.16000, 41.08353
1617, 16.17000, 41.99915
1618, 16.18000, 52.38730
1619, 16.19000, 52.31966
1620, 16.20000, 52.36334
1621, 16.21000, 49.90720
1622, 16.22000, 53.66296
1623, 16.23000, 54.76828
1624, 16.24000, 55.19463
1625, 16.25000, 44.03725
1626, 16.26000, 53.55272
1627, 16.27000, 41.31811
1628, 16.28000, 42.04477
1629, 16.29000, 39.88347
1630, 16.30000, 43.83294
1631, 16.31000, 44.73705
1632, 16.32000, 44.87766
1633, 16.33000, 42.56682
1634, 16.34000, 41.52338
1635, 16.35000, 52.02394
1636, 16.36000, 54.58531
1637, 16.37000, 53.24599
1638, 16.38000, 58.09792
1639, 16.39000, 55.42053
1640, 16.40000, 54.04754
1641, 16.41000, 51.86674
1642, 16.42000, 52.76237
1643, 16.43000, 57.14172
1644, 16.44000, 41.60281
1645, 16.45000, 40.09643
1646, 16.46000, 43.61262
1647, 16.47000, 40.55671
1648, 16.48000, 42.55693
1649, 16.49000, 42.36138
1650, 16.50000, 41.50624
1651, 16.51000, 41.41773
1652, 16.52000, 57.07442
1653, 16.53000, 53.13810
1654, 16.54000, 53.99904
1655, 16.55000, 60.91111
1656, 16.56000, 52.89434
1657, 16.57000, 53.20469
1658, 16.58000, 54.52708
1659, 16.59000, 44.55593
1660, 16.60000, 42.14822
1661, 16.61000, 41.24600
1662, 16.62000, 44.41331
1663, 16.63000, 41.62145
1664, 16.64000, 43.47121
1665, 16.65000, 40.04678
1666, 16.66000, 41.82345
1667, 16.67000, 43.99309
1668, 16.68000, 42.80504
1669, 16.69000, 55.66081
1670, 16.70000, 55.20645
1671, 16.71000, 51.85948
1672, 16.72000, 53.21472
1673, 16.73000, 50.08446
1674, 16.74000, 49.11613
1675, 16.75000, 49.39661
1676, 16.76000, 53.83725
1677, 16.77000, 40.80297
1678, 16.78000, 38.91560
1679, 16.79000, 36.88376
1680, 16.80000, 37.76996
1681, 16.81000, 37.53465
1682, 16.82000, 37.28783
1683, 16.83000, 39.85688
1684, 16.84000, 36.60534
1685, 16.85000, 49.65315
1686, 16.86000, 49.12966
1687, 16.87000, 48.06189
1688, 16.88000, 51.55777
1689, 16.89000, 48.32314
1690, 16.90000, 49.46805
1691, 16.91000, 49.56858
1692, 16.92000, 50.08044
1693, 16.93000, 38.47267
1694, 16.94000, 39.64728
1695, 16.95000, 37.78898
1696, 16.96000, 37.88291
1697, 16.97000, 40.13593
1698, 16.98000, 40.69435
1699, 16.99000, 37.38523
1700, 17.00000, 37.72104
1701, 17.01000, 37.13620
1702, 17.02000, 49.89717
1703, 17.03000, 49.21185
1704, 17.04000, 48.61362
1705, 17.05000, 49.43840
1706, 17.06000, 48.77861
1707, 17.07000, 48.55718
1708, 17.08000, 52.05518
1709, 17.09000, 48.96097
1710, 17.10000, 37.10606
1711, 17.11000, 37.81899
1712, 17.12000, 38.27709
1713, 17.13000, 39.39631
1714, 17.14000, 38.88449
1715, 17.15000, 38.69213
1716, 17.16000, 37.34366
1717, 17.17000, 40.43504
1718, 17.18000, 49.85410
1719, 17.19000, 48.44180
1720, 17.20000, 48.69392
1721, 17.21000, 51.41534
1722, 17.22000, 48.92968
1723, 17.23000, 48.65524
1724, 17.24000, 48.58319
1725, 17.25000, 50.76112
1726, 17.26000, 38.16978
1727, 17.27000, 40.89516
1728, 17.28000, 37.83187
1729, 17.29000, 39.34798
1730, 17.30000, 38.49117
1731, 17.31000, 38.84048
1732, 17.32000, 39.57082
1733, 17.33000, 38.85924
1734, 17.34000, 39.49295
1735, 17.35000, 48.95689
1736, 17.36000, 47.64937
1737, 17.37000, 51.32840
1738, 17.38000, 50.72481
1739, 17.39000, 49.02574
1740, 17.40000, 48.80000
1741, 17.41000, 49.96723
1742, 17.42000, 49.09455
1743, 17.43000, 48.57308
1744, 17.44000, 39.18969
1745, 17.45000, 36.62440
1746, 17.46000, 39.95847
1747, 17.47000, 38.43852
1748, 17.48000, 39.97032
1749, 17.49000, 39.99775
1750, 17.50000, 38.94514
1751, 17.51000, 50.68803
1752, 17.52000, 49.12733
1753, 17.53000, 50.77425
1754, 17.54000, 48.45110
1755, 17.55000, 49.91187
1756, 17.56000, 51.15255
1757, 17.57000, 49.38071
1758, 17.58000, 47.63064
1759, 17.59000, 48.30571
1760, 17.60000, 38.67402
1761, 17.61000, 37.96586
1762, 17.62000, 37.79034
1763, 17.63000, 38.18381
1764, 17.64000, 37.68996
1765, 17.65000, 37.82584
1766, 17.66000, 41.39212
1767, 17.67000, 37.79600
1768, 17.68000, 49.64433
1769, 17.69000, 49.28046
1770, 17.70000, 50.11755
1771, 17.71000, 50.36503
1772, 17.72000, 50.70852
1773, 17.73000, 49.38310
1774, 17.74000, 50.43916
1775, 17.75000, 50.02574
1776, 17.76000, 49.13365
1777, 17.77000, 38.04931
1778, 17.78000, 39.38493
1779, 17.79000, 37.61402
1780, 17.80000, 36.93518
1781, 17.81000, 39.27722
1782, 17.82000, 37.84886
1783, 17.83000, 39.63251
1784, 17.84000, 39.97865
1785, 17.85000, 48.11921
1786, 17.86000, 51.32415
1787, 17.87000, 50.83402
1788, 17.88000, 52.08163
1789, 17.89000, 49.18930
1790, 17.90000, 50.81387
1791, 17.91000, 49.06310
1792, 17.92000, 37.82999
1793, 17.93000, 39.02292
1794, 17.94000, 39.72971
1795, 17.95000, 37.74528
1796, 17.96000, 40.77489
1797, 17.97000, 40.95109
1798, 17.98000, 38.49809
1799, 17.99000, 37.07349
1800, 18.00000, 37.43551
1801, 18.01000, 51.78114
1802, 18.02000, 51.27984
1803, 18.03000, 49.64887
1804, 18.04000, 52.17430
1805, 18.05000, 48.96443
1806, 18.06000, 49.69903
1807, 18.07000, 49.22742
1808, 18.08000, 49.63576
1809, 18.09000, 37.71081
1810, 18.10000, 39.41849
1811, 18.11000, 37.73643
1812, 18.12000, 37.55540
1813, 18.13000, 37.75524
1814, 18.14000, 38.26643
1815, 18.15000, 39.68528
1816, 18.16000, 37.57178
1817, 18.17000, 36.98368
1818, 18.18000, 51.11212
1819, 18.19000, 50.02255
1820, 18.20000, 50.34760
1821, 18.21000, 50.31474
1822, 18.22000, 48.53302
1823, 18.23000, 48.47319
1824, 18.24000, 48.45493
1825, 18.25000, 50.86250
1826, 18.26000, 39.26095
1827, 18.27000, 38.30932
1828, 18.28000, 36.83457
1829, 18.29000, 37.95720
1830, 18.30000, 38.16212
1831, 18.31000, 38.57037
1832, 18.32000, 39.13833
1833, 18.33000, 38.87727
1834, 18.34000, 39.26233
1835, 18.35000, 50.02775
1836, 18.36000, 49.92875
1837, 18.37000, 49.23832
1838, 18.38000, 49.17515
1839, 18.39000, 49.23947
1840, 18.40000, 49.17050
1841, 18.41000, 49.86244
1842, 18.42000, 50.36309
1843, 18.43000, 36.75751
1844, 18.44000, 38.36585
1845, 18.45000, 37.44368
1846, 18.46000, 37.96886
1847, 18.47000, 37.50544
1848, 18.48000, 38.23043
1849, 18.49000, 37.58611
1850, 18.50000, 38.93426
1851, 18.51000, 50.78920
1852, 18.52000, 49.48176
1853, 18.53000, 48.78508
1854, 18.54000, 49.39851
1855, 18.55000, 49.10202
1856, 18.56000, 50.18378
1857, 18.57000, 49.35322
1858, 18.58000, 50.35020
1859, 18.59000, 39.72407
1860, 18.60000, 37.69750
1861, 18.61000, 39.91843
1862, 18.62000, 37.90470
1863, 18.63000, 37.99460
1864, 18.64000, 37.34530
1865, 18.65000, 39.85979
1866, 18.66000, 40.27439
1867, 18.67000, 37.13199
1868, 18.68000, 47.92362
1869, 18.69000, 48.16422
1870, 18.70000, 51.04651
1871, 18.71000, 47.47974
1872, 18.72000, 49.21116
1873, 18.73000, 49.24459
1874, 18.74000, 48.95455
1875, 18.75000, 48.22243
1876, 18.76000, 47.63563
1877, 18.77000, 38.46018
1878, 18.78000, 39.08554
1879, 18.79000, 36.71592
1880, 18.80000, 36.43035
1881, 18.81000, 37.58792
1882, 18.82000, 37.56493
1883, 18.83000, 37.99008
1884, 18.84000, 50.78457
1885, 18.85000, 48.52751
1886, 18.86000, 48.52084
1887, 18.87000, 47.84472
1888, 18.88000, 49.65083
1889, 18.89000, 48.39741
1890, 18.90000, 50.20012
1891, 18.91000, 48.22419
1892, 18.92000, 47.31341
1893, 18.93000, 37.58259
1894, 18.94000, 37.12283
1895, 18.95000, 38.84462
1896, 18.96000, 38.71709
1897, 18.97000, 36.80289
1898, 18.98000, 37.79224
1899, 18.99000, 36.49239
1900, 19.00000, 44.65081
1901, 19.01000, 53.07983
1902, 19.02000, 51.21369
1903, 19.03000, 50.10039
1904, 19.04000, 50.20261
1905, 19.05000, 48.06055
1906, 19.06000, 50.60464
1907, 19.07000, 49.02989
1908, 19.08000, 49.37073
1909, 19.09000, 48.53329
1910, 19.10000, 38.72468
1911, 19.11000, 38.75476
1912, 19.12000, 37.84805
1913, 19.13000, 37.71689
1914, 19.14000, 37.72179
1915, 19.15000, 37.47106
1916, 19.16000, 39.75479
1917, 19.17000, 38.96427
1918, 19.18000, 49.47842
1919, 19.19000, 50.45360
1920, 19.20000, 49.82324
1921, 19.21000, 50.86281
1922, 19.22000, 51.14550
1923, 19.23000, 49.85611
1924, 19.24000, 49.11099
1925, 19.25000, 37.96329
1926, 19.26000, 38.85014
1927, 19.27000, 38.01456
1928, 19.28000, 38.37619
1929, 19.29000, 37.24142
1930, 19.30000, 37.91310
1931, 19.31000, 37.12282
1932, 19.32000, 38.78344
1933, 19.33000, 37.17017
1934, 19.34000, 48.93913
1935, 19.35000, 50.60654
1936, 19.36000, 50.06218
1937, 19.37000, 49.64545
1938, 19.38000, 50.00552
1939, 19.39000, 48.68447
1940, 19.40000, 48.07255
1941, 19.41000, 49.71826
1942, 19.42000, 38.37741
1943, 19.43000, 36.90056
1944, 19.44000, 39.09885
1945, 19.45000, 39.25936
1946, 19.46000, 38.77099
1947, 19.47000, 39.10802
1948, 19.48000, 37.13404
1949, 19.49000, 37.51825
1950, 19.50000, 38.36244
1951, 19.51000, 48.97342
1952, 19.52000, 47.45804
1953, 19.53000, 47.18526
1954, 19.54000, 49.91996
1955, 19.55000, 49.55512
1956, 19.56000, 53.40842
1957, 19.57000, 49.41999
1958, 19.58000, 48.75973
1959, 19.59000, 37.76754
1960, 19.60000, 37.71760
1961, 19.61000, 38.14150
1962, 19.62000, 37.08479
1963, 19.63000, 37.68567
1964, 19.64000, 36.31123
1965, 19.65000, 37.28500
1966, 19.66000, 37.63067
1967, 19.67000, 36.49837
1968, 19.68000, 48.69504
1969, 19.69000, 47.56867
1970, 19.70000, 52.44830
1971, 19.71000, 50.66205
1972, 19.72000, 59.04972
1973, 19.73000, 50.44298
1974, 19.74000, 50.81986
1975, 19.75000, 49.44505
1976, 19.76000, 37.30867
1977, 19.77000, 37.02541
1978, 19.78000, 36.83983
1979, 19.79000, 38.40207
1980, 19.80000, 38.32247
1981, 19.81000, 37.35154
1982, 19.82000, 36.91276
1983, 19.83000, 38.76451
1984, 19.84000, 49.91459
1985, 19.85000, 50.81313
1986, 19.86000, 49.66765
1987, 19.87000, 48.48722
1988, 19.88000, 49.10904
1989, 19.89000, 49.15529
1990, 19.90000, 48.46444
1991, 19.91000, 48.71485
1992, 19.92000, 36.87810
1993, 19.93000, 38.28832
1994, 19.94000, 37.91448
1995, 19.95000, 36.74133
1996, 19.96000, 37.51252
1997, 19.97000, 36.70961
1998, 19.98000, 38.26443
1999, 19.99000, 39.20964
2000, 20.00000, 38.39781
2001, 20.01000, 47.83844
