nt, t, solve_time
1, 0.01000, 60.79098
2, 0.02000, 54.24337
3, 0.03000, 43.58631
4, 0.04000, 38.43664
5, 0.05000, 37.35013
6, 0.06000, 40.25887
7, 0.07000, 52.26038
8, 0.08000, 27.42147
9, 0.09000, 40.90339
10, 0.10000, 33.84197
11, 0.11000, 30.05202
12, 0.12000, 46.28263
13, 0.13000, 33.31624
14, 0.14000, 45.53729
15, 0.15000, 44.97785
16, 0.16000, 39.37288
17, 0.17000, 34.82840
18, 0.18000, 26.07064
19, 0.19000, 25.39381
20, 0.20000, 34.05212
21, 0.21000, 37.82257
22, 0.22000, 36.72760
23, 0.23000, 44.72480
24, 0.24000, 49.64351
25, 0.25000, 47.82712
26, 0.26000, 39.68119
27, 0.27000, 26.59225
28, 0.28000, 58.21912
29, 0.29000, 37.24322
30, 0.30000, 27.74527
31, 0.31000, 41.48179
32, 0.32000, 45.05427
33, 0.33000, 34.07209
34, 0.34000, 43.63155
35, 0.35000, 44.99957
36, 0.36000, 25.18970
37, 0.37000, 43.79078
38, 0.38000, 37.36081
39, 0.39000, 35.63907
40, 0.40000, 41.30843
41, 0.41000, 43.44738
42, 0.42000, 32.79779
43, 0.43000, 27.83897
44, 0.44000, 25.63843
45, 0.45000, 33.35475
46, 0.46000, 27.88130
47, 0.47000, 23.24948
48, 0.48000, 38.21153
49, 0.49000, 22.19574
50, 0.50000, 22.17648
51, 0.51000, 23.09304
52, 0.52000, 27.91614
53, 0.53000, 21.64228
54, 0.54000, 22.37005
55, 0.55000, 18.46298
56, 0.56000, 22.05876
57, 0.57000, 17.27354
58, 0.58000, 15.38207
59, 0.59000, 14.75392
60, 0.60000, 15.26492
61, 0.61000, 19.76152
62, 0.62000, 21.32898
63, 0.63000, 18.33012
64, 0.64000, 19.70270
65, 0.65000, 14.97932
66, 0.66000, 23.13799
67, 0.67000, 20.49590
68, 0.68000, 22.50932
69, 0.69000, 16.86157
70, 0.70000, 36.33571
71, 0.71000, 29.70774
72, 0.72000, 24.07178
73, 0.73000, 20.61203
74, 0.74000, 26.95817
75, 0.75000, 31.52216
76, 0.76000, 23.36176
77, 0.77000, 25.68854
78, 0.78000, 30.26342
79, 0.79000, 24.09859
80, 0.80000, 20.70266
81, 0.81000, 26.84371
82, 0.82000, 23.50867
83, 0.83000, 32.82573
84, 0.84000, 30.43326
85, 0.85000, 27.52698
86, 0.86000, 23.83677
87, 0.87000, 22.52787
88, 0.88000, 17.79294
89, 0.89000, 21.81733
90, 0.90000, 20.52834
91, 0.91000, 28.45704
92, 0.92000, 25.55741
93, 0.93000, 20.34126
94, 0.94000, 26.07465
95, 0.95000, 23.49967
96, 0.96000, 30.82119
97, 0.97000, 27.59969
98, 0.98000, 21.51673
99, 0.99000, 19.42189
100, 1.00000, 16.98373
101, 1.01000, 27.43621
102, 1.02000, 21.32200
103, 1.03000, 24.91518
104, 1.04000, 24.15981
105, 1.05000, 18.91661
106, 1.06000, 25.66226
107, 1.07000, 28.52360
108, 1.08000, 28.27511
109, 1.09000, 29.24301
110, 1.10000, 27.31653
111, 1.11000, 21.27211
112, 1.12000, 20.43183
113, 1.13000, 16.03255
114, 1.14000, 19.92931
115, 1.15000, 30.56566
116, 1.16000, 19.91865
117, 1.17000, 34.48488
118, 1.18000, 30.57002
119, 1.19000, 37.46606
120, 1.20000, 32.72747
121, 1.21000, 28.08733
122, 1.22000, 23.68931
123, 1.23000, 28.43632
124, 1.24000, 34.04104
125, 1.25000, 17.36739
126, 1.26000, 38.44517
127, 1.27000, 36.60950
128, 1.28000, 41.00095
129, 1.29000, 20.70554
130, 1.30000, 35.40928
131, 1.31000, 27.18914
132, 1.32000, 35.31274
133, 1.33000, 45.00872
134, 1.34000, 50.05412
135, 1.35000, 39.78515
136, 1.36000, 49.51014
137, 1.37000, 30.50407
138, 1.38000, 38.63595
139, 1.39000, 34.45547
140, 1.40000, 36.12345
141, 1.41000, 52.05939
142, 1.42000, 33.69697
143, 1.43000, 43.21298
144, 1.44000, 41.68474
145, 1.45000, 37.36511
146, 1.46000, 46.49613
147, 1.47000, 41.89504
148, 1.48000, 43.94928
149, 1.49000, 37.12869
150, 1.50000, 45.33639
151, 1.51000, 37.49053
152, 1.52000, 37.26371
153, 1.53000, 26.41824
154, 1.54000, 23.83332
155, 1.55000, 29.33872
156, 1.56000, 32.27008
157, 1.57000, 28.51075
158, 1.58000, 28.05268
159, 1.59000, 30.31812
160, 1.60000, 33.90211
161, 1.61000, 44.14324
162, 1.62000, 37.51482
163, 1.63000, 25.97566
164, 1.64000, 19.28327
165, 1.65000, 33.01223
166, 1.66000, 34.12113
167, 1.67000, 34.29785
168, 1.68000, 28.11436
169, 1.69000, 37.27131
170, 1.70000, 32.86074
171, 1.71000, 33.97826
172, 1.72000, 28.59163
173, 1.73000, 51.34605
174, 1.74000, 42.21959
175, 1.75000, 36.00414
176, 1.76000, 33.25795
177, 1.77000, 43.66483
178, 1.78000, 37.35579
179, 1.79000, 44.69879
180, 1.80000, 30.45820
181, 1.81000, 40.80175
182, 1.82000, 29.40994
183, 1.83000, 27.41600
184, 1.84000, 19.69970
185, 1.85000, 22.98481
186, 1.86000, 22.62433
187, 1.87000, 29.12053
188, 1.88000, 32.99406
189, 1.89000, 35.64781
190, 1.90000, 39.73401
191, 1.91000, 31.65687
192, 1.92000, 45.39532
193, 1.93000, 43.70622
194, 1.94000, 47.23416
195, 1.95000, 41.54443
196, 1.96000, 40.40817
197, 1.97000, 41.77795
198, 1.98000, 30.18650
199, 1.99000, 35.55466
200, 2.00000, 39.88291
201, 2.01000, 38.66558
202, 2.02000, 35.75088
203, 2.03000, 26.38652
204, 2.04000, 39.33342
205, 2.05000, 40.24373
206, 2.06000, 36.94211
207, 2.07000, 26.72188
208, 2.08000, 26.05410
209, 2.09000, 28.18327
210, 2.10000, 36.77047
211, 2.11000, 33.72846
212, 2.12000, 39.24443
213, 2.13000, 35.36401
214, 2.14000, 42.21422
215, 2.15000, 46.70210
216, 2.16000, 46.84660
217, 2.17000, 41.26521
218, 2.18000, 39.25360
219, 2.19000, 28.79013
220, 2.20000, 25.65032
221, 2.21000, 28.50623
222, 2.22000, 27.06994
223, 2.23000, 25.82184
224, 2.24000, 33.68004
225, 2.25000, 32.77582
226, 2.26000, 28.52936
227, 2.27000, 24.38951
228, 2.28000, 22.41223
229, 2.29000, 26.87991
230, 2.30000, 27.38679
231, 2.31000, 32.88111
232, 2.32000, 28.11483
233, 2.33000, 26.83480
234, 2.34000, 29.49476
235, 2.35000, 30.28733
236, 2.36000, 28.99196
237, 2.37000, 34.81817
238, 2.38000, 31.10722
239, 2.39000, 34.10461
240, 2.40000, 34.52315
241, 2.41000, 35.68470
242, 2.42000, 27.17864
243, 2.43000, 25.04008
244, 2.44000, 19.95848
245, 2.45000, 29.35137
246, 2.46000, 35.91333
247, 2.47000, 23.45607
248, 2.48000, 32.47914
249, 2.49000, 26.26742
250, 2.50000, 27.38985
251, 2.51000, 21.74183
252, 2.52000, 27.53998
253, 2.53000, 38.89103
254, 2.54000, 36.33909
255, 2.55000, 41.45338
256, 2.56000, 31.39203
257, 2.57000, 28.50184
258, 2.58000, 24.06428
259, 2.59000, 35.30849
260, 2.60000, 35.19948
261, 2.61000, 35.44622
262, 2.62000, 25.79234
263, 2.63000, 22.40600
264, 2.64000, 24.06527
265, 2.65000, 22.91045
266, 2.66000, 30.58757
267, 2.67000, 26.14533
268, 2.68000, 26.43165
269, 2.69000, 29.27366
270, 2.70000, 37.05554
271, 2.71000, 23.56622
272, 2.72000, 25.66024
273, 2.73000, 30.71774
274, 2.74000, 26.94241
275, 2.75000, 31.45493
276, 2.76000, 36.14695
277, 2.77000, 32.45731
278, 2.78000, 33.04199
279, 2.79000, 25.84019
280, 2.80000, 24.55503
281, 2.81000, 28.44599
282, 2.82000, 30.16312
283, 2.83000, 40.38872
284, 2.84000, 39.90448
285, 2.85000, 29.62720
286, 2.86000, 30.14183
287, 2.87000, 25.40032
288, 2.88000, 24.60160
289, 2.89000, 24.20828
290, 2.90000, 28.41500
291, 2.91000, 26.66828
292, 2.92000, 29.56534
293, 2.93000, 22.75796
294, 2.94000, 21.85354
295, 2.95000, 20.76759
296, 2.96000, 27.00410
297, 2.97000, 33.29102
298, 2.98000, 42.12344
299, 2.99000, 26.60339
300, 3.00000, 26.02281
301, 3.01000, 27.66737
302, 3.02000, 21.80369
303, 3.03000, 34.20048
304, 3.04000, 29.03371
305, 3.05000, 27.00186
306, 3.06000, 29.78708
307, 3.07000, 32.26543
308, 3.08000, 36.32864
309, 3.09000, 30.26785
310, 3.10000, 34.62479
311, 3.11000, 30.74518
312, 3.12000, 27.92460
313, 3.13000, 25.01857
314, 3.14000, 27.03021
315, 3.15000, 27.30657
316, 3.16000, 34.72349
317, 3.17000, 25.39434
318, 3.18000, 21.30602
319, 3.19000, 16.55092
320, 3.20000, 24.58286
321, 3.21000, 36.56160
322, 3.22000, 33.01632
323, 3.23000, 43.47996
324, 3.24000, 40.29377
325, 3.25000, 40.42304
326, 3.26000, 37.30655
327, 3.27000, 26.60782
328, 3.28000, 27.17019
329, 3.29000, 28.88200
330, 3.30000, 19.74428
331, 3.31000, 29.80613
332, 3.32000, 40.17462
333, 3.33000, 41.74490
334, 3.34000, 24.29713
335, 3.35000, 39.33525
336, 3.36000, 33.37855
337, 3.37000, 23.01347
338, 3.38000, 34.36754
339, 3.39000, 32.83353
340, 3.40000, 29.92854
341, 3.41000, 30.00245
342, 3.42000, 39.71930
343, 3.43000, 32.55882
344, 3.44000, 35.14350
345, 3.45000, 26.60264
346, 3.46000, 33.41409
347, 3.47000, 37.46397
348, 3.48000, 49.47625
349, 3.49000, 25.80426
350, 3.50000, 27.93323
351, 3.51000, 43.55099
352, 3.52000, 39.78080
353, 3.53000, 36.78638
354, 3.54000, 33.93640
355, 3.55000, 32.89563
356, 3.56000, 40.99291
357, 3.57000, 35.84928
358, 3.58000, 31.85186
359, 3.59000, 25.47711
360, 3.60000, 26.84749
361, 3.61000, 27.66885
362, 3.62000, 27.63851
363, 3.63000, 21.78055
364, 3.64000, 22.55683
365, 3.65000, 25.83247
366, 3.66000, 26.67774
367, 3.67000, 26.19952
368, 3.68000, 33.34076
369, 3.69000, 31.08383
370, 3.70000, 25.26373
371, 3.71000, 26.35013
372, 3.72000, 25.91424
373, 3.73000, 25.67306
374, 3.74000, 28.92702
375, 3.75000, 29.70625
376, 3.76000, 30.35546
377, 3.77000, 23.44581
378, 3.78000, 24.71313
379, 3.79000, 29.85991
380, 3.80000, 32.91419
381, 3.81000, 25.04342
382, 3.82000, 26.84301
383, 3.83000, 31.86249
384, 3.84000, 34.19510
385, 3.85000, 36.29160
386, 3.86000, 35.43474
387, 3.87000, 28.02846
388, 3.88000, 34.44056
389, 3.89000, 30.74476
390, 3.90000, 21.73818
391, 3.91000, 21.37459
392, 3.92000, 25.35850
393, 3.93000, 29.39853
394, 3.94000, 23.61666
395, 3.95000, 23.84418
396, 3.96000, 23.01368
397, 3.97000, 26.82458
398, 3.98000, 33.17523
399, 3.99000, 28.07611
400, 4.00000, 24.58132
401, 4.01000, 23.89666
402, 4.02000, 24.14375
403, 4.03000, 24.96438
404, 4.04000, 33.85445
405, 4.05000, 35.46223
406, 4.06000, 29.60582
407, 4.07000, 30.14699
408, 4.08000, 23.35773
409, 4.09000, 29.70861
410, 4.10000, 28.61273
411, 4.11000, 27.47486
412, 4.12000, 23.26174
413, 4.13000, 28.49486
414, 4.14000, 32.36447
415, 4.15000, 34.52544
416, 4.16000, 32.28128
417, 4.17000, 32.80711
418, 4.18000, 30.57869
419, 4.19000, 29.44281
420, 4.20000, 23.47078
421, 4.21000, 27.19116
422, 4.22000, 28.67204
423, 4.23000, 32.43113
424, 4.24000, 30.99767
425, 4.25000, 27.92052
426, 4.26000, 29.00625
427, 4.27000, 18.91058
428, 4.28000, 25.55683
429, 4.29000, 29.46186
430, 4.30000, 30.85964
431, 4.31000, 32.56093
432, 4.32000, 27.28772
433, 4.33000, 21.99320
434, 4.34000, 22.67947
435, 4.35000, 23.71194
436, 4.36000, 22.40337
437, 4.37000, 27.42553
438, 4.38000, 27.23517
439, 4.39000, 29.76339
440, 4.40000, 32.43023
441, 4.41000, 31.67087
442, 4.42000, 23.80365
443, 4.43000, 24.18537
444, 4.44000, 24.23596
445, 4.45000, 25.27909
446, 4.46000, 27.22665
447, 4.47000, 33.62044
448, 4.48000, 28.31450
449, 4.49000, 23.89869
450, 4.50000, 31.97465
451, 4.51000, 28.19203
452, 4.52000, 33.87461
453, 4.53000, 29.03061
454, 4.54000, 26.56401
455, 4.55000, 28.60417
456, 4.56000, 31.00527
457, 4.57000, 25.92678
458, 4.58000, 23.69877
459, 4.59000, 20.80824
460, 4.60000, 25.16774
461, 4.61000, 25.06287
462, 4.62000, 27.49499
463, 4.63000, 26.34564
464, 4.64000, 26.55080
465, 4.65000, 29.51260
466, 4.66000, 30.72139
467, 4.67000, 27.13935
468, 4.68000, 29.76737
469, 4.69000, 36.98961
470, 4.70000, 26.30565
471, 4.71000, 25.92542
472, 4.72000, 35.95262
473, 4.73000, 34.42859
474, 4.74000, 29.69132
475, 4.75000, 34.66555
476, 4.76000, 27.68480
477, 4.77000, 23.82198
478, 4.78000, 25.25990
479, 4.79000, 30.29513
480, 4.80000, 32.68441
481, 4.81000, 32.71756
482, 4.82000, 23.30114
483, 4.83000, 32.65263
484, 4.84000, 30.10280
485, 4.85000, 40.80974
486, 4.86000, 30.99676
487, 4.87000, 21.16859
488, 4.88000, 34.40998
489, 4.89000, 30.49356
490, 4.90000, 31.96882
491, 4.91000, 25.35900
492, 4.92000, 20.59370
493, 4.93000, 22.56213
494, 4.94000, 33.21658
495, 4.95000, 36.08483
496, 4.96000, 31.20350
497, 4.97000, 32.72860
498, 4.98000, 33.65240
499, 4.99000, 26.18898
500, 5.00000, 25.50725
501, 5.01000, 23.57269
502, 5.02000, 30.14194
503, 5.03000, 31.62376
504, 5.04000, 28.87768
505, 5.05000, 26.58317
506, 5.06000, 25.36286
507, 5.07000, 28.01259
508, 5.08000, 28.01904
509, 5.09000, 28.88841
510, 5.10000, 24.74689
511, 5.11000, 21.94454
512, 5.12000, 35.77879
513, 5.13000, 34.50009
514, 5.14000, 31.67184
515, 5.15000, 28.59336
516, 5.16000, 30.36935
517, 5.17000, 29.10947
518, 5.18000, 36.32759
519, 5.19000, 32.76084
520, 5.20000, 28.65960
521, 5.21000, 29.43611
522, 5.22000, 25.12542
523, 5.23000, 26.11791
524, 5.24000, 28.24264
525, 5.25000, 21.56860
526, 5.26000, 22.99577
527, 5.27000, 28.86132
528, 5.28000, 29.20053
529, 5.29000, 30.82573
530, 5.30000, 30.16843
531, 5.31000, 36.23352
532, 5.32000, 36.47955
533, 5.33000, 31.58466
534, 5.34000, 28.21590
535, 5.35000, 18.39604
536, 5.36000, 20.63518
537, 5.37000, 21.36974
538, 5.38000, 29.79771
539, 5.39000, 34.94868
540, 5.40000, 22.92900
541, 5.41000, 20.03095
542, 5.42000, 14.73489
543, 5.43000, 14.68875
544, 5.44000, 18.70623
545, 5.45000, 29.73801
546, 5.46000, 41.97577
547, 5.47000, 32.84246
548, 5.48000, 28.27332
549, 5.49000, 29.88052
550, 5.50000, 33.66470
551, 5.51000, 21.40022
552, 5.52000, 29.20594
553, 5.53000, 38.02824
554, 5.54000, 35.60963
555, 5.55000, 22.94195
556, 5.56000, 25.92692
557, 5.57000, 34.23764
558, 5.58000, 29.82750
559, 5.59000, 24.69265
560, 5.60000, 33.60783
561, 5.61000, 31.37228
562, 5.62000, 31.27790
563, 5.63000, 35.38288
564, 5.64000, 21.96143
565, 5.65000, 22.89711
566, 5.66000, 28.43351
567, 5.67000, 27.04974
568, 5.68000, 22.43520
569, 5.69000, 27.88800
570, 5.70000, 24.54913
571, 5.71000, 28.76258
572, 5.72000, 35.56833
573, 5.73000, 29.57743
574, 5.74000, 31.73207
575, 5.75000, 30.36083
576, 5.76000, 22.05564
577, 5.77000, 21.58343
578, 5.78000, 32.50103
579, 5.79000, 32.31295
580, 5.80000, 34.15405
581, 5.81000, 33.81566
582, 5.82000, 27.71840
583, 5.83000, 32.48207
584, 5.84000, 30.16917
585, 5.85000, 29.91621
586, 5.86000, 21.33728
587, 5.87000, 19.32069
588, 5.88000, 20.21192
589, 5.89000, 27.96861
590, 5.90000, 26.72777
591, 5.91000, 26.58597
592, 5.92000, 25.70633
593, 5.93000, 27.48910
594, 5.94000, 20.49680
595, 5.95000, 21.27595
596, 5.96000, 26.19618
597, 5.97000, 22.38591
598, 5.98000, 22.13378
599, 5.99000, 26.34685
600, 6.00000, 38.41682
601, 6.01000, 28.77382
602, 6.02000, 30.60448
603, 6.03000, 26.82444
604, 6.04000, 26.74758
605, 6.05000, 21.70790
606, 6.06000, 22.52872
607, 6.07000, 23.10353
608, 6.08000, 22.27362
609, 6.09000, 22.48815
610, 6.10000, 24.49714
611, 6.11000, 32.38557
612, 6.12000, 33.22939
613, 6.13000, 38.34179
614, 6.14000, 29.55884
615, 6.15000, 20.60252
616, 6.16000, 24.92620
617, 6.17000, 29.59572
618, 6.18000, 29.62083
619, 6.19000, 33.67623
620, 6.20000, 28.85808
621, 6.21000, 31.73552
622, 6.22000, 28.15486
623, 6.23000, 28.25795
624, 6.24000, 19.59746
625, 6.25000, 21.71001
626, 6.26000, 30.30574
627, 6.27000, 25.51761
628, 6.28000, 21.25654
629, 6.29000, 34.73117
630, 6.30000, 34.77147
631, 6.31000, 32.85613
632, 6.32000, 31.31399
633, 6.33000, 26.75742
634, 6.34000, 26.97231
635, 6.35000, 29.35071
636, 6.36000, 29.45333
637, 6.37000, 34.59430
638, 6.38000, 33.86214
639, 6.39000, 36.64166
640, 6.40000, 27.14742
641, 6.41000, 22.73733
642, 6.42000, 27.44052
643, 6.43000, 25.94107
644, 6.44000, 27.19581
645, 6.45000, 24.58321
646, 6.46000, 20.77069
647, 6.47000, 26.53617
648, 6.48000, 29.54431
649, 6.49000, 34.97776
650, 6.50000, 35.64817
651, 6.51000, 32.52009
652, 6.52000, 26.57882
653, 6.53000, 28.15665
654, 6.54000, 26.91462
655, 6.55000, 33.47490
656, 6.56000, 37.54134
657, 6.57000, 30.05301
658, 6.58000, 25.78754
659, 6.59000, 30.44722
660, 6.60000, 28.99566
661, 6.61000, 22.97921
662, 6.62000, 24.95185
663, 6.63000, 30.36636
664, 6.64000, 29.14007
665, 6.65000, 31.79218
666, 6.66000, 28.38540
667, 6.67000, 26.70780
668, 6.68000, 30.71561
669, 6.69000, 31.23028
670, 6.70000, 35.40976
671, 6.71000, 38.52268
672, 6.72000, 28.59539
673, 6.73000, 24.15358
674, 6.74000, 28.75809
675, 6.75000, 31.91904
676, 6.76000, 27.59792
677, 6.77000, 31.96643
678, 6.78000, 25.32829
679, 6.79000, 32.05113
680, 6.80000, 35.92259
681, 6.81000, 29.70074
682, 6.82000, 28.63745
683, 6.83000, 29.90235
684, 6.84000, 35.63434
685, 6.85000, 36.85199
686, 6.86000, 35.33916
687, 6.87000, 38.32510
688, 6.88000, 33.99244
689, 6.89000, 38.49186
690, 6.90000, 27.56297
691, 6.91000, 31.53779
692, 6.92000, 34.05634
693, 6.93000, 22.96175
694, 6.94000, 19.62584
695, 6.95000, 22.27792
696, 6.96000, 25.73541
697, 6.97000, 25.93679
698, 6.98000, 21.33247
699, 6.99000, 30.03488
700, 7.00000, 27.33180
701, 7.01000, 28.04580
702, 7.02000, 28.47531
703, 7.03000, 27.50250
704, 7.04000, 23.02281
705, 7.05000, 28.14309
706, 7.06000, 20.10298
707, 7.07000, 21.53519
708, 7.08000, 23.70555
709, 7.09000, 22.84846
710, 7.10000, 26.30729
711, 7.11000, 20.89642
712, 7.12000, 31.89657
713, 7.13000, 31.38087
714, 7.14000, 27.26523
715, 7.15000, 30.83681
716, 7.16000, 29.87636
717, 7.17000, 28.22990
718, 7.18000, 32.83856
719, 7.19000, 25.73178
720, 7.20000, 23.79544
721, 7.21000, 32.62955
722, 7.22000, 30.00835
723, 7.23000, 20.84151
724, 7.24000, 18.92204
725, 7.25000, 29.34097
726, 7.26000, 27.27989
727, 7.27000, 23.39617
728, 7.28000, 30.71698
729, 7.29000, 40.58153
730, 7.30000, 33.50734
731, 7.31000, 37.27546
732, 7.32000, 28.43448
733, 7.33000, 30.06024
734, 7.34000, 31.69524
735, 7.35000, 25.51629
736, 7.36000, 26.85651
737, 7.37000, 39.16321
738, 7.38000, 29.49577
739, 7.39000, 23.41000
740, 7.40000, 20.74426
741, 7.41000, 19.00891
742, 7.42000, 18.14173
743, 7.43000, 27.62615
744, 7.44000, 28.61164
745, 7.45000, 30.14357
746, 7.46000, 29.86805
747, 7.47000, 27.28626
748, 7.48000, 22.95594
749, 7.49000, 26.37688
750, 7.50000, 31.48770
751, 7.51000, 29.44953
752, 7.52000, 31.47761
753, 7.53000, 29.52727
754, 7.54000, 26.70524
755, 7.55000, 23.22820
756, 7.56000, 25.21764
757, 7.57000, 21.89640
758, 7.58000, 24.38114
759, 7.59000, 24.38305
760, 7.60000, 22.22288
761, 7.61000, 22.97330
762, 7.62000, 24.82481
763, 7.63000, 34.00326
764, 7.64000, 35.26246
765, 7.65000, 34.75676
766, 7.66000, 40.07345
767, 7.67000, 32.07926
768, 7.68000, 47.90353
769, 7.69000, 34.96153
770, 7.70000, 32.45998
771, 7.71000, 25.65947
772, 7.72000, 20.44880
773, 7.73000, 22.87182
774, 7.74000, 20.93021
775, 7.75000, 25.09812
776, 7.76000, 24.22193
777, 7.77000, 28.60051
778, 7.78000, 25.85076
779, 7.79000, 18.82775
780, 7.80000, 22.14837
781, 7.81000, 25.43589
782, 7.82000, 27.46657
783, 7.83000, 22.59610
784, 7.84000, 30.28304
785, 7.85000, 28.44351
786, 7.86000, 26.98823
787, 7.87000, 28.50129
788, 7.88000, 26.00045
789, 7.89000, 24.38816
790, 7.90000, 23.31442
791, 7.91000, 32.60585
792, 7.92000, 29.30534
793, 7.93000, 33.15233
794, 7.94000, 32.22263
795, 7.95000, 25.63628
796, 7.96000, 24.33641
797, 7.97000, 27.04497
798, 7.98000, 26.89554
799, 7.99000, 25.17683
800, 8.00000, 22.84889
801, 8.01000, 27.66063
802, 8.02000, 31.19201
803, 8.03000, 35.63762
804, 8.04000, 29.83396
805, 8.05000, 25.10468
806, 8.06000, 21.31070
807, 8.07000, 19.58810
808, 8.08000, 15.48827
809, 8.09000, 21.89549
810, 8.10000, 25.89464
811, 8.11000, 32.46171
812, 8.12000, 22.75788
813, 8.13000, 31.65898
814, 8.14000, 29.22262
815, 8.15000, 24.26389
816, 8.16000, 29.51027
817, 8.17000, 31.87730
818, 8.18000, 30.60907
819, 8.19000, 33.87431
820, 8.20000, 27.64141
821, 8.21000, 29.80720
822, 8.22000, 25.25031
823, 8.23000, 27.86713
824, 8.24000, 26.65330
825, 8.25000, 31.03154
826, 8.26000, 23.65243
827, 8.27000, 26.31350
828, 8.28000, 23.81134
829, 8.29000, 27.84489
830, 8.30000, 33.31013
831, 8.31000, 32.45674
832, 8.32000, 35.40168
833, 8.33000, 28.63218
834, 8.34000, 30.96677
835, 8.35000, 34.88391
836, 8.36000, 31.13993
837, 8.37000, 26.94236
838, 8.38000, 29.75474
839, 8.39000, 23.95980
840, 8.40000, 29.35332
841, 8.41000, 22.95364
842, 8.42000, 36.01725
843, 8.43000, 40.24183
844, 8.44000, 32.54514
845, 8.45000, 31.81297
846, 8.46000, 33.04556
847, 8.47000, 32.28635
848, 8.48000, 23.17666
849, 8.49000, 22.31027
850, 8.50000, 24.50046
851, 8.51000, 26.93757
852, 8.52000, 30.86596
853, 8.53000, 30.72511
854, 8.54000, 19.33682
855, 8.55000, 23.25156
856, 8.56000, 28.37087
857, 8.57000, 31.25756
858, 8.58000, 27.85470
859, 8.59000, 29.18899
860, 8.60000, 27.63259
861, 8.61000, 26.20405
862, 8.62000, 31.85906
863, 8.63000, 41.07398
864, 8.64000, 32.87121
865, 8.65000, 32.88821
866, 8.66000, 29.77902
867, 8.67000, 34.75462
868, 8.68000, 30.79783
869, 8.69000, 24.22429
870, 8.70000, 30.68945
871, 8.71000, 29.18282
872, 8.72000, 22.85150
873, 8.73000, 18.87288
874, 8.74000, 24.99565
875, 8.75000, 38.05647
876, 8.76000, 30.30381
877, 8.77000, 26.76709
878, 8.78000, 28.00867
879, 8.79000, 30.83256
880, 8.80000, 34.44833
881, 8.81000, 26.16621
882, 8.82000, 36.60380
883, 8.83000, 34.86850
884, 8.84000, 31.11369
885, 8.85000, 30.28985
886, 8.86000, 32.19399
887, 8.87000, 20.61116
888, 8.88000, 21.53731
889, 8.89000, 22.89402
890, 8.90000, 25.45663
891, 8.91000, 31.81534
892, 8.92000, 37.89304
893, 8.93000, 42.95783
894, 8.94000, 29.67753
895, 8.95000, 35.49930
896, 8.96000, 28.54651
897, 8.97000, 27.18773
898, 8.98000, 27.26736
899, 8.99000, 31.23187
900, 9.00000, 35.88433
901, 9.01000, 36.58999
902, 9.02000, 30.75732
903, 9.03000, 21.93492
904, 9.04000, 19.62149
905, 9.05000, 22.02779
906, 9.06000, 21.95791
907, 9.07000, 27.39748
908, 9.08000, 19.52969
909, 9.09000, 19.55116
910, 9.10000, 19.70493
911, 9.11000, 31.93451
912, 9.12000, 30.80639
913, 9.13000, 33.02617
914, 9.14000, 26.93384
915, 9.15000, 29.10628
916, 9.16000, 23.32634
917, 9.17000, 28.50027
918, 9.18000, 30.51535
919, 9.19000, 30.75305
920, 9.20000, 20.92260
921, 9.21000, 23.26034
922, 9.22000, 25.76988
923, 9.23000, 34.07365
924, 9.24000, 26.10676
925, 9.25000, 28.88561
926, 9.26000, 35.22935
927, 9.27000, 38.17850
928, 9.28000, 33.76506
929, 9.29000, 30.56905
930, 9.30000, 31.48249
931, 9.31000, 36.05743
932, 9.32000, 33.11316
933, 9.33000, 31.39035
934, 9.34000, 27.39133
935, 9.35000, 24.54031
936, 9.36000, 26.17822
937, 9.37000, 27.05160
938, 9.38000, 27.58693
939, 9.39000, 26.12482
940, 9.40000, 28.67879
941, 9.41000, 33.83815
942, 9.42000, 34.06990
943, 9.43000, 31.58236
944, 9.44000, 31.01205
945, 9.45000, 26.33066
946, 9.46000, 32.62436
947, 9.47000, 29.48438
948, 9.48000, 26.20614
949, 9.49000, 31.53563
950, 9.50000, 29.80472
951, 9.51000, 30.22232
952, 9.52000, 24.29570
953, 9.53000, 26.43869
954, 9.54000, 23.97848
955, 9.55000, 21.44028
956, 9.56000, 29.43554
957, 9.57000, 33.15321
958, 9.58000, 28.16744
959, 9.59000, 26.68115
960, 9.60000, 31.69511
961, 9.61000, 30.74334
962, 9.62000, 29.00436
963, 9.63000, 29.93382
964, 9.64000, 37.63416
965, 9.65000, 32.63735
966, 9.66000, 25.77829
967, 9.67000, 27.44524
968, 9.68000, 33.50114
969, 9.69000, 34.08023
970, 9.70000, 17.99769
971, 9.71000, 21.17503
972, 9.72000, 24.63749
973, 9.73000, 26.41482
974, 9.74000, 26.45522
975, 9.75000, 29.71204
976, 9.76000, 31.21304
977, 9.77000, 21.17732
978, 9.78000, 25.19435
979, 9.79000, 22.56687
980, 9.80000, 24.85671
981, 9.81000, 30.84250
982, 9.82000, 29.31889
983, 9.83000, 31.50035
984, 9.84000, 27.32958
985, 9.85000, 25.92362
986, 9.86000, 21.32647
987, 9.87000, 25.02824
988, 9.88000, 27.12296
989, 9.89000, 26.69689
990, 9.90000, 32.09434
991, 9.91000, 30.37543
992, 9.92000, 28.68797
993, 9.93000, 27.22979
994, 9.94000, 28.96406
995, 9.95000, 25.31313
996, 9.96000, 27.90530
997, 9.97000, 30.91167
998, 9.98000, 28.89338
999, 9.99000, 27.73615
1000, 10.00000, 34.23884
1001, 10.01000, 38.42829
1002, 10.02000, 28.98000
1003, 10.03000, 24.76718
1004, 10.04000, 29.54013
1005, 10.05000, 26.66480
1006, 10.06000, 29.08524
1007, 10.07000, 29.91493
1008, 10.08000, 29.74324
1009, 10.09000, 33.40590
1010, 10.10000, 37.41176
1011, 10.11000, 27.96843
1012, 10.12000, 29.33350
1013, 10.13000, 30.12335
1014, 10.14000, 22.61943
1015, 10.15000, 22.92945
1016, 10.16000, 19.71998
1017, 10.17000, 28.34927
1018, 10.18000, 32.76111
1019, 10.19000, 22.57660
1020, 10.20000, 17.04535
1021, 10.21000, 22.32012
1022, 10.22000, 24.41056
1023, 10.23000, 27.88806
1024, 10.24000, 25.58537
1025, 10.25000, 26.81811
1026, 10.26000, 30.31540
1027, 10.27000, 24.63123
1028, 10.28000, 23.54884
1029, 10.29000, 19.51479
1030, 10.30000, 18.88124
1031, 10.31000, 25.78096
1032, 10.32000, 29.82851
1033, 10.33000, 32.45671
1034, 10.34000, 26.78357
1035, 10.35000, 35.45396
1036, 10.36000, 27.32546
1037, 10.37000, 28.52351
1038, 10.38000, 32.03376
1039, 10.39000, 33.57688
1040, 10.40000, 27.53787
1041, 10.41000, 24.57705
1042, 10.42000, 26.65239
1043, 10.43000, 24.93265
1044, 10.44000, 25.86446
1045, 10.45000, 33.34752
1046, 10.46000, 29.69009
1047, 10.47000, 29.62842
1048, 10.48000, 34.19700
1049, 10.49000, 31.34753
1050, 10.50000, 36.76819
1051, 10.51000, 31.21265
1052, 10.52000, 25.88169
1053, 10.53000, 30.73206
1054, 10.54000, 28.18707
1055, 10.55000, 22.49629
1056, 10.56000, 36.42197
1057, 10.57000, 28.22939
1058, 10.58000, 33.52607
1059, 10.59000, 42.45970
1060, 10.60000, 37.29184
1061, 10.61000, 34.66859
1062, 10.62000, 32.15967
1063, 10.63000, 31.56199
1064, 10.64000, 31.23687
1065, 10.65000, 31.74970
1066, 10.66000, 34.17098
1067, 10.67000, 28.05871
1068, 10.68000, 25.37494
1069, 10.69000, 25.74491
1070, 10.70000, 19.68343
1071, 10.71000, 17.97528
1072, 10.72000, 26.29301
1073, 10.73000, 27.94271
1074, 10.74000, 34.89165
1075, 10.75000, 28.76832
1076, 10.76000, 20.35029
1077, 10.77000, 20.22469
1078, 10.78000, 24.60523
1079, 10.79000, 28.83923
1080, 10.80000, 33.50774
1081, 10.81000, 28.89255
1082, 10.82000, 30.55498
1083, 10.83000, 34.46574
1084, 10.84000, 32.43306
1085, 10.85000, 30.87511
1086, 10.86000, 31.69925
1087, 10.87000, 24.70009
1088, 10.88000, 25.49735
1089, 10.89000, 28.46989
1090, 10.90000, 38.36356
1091, 10.91000, 37.36315
1092, 10.92000, 32.82386
1093, 10.93000, 24.68454
1094, 10.94000, 29.13443
1095, 10.95000, 33.98134
1096, 10.96000, 37.83516
1097, 10.97000, 28.24727
1098, 10.98000, 36.51491
1099, 10.99000, 33.06843
1100, 11.00000, 25.18941
1101, 11.01000, 27.11359
1102, 11.02000, 21.73630
1103, 11.03000, 23.91031
1104, 11.04000, 26.87200
1105, 11.05000, 31.18962
1106, 11.06000, 32.67122
1107, 11.07000, 27.67188
1108, 11.08000, 35.52931
1109, 11.09000, 27.18314
1110, 11.10000, 27.31891
1111, 11.11000, 28.31953
1112, 11.12000, 32.46869
1113, 11.13000, 24.61507
1114, 11.14000, 24.56201
1115, 11.15000, 25.50810
1116, 11.16000, 34.70458
1117, 11.17000, 25.06811
1118, 11.18000, 26.83745
1119, 11.19000, 25.87604
1120, 11.20000, 26.59376
1121, 11.21000, 24.58453
1122, 11.22000, 31.66957
1123, 11.23000, 38.05877
1124, 11.24000, 26.82268
1125, 11.25000, 29.88289
1126, 11.26000, 29.89688
1127, 11.27000, 24.79008
1128, 11.28000, 22.74347
1129, 11.29000, 20.66048
1130, 11.30000, 28.52086
1131, 11.31000, 30.50772
1132, 11.32000, 24.85492
1133, 11.33000, 32.72193
1134, 11.34000, 31.04887
1135, 11.35000, 19.16007
1136, 11.36000, 17.86177
1137, 11.37000, 23.14435
1138, 11.38000, 28.59587
1139, 11.39000, 27.99761
1140, 11.40000, 27.73119
1141, 11.41000, 30.31154
1142, 11.42000, 27.39596
1143, 11.43000, 32.28060
1144, 11.44000, 31.17139
1145, 11.45000, 35.59462
1146, 11.46000, 29.33445
1147, 11.47000, 30.82484
1148, 11.48000, 26.69679
1149, 11.49000, 27.22330
1150, 11.50000, 29.36920
1151, 11.51000, 29.66778
1152, 11.52000, 29.04765
1153, 11.53000, 24.11303
1154, 11.54000, 26.79263
1155, 11.55000, 28.23240
1156, 11.56000, 30.82907
1157, 11.57000, 29.50987
1158, 11.58000, 28.78034
1159, 11.59000, 32.45066
1160, 11.60000, 33.23322
1161, 11.61000, 31.06916
1162, 11.62000, 36.34112
1163, 11.63000, 29.16843
1164, 11.64000, 30.19243
1165, 11.65000, 25.28188
1166, 11.66000, 24.40362
1167, 11.67000, 22.35955
1168, 11.68000, 21.84413
1169, 11.69000, 21.30643
1170, 11.70000, 23.97364
1171, 11.71000, 29.71536
1172, 11.72000, 27.56967
1173, 11.73000, 28.23200
1174, 11.74000, 36.46766
1175, 11.75000, 23.65701
1176, 11.76000, 21.26708
1177, 11.77000, 29.61124
1178, 11.78000, 24.79786
1179, 11.79000, 27.53277
1180, 11.80000, 21.82821
1181, 11.81000, 23.06676
1182, 11.82000, 25.16139
1183, 11.83000, 27.14121
1184, 11.84000, 23.76976
1185, 11.85000, 20.77907
1186, 11.86000, 23.50372
1187, 11.87000, 24.85982
1188, 11.88000, 32.37345
1189, 11.89000, 30.64157
1190, 11.90000, 26.83814
1191, 11.91000, 32.65726
1192, 11.92000, 23.68829
1193, 11.93000, 29.35509
1194, 11.94000, 21.09015
1195, 11.95000, 17.99144
1196, 11.96000, 15.69812
1197, 11.97000, 18.60427
1198, 11.98000, 19.04441
1199, 11.99000, 26.33841
1200, 12.00000, 26.79323
1201, 12.01000, 24.91182
1202, 12.02000, 23.80423
1203, 12.03000, 25.83168
1204, 12.04000, 33.78120
1205, 12.05000, 33.49832
1206, 12.06000, 31.93673
1207, 12.07000, 28.09919
1208, 12.08000, 28.03196
1209, 12.09000, 30.10723
1210, 12.10000, 33.04317
1211, 12.11000, 35.43810
1212, 12.12000, 33.62961
1213, 12.13000, 23.47846
1214, 12.14000, 23.30396
1215, 12.15000, 21.71338
1216, 12.16000, 26.59091
1217, 12.17000, 16.78143
1218, 12.18000, 22.93734
1219, 12.19000, 21.10061
1220, 12.20000, 24.42957
1221, 12.21000, 27.90664
1222, 12.22000, 29.69229
1223, 12.23000, 32.21046
1224, 12.24000, 24.17125
1225, 12.25000, 29.10007
1226, 12.26000, 32.46030
1227, 12.27000, 37.86286
1228, 12.28000, 25.91395
1229, 12.29000, 29.49366
1230, 12.30000, 31.84956
1231, 12.31000, 22.33594
1232, 12.32000, 23.28137
1233, 12.33000, 31.85808
1234, 12.34000, 21.13346
1235, 12.35000, 22.27836
1236, 12.36000, 18.85631
1237, 12.37000, 21.94008
1238, 12.38000, 23.59012
1239, 12.39000, 28.59466
1240, 12.40000, 30.59680
1241, 12.41000, 31.71634
1242, 12.42000, 29.97640
1243, 12.43000, 26.46303
1244, 12.44000, 34.18252
1245, 12.45000, 33.89882
1246, 12.46000, 35.87611
1247, 12.47000, 24.02540
1248, 12.48000, 25.45303
1249, 12.49000, 32.78058
1250, 12.50000, 23.05185
1251, 12.51000, 20.61878
1252, 12.52000, 21.90084
1253, 12.53000, 21.08673
1254, 12.54000, 38.01445
1255, 12.55000, 37.81961
1256, 12.56000, 27.35404
1257, 12.57000, 31.25775
1258, 12.58000, 27.08849
1259, 12.59000, 31.65587
1260, 12.60000, 24.00267
1261, 12.61000, 21.25251
1262, 12.62000, 34.22670
1263, 12.63000, 43.07213
1264, 12.64000, 37.17055
1265, 12.65000, 30.26498
1266, 12.66000, 29.33723
1267, 12.67000, 16.66628
1268, 12.68000, 17.54553
1269, 12.69000, 20.31278
1270, 12.70000, 26.56400
1271, 12.71000, 25.80870
1272, 12.72000, 23.75186
1273, 12.73000, 22.89910
1274, 12.74000, 25.00043
1275, 12.75000, 24.66875
1276, 12.76000, 32.74568
1277, 12.77000, 30.34930
1278, 12.78000, 28.72899
1279, 12.79000, 30.86109
1280, 12.80000, 29.65826
1281, 12.81000, 32.94426
1282, 12.82000, 26.02370
1283, 12.83000, 18.87189
1284, 12.84000, 21.65504
1285, 12.85000, 22.15182
1286, 12.86000, 20.19058
1287, 12.87000, 30.78908
1288, 12.88000, 24.46368
1289, 12.89000, 21.34248
1290, 12.90000, 22.17048
1291, 12.91000, 25.11367
1292, 12.92000, 25.29785
1293, 12.93000, 26.36144
1294, 12.94000, 22.84336
1295, 12.95000, 26.26481
1296, 12.96000, 26.47292
1297, 12.97000, 35.90304
1298, 12.98000, 36.77341
1299, 12.99000, 28.71205
1300, 13.00000, 20.86434
1301, 13.01000, 23.32470
1302, 13.02000, 27.98340
1303, 13.03000, 28.97589
1304, 13.04000, 29.12993
1305, 13.05000, 31.66281
1306, 13.06000, 23.87277
1307, 13.07000, 29.58198
1308, 13.08000, 28.00597
1309, 13.09000, 24.94843
1310, 13.10000, 28.59811
1311, 13.11000, 28.06107
1312, 13.12000, 36.24864
1313, 13.13000, 29.13983
1314, 13.14000, 25.82996
1315, 13.15000, 30.71940
1316, 13.16000, 25.16020
1317, 13.17000, 24.91226
1318, 13.18000, 21.54650
1319, 13.19000, 33.27935
1320, 13.20000, 34.44352
1321, 13.21000, 27.34567
1322, 13.22000, 29.38306
1323, 13.23000, 29.27301
1324, 13.24000, 25.05671
1325, 13.25000, 24.77673
1326, 13.26000, 26.15920
1327, 13.27000, 30.54466
1328, 13.28000, 29.76202
1329, 13.29000, 33.52762
1330, 13.30000, 30.55958
1331, 13.31000, 34.13435
1332, 13.32000, 35.21524
1333, 13.33000, 28.19938
1334, 13.34000, 22.74326
1335, 13.35000, 20.50134
1336, 13.36000, 29.49727
1337, 13.37000, 25.34165
1338, 13.38000, 26.58306
1339, 13.39000, 21.53143
1340, 13.40000, 25.02488
1341, 13.41000, 30.44194
1342, 13.42000, 26.72854
1343, 13.43000, 23.44881
1344, 13.44000, 21.28113
1345, 13.45000, 28.22202
1346, 13.46000, 31.02577
1347, 13.47000, 27.77563
1348, 13.48000, 28.88688
1349, 13.49000, 18.50336
1350, 13.50000, 18.80789
1351, 13.51000, 22.25205
1352, 13.52000, 31.22985
1353, 13.53000, 34.05753
1354, 13.54000, 34.60245
1355, 13.55000, 26.93354
1356, 13.56000, 22.08288
1357, 13.57000, 25.26485
1358, 13.58000, 36.51141
1359, 13.59000, 30.98936
1360, 13.60000, 33.28650
1361, 13.61000, 34.07703
1362, 13.62000, 31.15453
1363, 13.63000, 27.60154
1364, 13.64000, 33.12501
1365, 13.65000, 29.35187
1366, 13.66000, 21.12757
1367, 13.67000, 23.82526
1368, 13.68000, 20.68793
1369, 13.69000, 31.11938
1370, 13.70000, 31.91539
1371, 13.71000, 27.15167
1372, 13.72000, 31.39291
1373, 13.73000, 30.91761
1374, 13.74000, 32.94510
1375, 13.75000, 32.64697
1376, 13.76000, 25.12881
1377, 13.77000, 20.98941
1378, 13.78000, 24.15930
1379, 13.79000, 26.69433
1380, 13.80000, 28.20600
1381, 13.81000, 32.25655
1382, 13.82000, 27.27508
1383, 13.83000, 24.01841
1384, 13.84000, 24.34409
1385, 13.85000, 30.34240
1386, 13.86000, 30.86008
1387, 13.87000, 24.38905
1388, 13.88000, 31.81355
1389, 13.89000, 27.09612
1390, 13.90000, 23.58084
1391, 13.91000, 25.53872
1392, 13.92000, 24.51879
1393, 13.93000, 30.62872
1394, 13.94000, 27.53923
1395, 13.95000, 32.89655
1396, 13.96000, 20.70250
1397, 13.97000, 27.15032
1398, 13.98000, 30.82515
1399, 13.99000, 22.47650
1400, 14.00000, 23.96786
1401, 14.01000, 24.98004
1402, 14.02000, 29.55070
1403, 14.03000, 32.47129
1404, 14.04000, 26.47434
1405, 14.05000, 29.48531
1406, 14.06000, 31.26467
1407, 14.07000, 26.57227
1408, 14.08000, 32.31053
1409, 14.09000, 31.71788
1410, 14.10000, 20.38185
1411, 14.11000, 23.00062
1412, 14.12000, 26.06757
1413, 14.13000, 34.93393
1414, 14.14000, 27.64186
1415, 14.15000, 20.89322
1416, 14.16000, 18.46830
1417, 14.17000, 16.82033
1418, 14.18000, 25.41839
1419, 14.19000, 29.37609
1420, 14.20000, 21.00197
1421, 14.21000, 21.88836
1422, 14.22000, 18.34282
1423, 14.23000, 20.66507
1424, 14.24000, 23.38102
1425, 14.25000, 28.10320
1426, 14.26000, 24.64061
1427, 14.27000, 25.20248
1428, 14.28000, 28.67624
1429, 14.29000, 25.21975
1430, 14.30000, 26.96222
1431, 14.31000, 27.31123
1432, 14.32000, 22.50510
1433, 14.33000, 23.92440
1434, 14.34000, 24.15492
1435, 14.35000, 30.05582
1436, 14.36000, 30.41001
1437, 14.37000, 28.38439
1438, 14.38000, 22.72654
1439, 14.39000, 28.35784
1440, 14.40000, 24.90277
1441, 14.41000, 26.22881
1442, 14.42000, 29.88418
1443, 14.43000, 31.05736
1444, 14.44000, 29.01512
1445, 14.45000, 26.15373
1446, 14.46000, 31.65754
1447, 14.47000, 23.27131
1448, 14.48000, 23.01835
1449, 14.49000, 19.67007
1450, 14.50000, 29.81358
1451, 14.51000, 32.35421
1452, 14.52000, 35.01498
1453, 14.53000, 38.03497
1454, 14.54000, 33.66266
1455, 14.55000, 27.14873
1456, 14.56000, 22.61048
1457, 14.57000, 24.20529
1458, 14.58000, 31.10803
1459, 14.59000, 31.10570
1460, 14.60000, 21.03212
1461, 14.61000, 25.42183
1462, 14.62000, 26.32996
1463, 14.63000, 33.67830
1464, 14.64000, 31.08479
1465, 14.65000, 25.93157
1466, 14.66000, 25.16323
1467, 14.67000, 28.12871
1468, 14.68000, 27.69137
1469, 14.69000, 27.86998
1470, 14.70000, 35.20450
1471, 14.71000, 26.15102
1472, 14.72000, 20.61135
1473, 14.73000, 25.48874
1474, 14.74000, 25.70836
1475, 14.75000, 25.50632
1476, 14.76000, 27.25749
1477, 14.77000, 31.05093
1478, 14.78000, 27.78899
1479, 14.79000, 27.24636
1480, 14.80000, 32.74151
1481, 14.81000, 27.75632
1482, 14.82000, 22.88890
1483, 14.83000, 24.11299
1484, 14.84000, 26.44317
1485, 14.85000, 25.44504
1486, 14.86000, 27.07815
1487, 14.87000, 32.03412
1488, 14.88000, 25.49898
1489, 14.89000, 18.83419
1490, 14.90000, 23.07454
1491, 14.91000, 23.77957
1492, 14.92000, 36.16069
1493, 14.93000, 23.24595
1494, 14.94000, 22.74953
1495, 14.95000, 25.09093
1496, 14.96000, 24.45938
1497, 14.97000, 25.38499
1498, 14.98000, 22.25785
1499, 14.99000, 23.18166
1500, 15.00000, 26.09805
1501, 15.01000, 31.30358
1502, 15.02000, 28.63134
1503, 15.03000, 30.42634
1504, 15.04000, 26.55674
1505, 15.05000, 30.12806
1506, 15.06000, 23.43667
1507, 15.07000, 19.55963
1508, 15.08000, 22.25493
1509, 15.09000, 31.53430
1510, 15.10000, 28.17214
1511, 15.11000, 30.46012
1512, 15.12000, 29.17646
1513, 15.13000, 31.81197
1514, 15.14000, 21.33384
1515, 15.15000, 20.96555
1516, 15.16000, 27.74147
1517, 15.17000, 28.59307
1518, 15.18000, 25.40825
1519, 15.19000, 30.65973
1520, 15.20000, 25.07150
1521, 15.21000, 22.13260
1522, 15.22000, 20.29472
1523, 15.23000, 21.39225
1524, 15.24000, 24.12022
1525, 15.25000, 24.83801
1526, 15.26000, 22.79947
1527, 15.27000, 27.34833
1528, 15.28000, 28.86171
1529, 15.29000, 29.14935
1530, 15.30000, 23.59407
1531, 15.31000, 22.68983
1532, 15.32000, 24.11301
1533, 15.33000, 24.18421
1534, 15.34000, 30.58125
1535, 15.35000, 21.37382
1536, 15.36000, 20.62238
1537, 15.37000, 25.31577
1538, 15.38000, 33.90358
1539, 15.39000, 28.74683
1540, 15.40000, 30.64869
1541, 15.41000, 36.46142
1542, 15.42000, 30.47891
1543, 15.43000, 27.89064
1544, 15.44000, 28.67309
1545, 15.45000, 29.56872
1546, 15.46000, 34.59745
1547, 15.47000, 29.02915
1548, 15.48000, 24.22575
1549, 15.49000, 25.90214
1550, 15.50000, 33.20525
1551, 15.51000, 33.19078
1552, 15.52000, 32.82341
1553, 15.53000, 31.47807
1554, 15.54000, 31.97778
1555, 15.55000, 28.93917
1556, 15.56000, 25.47981
1557, 15.57000, 30.66028
1558, 15.58000, 29.12857
1559, 15.59000, 35.11647
1560, 15.60000, 30.50775
1561, 15.61000, 26.44259
1562, 15.62000, 31.10912
1563, 15.63000, 28.43445
1564, 15.64000, 27.22147
1565, 15.65000, 23.88196
1566, 15.66000, 25.65403
1567, 15.67000, 23.00846
1568, 15.68000, 22.38433
1569, 15.69000, 27.83344
1570, 15.70000, 29.08408
1571, 15.71000, 27.69226
1572, 15.72000, 29.60582
1573, 15.73000, 29.08779
1574, 15.74000, 30.19423
1575, 15.75000, 28.92220
1576, 15.76000, 26.31737
1577, 15.77000, 29.87850
1578, 15.78000, 19.29568
1579, 15.79000, 25.31533
1580, 15.80000, 22.12812
1581, 15.81000, 18.45375
1582, 15.82000, 34.93513
1583, 15.83000, 26.32746
1584, 15.84000, 28.06650
1585, 15.85000, 24.47548
1586, 15.86000, 27.94816
1587, 15.87000, 24.93453
1588, 15.88000, 19.06172
1589, 15.89000, 25.36012
1590, 15.90000, 30.29759
1591, 15.91000, 24.94873
1592, 15.92000, 31.60006
1593, 15.93000, 26.52875
1594, 15.94000, 29.51299
1595, 15.95000, 32.04587
1596, 15.96000, 23.56246
1597, 15.97000, 21.07019
1598, 15.98000, 23.12004
1599, 15.99000, 29.04819
1600, 16.00000, 29.61598
1601, 16.01000, 26.01334
1602, 16.02000, 31.90984
1603, 16.03000, 29.03377
1604, 16.04000, 31.21083
1605, 16.05000, 28.32520
1606, 16.06000, 33.59970
1607, 16.07000, 29.37138
1608, 16.08000, 25.64967
1609, 16.09000, 28.88981
1610, 16.10000, 28.91066
1611, 16.11000, 27.12175
1612, 16.12000, 28.15745
1613, 16.13000, 20.29004
1614, 16.14000, 27.84075
1615, 16.15000, 31.45514
1616, 16.16000, 30.80014
1617, 16.17000, 27.34769
1618, 16.18000, 22.70882
1619, 16.19000, 25.37751
1620, 16.20000, 27.74170
1621, 16.21000, 27.37516
1622, 16.22000, 36.90956
1623, 16.23000, 28.48395
1624, 16.24000, 33.33370
1625, 16.25000, 28.16806
1626, 16.26000, 26.64612
1627, 16.27000, 29.05537
1628, 16.28000, 25.46707
1629, 16.29000, 25.22042
1630, 16.30000, 20.58236
1631, 16.31000, 19.72418
1632, 16.32000, 19.07517
1633, 16.33000, 26.64430
1634, 16.34000, 20.47848
1635, 16.35000, 27.71920
1636, 16.36000, 24.58259
1637, 16.37000, 30.90894
1638, 16.38000, 26.34354
1639, 16.39000, 27.48898
1640, 16.40000, 24.69341
1641, 16.41000, 34.13048
1642, 16.42000, 36.57439
1643, 16.43000, 24.85358
1644, 16.44000, 28.33947
1645, 16.45000, 24.83109
1646, 16.46000, 21.31489
1647, 16.47000, 19.19022
1648, 16.48000, 20.48156
1649, 16.49000, 22.69190
1650, 16.50000, 25.37855
1651, 16.51000, 27.40528
1652, 16.52000, 29.07568
1653, 16.53000, 23.27276
1654, 16.54000, 32.97480
1655, 16.55000, 25.13817
1656, 16.56000, 24.35832
1657, 16.57000, 21.90854
1658, 16.58000, 18.79394
1659, 16.59000, 29.22740
1660, 16.60000, 30.40411
1661, 16.61000, 23.77617
1662, 16.62000, 16.69614
1663, 16.63000, 17.94534
1664, 16.64000, 25.82016
1665, 16.65000, 28.47311
1666, 16.66000, 28.03576
1667, 16.67000, 23.43625
1668, 16.68000, 30.89740
1669, 16.69000, 24.93414
1670, 16.70000, 25.53743
1671, 16.71000, 30.95090
1672, 16.72000, 24.75313
1673, 16.73000, 31.41504
1674, 16.74000, 27.28908
1675, 16.75000, 26.41848
1676, 16.76000, 28.87451
1677, 16.77000, 30.00563
1678, 16.78000, 32.24211
1679, 16.79000, 26.50882
1680, 16.80000, 22.17732
1681, 16.81000, 28.31401
1682, 16.82000, 29.64049
1683, 16.83000, 26.86779
1684, 16.84000, 24.07552
1685, 16.85000, 24.31746
1686, 16.86000, 25.88129
1687, 16.87000, 28.58566
1688, 16.88000, 20.47865
1689, 16.89000, 30.28406
1690, 16.90000, 24.82439
1691, 16.91000, 25.33577
1692, 16.92000, 28.05757
1693, 16.93000, 27.99070
1694, 16.94000, 26.83897
1695, 16.95000, 19.66978
1696, 16.96000, 21.55554
1697, 16.97000, 24.42420
1698, 16.98000, 20.25645
1699, 16.99000, 24.94520
1700, 17.00000, 24.95646
1701, 17.01000, 26.91379
1702, 17.02000, 28.78648
1703, 17.03000, 28.54268
1704, 17.04000, 27.98103
1705, 17.05000, 22.49606
1706, 17.06000, 18.97644
1707, 17.07000, 21.03277
1708, 17.08000, 26.93212
1709, 17.09000, 32.26385
1710, 17.10000, 28.50998
1711, 17.11000, 26.55128
1712, 17.12000, 21.40552
1713, 17.13000, 18.87040
1714, 17.14000, 25.85374
1715, 17.15000, 22.70267
1716, 17.16000, 32.05665
1717, 17.17000, 24.15360
1718, 17.18000, 22.44399
1719, 17.19000, 27.19959
1720, 17.20000, 21.97588
1721, 17.21000, 20.92692
1722, 17.22000, 20.86004
1723, 17.23000, 23.66956
1724, 17.24000, 23.95866
1725, 17.25000, 24.80886
1726, 17.26000, 22.17645
1727, 17.27000, 19.67576
1728, 17.28000, 16.16936
1729, 17.29000, 14.57535
1730, 17.30000, 14.97747
1731, 17.31000, 17.35268
1732, 17.32000, 21.97617
1733, 17.33000, 19.93895
1734, 17.34000, 20.60204
1735, 17.35000, 22.54564
1736, 17.36000, 20.66018
1737, 17.37000, 21.57830
1738, 17.38000, 25.34094
1739, 17.39000, 20.75067
1740, 17.40000, 26.57412
1741, 17.41000, 20.49482
1742, 17.42000, 21.97608
1743, 17.43000, 21.08786
1744, 17.44000, 18.29402
1745, 17.45000, 15.07370
1746, 17.46000, 18.82922
1747, 17.47000, 20.58604
1748, 17.48000, 19.16905
1749, 17.49000, 19.36717
1750, 17.50000, 22.71997
1751, 17.51000, 24.84207
1752, 17.52000, 19.14042
1753, 17.53000, 19.30674
1754, 17.54000, 20.28236
1755, 17.55000, 25.09708
1756, 17.56000, 20.56666
1757, 17.57000, 20.33103
1758, 17.58000, 24.16893
1759, 17.59000, 25.86661
1760, 17.60000, 20.48210
1761, 17.61000, 15.72967
1762, 17.62000, 16.08033
1763, 17.63000, 16.84238
1764, 17.64000, 18.81021
1765, 17.65000, 19.92248
1766, 17.66000, 18.07105
1767, 17.67000, 23.53499
1768, 17.68000, 21.48996
1769, 17.69000, 19.47907
1770, 17.70000, 24.92959
1771, 17.71000, 18.67992
1772, 17.72000, 20.55019
1773, 17.73000, 20.35092
1774, 17.74000, 28.14177
1775, 17.75000, 22.38270
1776, 17.76000, 20.81635
1777, 17.77000, 15.10641
1778, 17.78000, 14.45976
1779, 17.79000, 14.52902
1780, 17.80000, 19.15461
1781, 17.81000, 21.07209
1782, 17.82000, 22.34585
1783, 17.83000, 23.78183
1784, 17.84000, 21.43512
1785, 17.85000, 19.50968
1786, 17.86000, 19.20273
1787, 17.87000, 19.84805
1788, 17.88000, 21.48408
1789, 17.89000, 22.99235
1790, 17.90000, 22.58131
1791, 17.91000, 22.77435
1792, 17.92000, 21.26617
1793, 17.93000, 18.75292
1794, 17.94000, 20.73029
1795, 17.95000, 16.01644
1796, 17.96000, 16.25354
1797, 17.97000, 14.07319
1798, 17.98000, 25.62374
1799, 17.99000, 18.99219
1800, 18.00000, 19.83185
1801, 18.01000, 22.06539
1802, 18.02000, 24.06275
1803, 18.03000, 25.77886
1804, 18.04000, 22.98257
1805, 18.05000, 18.98492
1806, 18.06000, 17.53823
1807, 18.07000, 18.61907
1808, 18.08000, 19.29335
1809, 18.09000, 24.09368
1810, 18.10000, 16.72411
1811, 18.11000, 17.54787
1812, 18.12000, 20.81592
1813, 18.13000, 22.00957
1814, 18.14000, 18.39902
1815, 18.15000, 16.05097
1816, 18.16000, 20.29843
1817, 18.17000, 20.74138
1818, 18.18000, 14.54944
1819, 18.19000, 22.70613
1820, 18.20000, 21.54080
1821, 18.21000, 21.35678
1822, 18.22000, 23.12834
1823, 18.23000, 24.59308
1824, 18.24000, 18.60692
1825, 18.25000, 19.77154
1826, 18.26000, 16.26205
1827, 18.27000, 16.65509
1828, 18.28000, 16.55799
1829, 18.29000, 18.33546
1830, 18.30000, 14.07532
1831, 18.31000, 18.15688
1832, 18.32000, 19.59505
1833, 18.33000, 18.67627
1834, 18.34000, 14.88614
1835, 18.35000, 20.83616
1836, 18.36000, 18.92015
1837, 18.37000, 17.04093
1838, 18.38000, 15.15159
1839, 18.39000, 15.22641
1840, 18.40000, 14.77645
1841, 18.41000, 14.54919
1842, 18.42000, 15.99780
1843, 18.43000, 13.14879
1844, 18.44000, 13.94053
1845, 18.45000, 13.43612
1846, 18.46000, 15.24887
1847, 18.47000, 16.60990
1848, 18.48000, 20.78478
1849, 18.49000, 15.76009
1850, 18.50000, 16.50646
1851, 18.51000, 15.10119
1852, 18.52000, 16.78273
1853, 18.53000, 13.32580
1854, 18.54000, 16.42635
1855, 18.55000, 17.24500
1856, 18.56000, 14.89145
1857, 18.57000, 15.71285
1858, 18.58000, 13.30186
1859, 18.59000, 13.92176
1860, 18.60000, 11.63557
1861, 18.61000, 12.03759
1862, 18.62000, 13.27670
1863, 18.63000, 11.15346
1864, 18.64000, 15.02680
1865, 18.65000, 14.82608
1866, 18.66000, 14.71935
1867, 18.67000, 14.61742
1868, 18.68000, 12.85035
1869, 18.69000, 14.46887
1870, 18.70000, 13.41457
1871, 18.71000, 14.81582
1872, 18.72000, 16.34646
1873, 18.73000, 16.03258
1874, 18.74000, 14.62676
1875, 18.75000, 12.08028
1876, 18.76000, 12.22637
1877, 18.77000, 9.99344
1878, 18.78000, 13.06017
1879, 18.79000, 13.86613
1880, 18.80000, 14.30285
1881, 18.81000, 14.32604
1882, 18.82000, 15.28324
1883, 18.83000, 16.14184
1884, 18.84000, 12.76355
1885, 18.85000, 13.38787
1886, 18.86000, 14.80138
1887, 18.87000, 14.83398
1888, 18.88000, 12.72875
1889, 18.89000, 12.17554
1890, 18.90000, 14.83223
1891, 18.91000, 12.95909
1892, 18.92000, 16.15201
1893, 18.93000, 10.87269
1894, 18.94000, 10.79491
1895, 18.95000, 9.92887
1896, 18.96000, 14.36036
1897, 18.97000, 12.88655
1898, 18.98000, 15.38292
1899, 18.99000, 13.10068
1900, 19.00000, 13.81122
1901, 19.01000, 13.49723
1902, 19.02000, 13.01558
1903, 19.03000, 15.49315
1904, 19.04000, 13.00585
1905, 19.05000, 14.06314
1906, 19.06000, 12.17810
1907, 19.07000, 13.70628
1908, 19.08000, 11.67201
1909, 19.09000, 11.23311
1910, 19.10000, 9.65843
1911, 19.11000, 10.29320
1912, 19.12000, 14.48780
1913, 19.13000, 12.23659
1914, 19.14000, 11.23891
1915, 19.15000, 11.10404
1916, 19.16000, 10.04580
1917, 19.17000, 10.33410
1918, 19.18000, 10.82609
1919, 19.19000, 9.84781
1920, 19.20000, 9.98595
1921, 19.21000, 10.90453
1922, 19.22000, 11.04156
1923, 19.23000, 12.07809
1924, 19.24000, 9.21817
1925, 19.25000, 11.40541
1926, 19.26000, 7.86198
1927, 19.27000, 8.55667
1928, 19.28000, 8.53871
1929, 19.29000, 11.60168
1930, 19.30000, 11.88326
1931, 19.31000, 9.86254
1932, 19.32000, 9.98438
1933, 19.33000, 10.61562
1934, 19.34000, 11.13006
1935, 19.35000, 8.67967
1936, 19.36000, 11.78901
1937, 19.37000, 9.76942
1938, 19.38000, 10.82305
1939, 19.39000, 10.47609
1940, 19.40000, 9.68324
1941, 19.41000, 8.47549
1942, 19.42000, 7.79021
1943, 19.43000, 8.17052
1944, 19.44000, 7.60936
1945, 19.45000, 6.78116
1946, 19.46000, 8.15329
1947, 19.47000, 7.81917
1948, 19.48000, 9.01549
1949, 19.49000, 8.30528
1950, 19.50000, 7.52633
1951, 19.51000, 7.28702
1952, 19.52000, 6.98851
1953, 19.53000, 6.59168
1954, 19.54000, 6.79158
1955, 19.55000, 6.62690
1956, 19.56000, 7.15681
1957, 19.57000, 7.08660
1958, 19.58000, 6.59847
1959, 19.59000, 5.78774
1960, 19.60000, 5.44101
1961, 19.61000, 5.06833
1962, 19.62000, 6.58538
1963, 19.63000, 8.35331
1964, 19.64000, 5.97500
1965, 19.65000, 6.43836
1966, 19.66000, 6.27769
1967, 19.67000, 6.01932
1968, 19.68000, 5.75515
1969, 19.69000, 6.02749
1970, 19.70000, 6.09111
1971, 19.71000, 6.11734
1972, 19.72000, 6.26429
1973, 19.73000, 6.19596
1974, 19.74000, 6.23000
1975, 19.75000, 5.37156
1976, 19.76000, 5.06458
1977, 19.77000, 4.98520
1978, 19.78000, 4.97708
1979, 19.79000, 6.77077
1980, 19.80000, 6.22999
1981, 19.81000, 6.92753
1982, 19.82000, 6.13531
1983, 19.83000, 5.73582
1984, 19.84000, 5.64451
1985, 19.85000, 5.60443
1986, 19.86000, 5.95732
1987, 19.87000, 5.76701
1988, 19.88000, 5.70432
1989, 19.89000, 5.71521
1990, 19.90000, 5.64858
1991, 19.91000, 5.64903
1992, 19.92000, 4.63012
1993, 19.93000, 4.69286
1994, 19.94000, 4.68029
1995, 19.95000, 5.75959
1996, 19.96000, 5.57691
1997, 19.97000, 5.73030
1998, 19.98000, 5.85744
1999, 19.99000, 5.67637
2000, 20.00000, 5.80745
2001, 20.01000, 5.62924
